   2.99792500000000000E+16   6.91781919404627429E-06   6.91781913026321274E-06
   2.99732893811905680E+16   6.92110221720486550E-06   7.09135320024411918E-06
   2.99673311321478200E+16   6.92438393513003311E-06   7.25834085417169760E-06
   2.99613752514588160E+16   6.92766434860000047E-06   7.41894107080015511E-06
   2.99554217377117360E+16   6.93094345839238112E-06   7.57330943808141566E-06
   2.99494705894958760E+16   6.93422126528416938E-06   7.72159822167739608E-06
   2.99435218054016640E+16   6.93749777005173786E-06   7.86395643211732332E-06
   2.99375753840206360E+16   6.94077297347084677E-06   8.00052989063398690E-06
   2.99316313239454600E+16   6.94404687631663545E-06   8.13146129369751392E-06
   2.99256896237699080E+16   6.94731947936363421E-06   8.25689027627800000E-06
   2.99197502820888800E+16   6.95059078338575163E-06   8.37695347385786195E-06
   2.99138132974983800E+16   6.95386078915628816E-06   8.49178458322008228E-06
   2.99078786685955360E+16   6.95712949744792671E-06   8.60151442203649754E-06
   2.99019463939785840E+16   6.96039690903273782E-06   8.70627098727909553E-06
   2.98960164722468720E+16   6.96366302468217878E-06   8.80617951247624922E-06
   2.98900889020008600E+16   6.96692784516709954E-06   8.90136252383864618E-06
   2.98841636818421200E+16   6.97019137125773256E-06   8.99193989527624013E-06
   2.98782408103733280E+16   6.97345360372370300E-06   9.07802890232583851E-06
   2.98723202861982680E+16   6.97671454333402784E-06   9.15974427501444227E-06
   2.98664021079218360E+16   6.97997419085710910E-06   9.23719824967528362E-06
   2.98604862741500280E+16   6.98323254706074573E-06   9.31050061974060397E-06
   2.98545727834899440E+16   6.98648961271212511E-06   9.37975878552719612E-06
   2.98486616345497880E+16   6.98974538857783155E-06   9.44507780303903091E-06
   2.98427528259388720E+16   6.99299987542383186E-06   9.50656043180190631E-06
   2.98368463562676000E+16   6.99625307401549823E-06   9.56430718175159664E-06
   2.98309422241474840E+16   6.99950498511758961E-06   9.61841635919370441E-06
   2.98250404281911240E+16   7.00275560949426523E-06   9.66898411185217248E-06
   2.98191409670122320E+16   7.00600494790907279E-06   9.71610447302597390E-06
   2.98132438392256000E+16   7.00925300112496535E-06   9.75986940486993747E-06
   2.98073490434471360E+16   7.01249976990428189E-06   9.80036884081713253E-06
   2.98014565782938200E+16   7.01574525500876760E-06   9.83769072716116473E-06
   2.97955664423837440E+16   7.01898945719955866E-06   9.87192106381296035E-06
   2.97896786343360800E+16   7.02223237723719580E-06   9.90314394424794121E-06
   2.97837931527711000E+16   7.02547401588161157E-06   9.93144159466139489E-06
   2.97779099963101600E+16   7.02871437389214643E-06   9.95689441234681253E-06
   2.97720291635757040E+16   7.03195345202753608E-06   9.97958100331006397E-06
   2.97661506531912720E+16   7.03519125104591567E-06   9.99957821913927659E-06
   2.97602744637814880E+16   7.03842777170482064E-06   1.00169611931387628E-05
   2.97544005939720520E+16   7.04166301476119944E-06   1.00318033757472706E-05
   2.97485290423897640E+16   7.04489698097138727E-06   1.00441765692513743E-05
   2.97426598076624960E+16   7.04812967109113489E-06   1.00541509618068901E-05
   2.97367928884192120E+16   7.05136108587558825E-06   1.00617951607858816E-05
   2.97309282832899480E+16   7.05459122607930295E-06   1.00671762254578293E-05
   2.97250659909058240E+16   7.05782009245623994E-06   1.00703596990215381E-05
   2.97192060098990440E+16   7.06104768575976219E-06   1.00714096399980011E-05
   2.97133483389028880E+16   7.06427400674263635E-06   1.00703886529992135E-05
   2.97074929765517080E+16   7.06749905615704463E-06   1.00673579188824021E-05
   2.97016399214809400E+16   7.07072283475456866E-06   1.00623772243036613E-05
   2.96957891723270920E+16   7.07394534328619887E-06   1.00555049906828824E-05
   2.96899407277277440E+16   7.07716658250233785E-06   1.00467983025894401E-05
   2.96840945863215520E+16   7.08038655315279356E-06   1.00363129355626594E-05
   2.96782507467482400E+16   7.08360525598678866E-06   1.00241033833763913E-05
   2.96724092076486080E+16   7.08682269175294781E-06   1.00102228847582900E-05
   2.96665699676645240E+16   7.09003886119931292E-06   9.99472344957717422E-06
   2.96607330254389280E+16   7.09325376507333126E-06   9.97765588450476286E-06
   2.96548983796158200E+16   7.09646740412186906E-06   9.95906981816607231E-06
   2.96490660288402720E+16   7.09967977909120300E-06   9.93901372578566770E-06
   2.96432359717584200E+16   7.10289089072701853E-06   9.91753495334173075E-06
   2.96374082070174680E+16   7.10610073977441836E-06   9.89467974123497921E-06
   2.96315827332656800E+16   7.10930932697791903E-06   9.87049324748563146E-06
   2.96257595491523840E+16   7.11251665308145094E-06   9.84501957046402182E-06
   2.96199386533279720E+16   7.11572271882835835E-06   9.81830177116695384E-06
   2.96141200444438880E+16   7.11892752496140785E-06   9.79038189504583419E-06
   2.96083037211526480E+16   7.12213107222277138E-06   9.76130099339822887E-06
   2.96024896821078120E+16   7.12533336135405256E-06   9.73109914432987376E-06
   2.95966779259640120E+16   7.12853439309625868E-06   9.69981547329550987E-06
   2.95908684513769240E+16   7.13173416818982443E-06   9.66748817322702723E-06
   2.95850612570032880E+16   7.13493268737459668E-06   9.63415452425785696E-06
   2.95792563415008960E+16   7.13812995138984714E-06   9.59985091305016755E-06
   2.95734537035285880E+16   7.14132596097426563E-06   9.56461285173320358E-06
   2.95676533417462640E+16   7.14452071686596088E-06   9.52847499646147101E-06
   2.95618552548148680E+16   7.14771421980246398E-06   9.49147116559829156E-06
   2.95560594413964000E+16   7.15090647052072830E-06   9.45363435753358122E-06
   2.95502659001539080E+16   7.15409746975712619E-06   9.41499676814249698E-06
   2.95444746297514800E+16   7.15728721824745821E-06   9.37558980789211421E-06
   2.95386856288542640E+16   7.16047571672694474E-06   9.33544411860320241E-06
   2.95328988961284480E+16   7.16366296593022760E-06   9.29458958987266771E-06
   2.95271144302412640E+16   7.16684896659137691E-06   9.25305537516679263E-06
   2.95213322298609840E+16   7.17003371944388930E-06   9.21086990758617092E-06
   2.95155522936569320E+16   7.17321722522068120E-06   9.16806091531486347E-06
   2.95097746202994720E+16   7.17639948465409732E-06   9.12465543675518809E-06
   2.95039992084600000E+16   7.17958049847591566E-06   9.08067983535706923E-06
   2.94982260568109640E+16   7.18276026741733064E-06   9.03615981414749226E-06
   2.94924551640258440E+16   7.18593879220897255E-06   8.99112042996426027E-06
   2.94866865287791560E+16   7.18911607358089402E-06   8.94558610740321993E-06
   2.94809201497464560E+16   7.19229211226258606E-06   8.89958065248083689E-06
   2.94751560256043440E+16   7.19546690898295357E-06   8.85312726602075189E-06
   2.94693941550304360E+16   7.19864046447035001E-06   8.80624855676776000E-06
   2.94636345367033960E+16   7.20181277945254609E-06   8.75896655423605191E-06
   2.94578771693029200E+16   7.20498385465674671E-06   8.71130272129593378E-06
   2.94521220515097320E+16   7.20815369080959008E-06   8.66327796650441112E-06
   2.94463691820055840E+16   7.21132228863714946E-06   8.61491265618476123E-06
   2.94406185594732640E+16   7.21448964886492552E-06   8.56622662626135038E-06
   2.94348701825965880E+16   7.21765577221785139E-06   8.51723919385094765E-06
   2.94291240500603960E+16   7.22082065942030203E-06   8.46796916862010184E-06
   2.94233801605505560E+16   7.22398431119607981E-06   8.41843486390917943E-06
   2.94176385127539640E+16   7.22714672826842464E-06   8.36865410763014136E-06
   2.94118991053585400E+16   7.23030791136001065E-06   8.31864425294122161E-06
   2.94061619370532280E+16   7.23346786119295036E-06   8.26842218870379959E-06
   2.94004270065279880E+16   7.23662657848879217E-06   8.21800434972466668E-06
   2.93946943124738120E+16   7.23978406396852036E-06   8.16740672678982940E-06
   2.93889638535827080E+16   7.24294031835256017E-06   8.11664487649131985E-06
   2.93832356285477040E+16   7.24609534236076849E-06   8.06573393085358958E-06
   2.93775096360628440E+16   7.24924913671245162E-06   8.01468860676229245E-06
   2.93717858748232000E+16   7.25240170212634157E-06   7.96352321519913078E-06
   2.93660643435248440E+16   7.25555303932062489E-06   7.91225167028717112E-06
   2.93603450408648800E+16   7.25870314901291804E-06   7.86088749815036842E-06
   2.93546279655414160E+16   7.26185203192028355E-06   7.80944384559078838E-06
   2.93489131162535800E+16   7.26499968875922404E-06   7.75793348858681110E-06
   2.93432004917015080E+16   7.26814612024568565E-06   7.70636884061666462E-06
   2.93374900905863560E+16   7.27129132709505291E-06   7.65476196081059532E-06
   2.93317819116102800E+16   7.27443531002215811E-06   7.60312456193330129E-06
   2.93260759534764560E+16   7.27757806974127703E-06   7.55146801820392685E-06
   2.93203722148890560E+16   7.28071960696612810E-06   7.49980337295204356E-06
   2.93146706945532800E+16   7.28385992240987409E-06   7.44814134611697414E-06
   2.93089713911753120E+16   7.28699901678512553E-06   7.39649234159068128E-06
   2.93032743034623600E+16   7.29013689080393556E-06   7.34486645440971179E-06
