       1       1      10      10       5       1   0.00000000000000000E+00
       1       2      10      10       5       1   0.00000000000000000E+00
       1       3      10      10       5       1   0.00000000000000000E+00
       1       4      10      10       5       1   0.00000000000000000E+00
       1       5      10      10       5       1   0.00000000000000000E+00
       1       6      10      10       5       1   0.00000000000000000E+00
       1       7      10      10       5       1   0.00000000000000000E+00
       1       8      10      10       5       1   0.00000000000000000E+00
       1       9      10      10       1       1   0.00000000000000000E+00
       2      11      35      35       5      11   1.63999999999999990E+00
       2      12      35      35       1      13   1.68000000000000007E+01
       2      13      35      35       1      11   2.28999999999999986E+01
       2      14      35      35       1      13   1.75000000000000000E+01
       2      15      35      35       1      11   2.03999999999999986E+01
       2      16      35      35       1      13   8.50000000000000000E+01
       2      17      35      35       1      11   1.02000000000000000E+02
       2      18      35      35       1      13   9.45000000000000000E+01
       2      19      35      35       1      13   5.25000000000000000E+01
       2      20      35      35       1      11   5.25000000000000000E+01
       2      21      35      35       1      11   1.05000000000000000E+02
       2      22      35      35       1      13   2.49000000000000000E+02
       2      23      35      35       1      11   2.88000000000000000E+02
       2      24      35      35       1      13   2.88000000000000000E+02
       2      25      35      35       1      13   2.19000000000000000E+02
       2      26      35      35       1      11   2.19000000000000000E+02
       2      27      35      35       1      13   8.85000000000000000E+01
       2      28      35      35       1      11   8.85000000000000000E+01
       2      29      35      35       1      11   3.04000000000000000E+02
       2      30      35      35       1       0   3.65000000000000000E+02
       2      31      35      35       1       0   3.65000000000000000E+02
       2      32      35      35       1       0   6.26000000000000000E+02
       2      33      35      35       1       0   9.95000000000000000E+02
       2      34      35      35       1       0   1.48500000000000000E+03
       3      35      55      55       5       1   0.00000000000000000E+00
       3      36      55      55       5       1   0.00000000000000000E+00
       3      37      55      55       5       1   0.00000000000000000E+00
       3      38      55      55       5       1   0.00000000000000000E+00
       3      39      55      55       5       1   0.00000000000000000E+00
       3      40      55      55       5       1   0.00000000000000000E+00
       3      41      55      55       5       1   0.00000000000000000E+00
       3      42      55      55       5       1   0.00000000000000000E+00
       3      43      55      55       5       1   0.00000000000000000E+00
       3      44      55      55       5       1   0.00000000000000000E+00
       3      45      55      55       5       1   0.00000000000000000E+00
       3      46      55      55       5       1   0.00000000000000000E+00
       3      47      55      55       5       1   0.00000000000000000E+00
       3      48      55      55       5       1   0.00000000000000000E+00
       3      49      55      55       5       1   0.00000000000000000E+00
       3      50      55      55       5       1   0.00000000000000000E+00
       3      51      55      55       5       1   0.00000000000000000E+00
       3      52      55      55       5       1   0.00000000000000000E+00
       3      53      55      55       5       1   0.00000000000000000E+00
       3      54      55      55       5       1   0.00000000000000000E+00
       4      56      96      96       1     123   1.75499999999999991E-18
       4      57      96      96       1     134   1.29000000000000007E-18
       4      58      96      96       1     135   1.36500000000000006E-18
       4      59      96      96       1     107   2.29000000000000014E-18
       4      60      96      96       1     192   5.31400000000000019E-20
       4      61      96      96       1     168   1.70700000000000009E-19
       4      62      96      96       1     167   1.40100000000000005E-19
       4      63      96      96       1     181   5.08800000000000039E-19
       4      64      96      96       1     167   2.42600000000000013E-19
       4      65      96      96       1     188   2.06000000000000002E-19
       4      66      96      96       1     184   3.25500000000000021E-19
       4      67      96      96       1     171   5.06299999999999956E-19
       4      68      96      96       1     172   6.02799999999999982E-19
       4      69      96      96       1     185   6.14299999999999978E-19
       4      70      96      96       1     176   2.87399999999999988E-18
       4      71      96      96       1     186   3.81199999999999992E-19
       4      72      96      96       1     173   2.47100000000000018E-18
       4      73      96      96       1     187   2.12499999999999986E-18
       4      74      96      96       1     177   6.40799999999999991E-19
       4      75      96      96       1     182   2.11400000000000008E-18
       4      76      96      96       1     180   1.61400000000000004E-18
       4      77      96      96       1     205   1.06400000000000008E-18
       4      78      96      96       1     191   7.45900000000000014E-19
       4      79      96      96       1     168   5.17400000000000036E-19
       4      80      96      96       1     188   5.30399999999999986E-19
       4      81      96      96       1     189   4.79200000000000019E-19
       4      82      96      96       1     176   5.15999999999999989E-19
       4      83      96      96       1     175   4.83199999999999960E-19
       4      84      96      96       1     105   1.46899999999999990E-19
       4      85      96      96       1     108   4.59899999999999956E-19
       4      86      96      96       1     109   1.75500000000000000E-19
       4      87      96      96       1     108   5.59199999999999979E-19
       4      88      96      96       1     107   6.03400000000000002E-19
       4      89      96      96       1     109   1.93900000000000009E-19
       4      90      96      96       1     108   6.43799999999999995E-19
       4      91      96      96       1     106   2.24199999999999980E-19
       4      92      96      96       1     107   7.57400000000000010E-19
       4      93      96      96       1     106   2.53199999999999980E-19
       4      94      96      96       1     107   8.46699999999999990E-19
       4      95      96      96       1     107   1.03800000000000003E-19
       5      96     118     118       1     126   9.22199999999999992E-19
       5      97     118     118       1     106   2.73599999999999992E-18
       5      98     118     118       1     143   4.02799999999999987E-19
       5      99     118     118       1     150   4.93199999999999994E-21
       5     100     118     118       1     160   2.33800000000000014E-21
       5     101     118     118       1     143   3.79899999999999997E-19
       5     102     118     118       1     141   8.87500000000000092E-19
       5     103     118     118       1     143   5.43400000000000032E-19
       5     104     118     118       1     155   7.83500000000000010E-19
       5     105     118     118       1     176   2.31900000000000007E-21
       5     106     118     118       1     161   2.94500000000000003E-19
       5     107     118     118       1     152   8.25100000000000043E-19
       5     108     118     118       1     115   7.59000000000000039E-20
       5     109     118     118       1     163   1.78899999999999988E-18
       5     110     118     118       1     195   4.53999999999999953E-19
       5     111     118     118       1     183   8.82299999999999920E-19
       5     112     118     118       1     168   2.79000000000000018E-19
       5     113     118     118       1     109   1.41999999999999996E-19
       5     114     118     118       1     110   3.85499999999999978E-20
       5     115     118     118       1     110   1.58400000000000010E-19
       5     116     118     118       1     107   2.17099999999999985E-19
       5     117     118     118       1     106   2.23800000000000015E-19
       6     118     164     164       1     125   4.56300000000000029E-19
       6     119     164     164       1     115   5.74600000000000009E-19
       6     120     164     164       1     123   5.38299999999999959E-19
       6     121     164     164       1     127   4.32999999999999978E-19
       6     122     164     164       1     126   7.78700000000000024E-18
       6     123     164     164       1     130   5.13500000000000002E-19
       6     124     164     164       1     140   3.26299999999999999E-19
       6     125     164     164       1     152   2.64600000000000021E-19
       6     126     164     164       1     141   8.57699999999999970E-19
       6     127     164     164       1     135   8.56400000000000023E-19
       6     128     164     164       1     146   1.10900000000000003E-18
       6     129     164     164       1     159   1.50300000000000006E-19
       6     130     164     164       1     182   1.11999999999999998E-21
       6     131     164     164       1     170   5.74800000000000015E-19
       6     132     164     164       1     176   6.75799999999999998E-19
       6     133     164     164       1     173   1.80400000000000012E-20
       6     134     164     164       1     157   1.32599999999999992E-18
       6     135     164     164       1     194   1.27499999999999996E-19
       6     136     164     164       1     178   1.16599999999999996E-17
       6     137     164     164       1     176   4.42899999999999970E-19
       6     138     164     164       1     172   2.39799999999999987E-18
       6     139     164     164       1     176   8.40699999999999983E-19
       6     140     164     164       1     177   3.93299999999999980E-18
       6     141     164     164       1     174   6.14799999999999995E-19
       6     142     164     164       1     198   2.70600000000000008E-18
       6     143     164     164       1     201   8.79799999999999933E-19
       6     144     164     164       1     197   3.75499999999999995E-19
       6     145     164     164       1     203   2.69699999999999998E-18
       6     146     164     164       1     201   7.22000000000000010E-18
       6     147     164     164       1     215   4.67799999999999966E-21
       6     148     164     164       1     207   4.51499999999999966E-19
       6     149     164     164       1     182   3.48200000000000004E-19
       6     150     164     164       1     202   5.88399999999999985E-19
       6     151     164     164       1     207   6.21899999999999980E-18
       6     152     164     164       1     199   5.31500000000000010E-20
       6     153     164     164       1     216   7.00200000000000037E-19
       6     154     164     164       1     186   4.70700000000000014E-20
       6     155     164     164       1     206   2.09299999999999991E-19
       6     156     164     164       1     191   7.72300000000000024E-20
       6     157     164     164       1     210   2.76999999999999999E-19
       6     158     164     164       1     194   8.99399999999999958E-20
       6     159     164     164       1     209   3.52199999999999992E-19
       6     160     164     164       1     191   1.09700000000000007E-19
       6     161     164     164       1     218   4.49299999999999990E-19
       6     162     164     164       1     185   1.00200000000000004E-19
       6     163     164     164       1     214   3.73999999999999994E-19
       7     165     199     199       1     111   1.30600000000000002E-18
       7     166     199     199       1     126   1.11799999999999994E-18
       7     167     199     199       1     131   7.86200000000000004E-19
       7     168     199     199       1     173   1.37799999999999995E-20
       7     169     199     199       1     189   6.01100000000000022E-20
       7     170     199     199       1     154   1.11100000000000005E-19
       7     171     199     199       1     187   4.23600000000000003E-19
       7     172     199     199       1     159   2.89300000000000023E-19
       7     173     199     199       1     169   2.41599999999999980E-19
       7     174     199     199       1     183   2.01800000000000007E-19
       7     175     199     199       1     191   1.93100000000000007E-19
       7     176     199     199       1     189   1.45200000000000005E-19
       7     177     199     199       1     180   3.38200000000000009E-19
       7     178     199     199       1     172   7.15000000000000023E-20
       7     179     199     199       1     203   3.96999999999999987E-19
       7     180     199     199       1     184   1.92600000000000000E-18
       7     181     199     199       1     175   2.08099999999999994E-18
       7     182     199     199       1     165   1.85800000000000005E-18
       7     183     199     199       1     186   1.98400000000000000E-18
       7     184     199     199       1     171   1.88599999999999983E-18
       7     185     199     199       1     187   1.74900000000000009E-18
       7     186     199     199       1     193   1.26999999999999998E-18
       7     187     199     199       1     166   9.15199999999999953E-19
       7     188     199     199       1     172   8.03199999999999990E-19
       7     189     199     199       1     212   6.44200000000000008E-19
       7     190     199     199       1     195   4.92999999999999996E-19
       7     191     199     199       1     226   3.22700000000000024E-19
       7     192     199     199       1     113   1.11599999999999997E-19
       7     193     199     199       1     111   2.07500000000000003E-19
       7     194     199     199       1     107   1.20199999999999994E-19
       7     195     199     199       1     111   2.58800000000000021E-19
       7     196     199     199       1     108   1.49299999999999997E-19
       7     197     199     199       1     106   2.10099999999999993E-19
       7     198     199     199       1     109   4.32600000000000013E-19
       8     199     241     241       1     115   1.56700000000000002E-18
       8     200     241     241       1     115   1.67499999999999995E-18
       8     201     241     241       1     113   1.93599999999999994E-18
       8     202     241     241       1     107   2.29800000000000002E-18
       8     203     241     241       1     139   4.20900000000000010E-19
       8     204     241     241       1     141   5.35499999999999962E-19
       8     205     241     241       1     164   1.65999999999999998E-19
       8     206     241     241       1     154   3.53599999999999990E-19
       8     207     241     241       1     156   1.89199999999999998E-19
       8     208     241     241       1     175   1.19100000000000006E-19
       8     209     241     241       1     147   5.16199999999999996E-19
       8     210     241     241       1     149   5.81400000000000042E-19
       8     211     241     241       1     169   1.30299999999999992E-19
       8     212     241     241       1     150   4.19899999999999977E-19
       8     213     241     241       1     156   6.32400000000000001E-19
       8     214     241     241       1     150   7.99799999999999974E-19
       8     215     241     241       1     149   8.73700000000000019E-19
       8     216     241     241       1     161   1.14699999999999994E-18
       8     217     241     241       1     165   1.04199999999999993E-18
       8     218     241     241       1     167   1.03099999999999995E-18
       8     219     241     241       1     169   9.72500000000000025E-19
       8     220     241     241       1     168   9.23699999999999946E-19
       8     221     241     241       1     165   7.99100000000000047E-19
       8     222     241     241       1     181   2.48999999999999985E-19
       8     223     241     241       1     169   2.62299999999999993E-19
       8     224     241     241       1     156   5.02100000000000009E-19
       8     225     241     241       1     110   5.45200000000000020E-20
       8     226     241     241       1     117   1.81500000000000007E-19
       8     227     241     241       1     166   8.56800000000000036E-19
       8     228     241     241       1     156   1.05800000000000007E-18
       8     229     241     241       1     112   9.02600000000000040E-20
       8     230     241     241       1     113   2.43700000000000001E-19
       8     231     241     241       1     111   8.12300000000000027E-20
       8     232     241     241       1     110   2.50699999999999993E-19
       8     233     241     241       1     119   6.47400000000000018E-19
       8     234     241     241       1     119   5.42299999999999996E-19
       8     235     241     241       1     112   9.70799999999999993E-20
       8     236     241     241       1     111   3.00199999999999999E-19
       8     237     241     241       1     128   9.59699999999999986E-19
       8     238     241     241       1       2   2.73599999999999992E-18
       8     239     241     241       1       2   3.12900000000000007E-18
       8     240     241     241       1       2   3.68200000000000013E-18
       9     241     273     273       1     126   4.50900000000000043E-19
       9     242     273     273       1     126   4.50900000000000043E-19
       9     243     273     273       1     108   1.46900000000000004E-18
       9     244     273     273       1     125   1.90399999999999989E-19
       9     245     273     273       1     133   2.00900000000000001E-21
       9     246     273     273       1     134   3.45399999999999983E-20
       9     247     273     273       1     130   2.65900000000000010E-17
       9     248     273     273       1     151   1.96499999999999986E-21
       9     249     273     273       1     128   1.48299999999999988E-19
       9     250     273     273       1     161   7.38000000000000065E-21
       9     251     273     273       1     129   9.58899999999999959E-19
       9     252     273     273       1     137   5.65300000000000013E-20
       9     253     273     273       1     112   2.86899999999999991E-18
       9     254     273     273       1     152   7.29799999999999997E-21
       9     255     273     273       1     142   3.67600000000000022E-19
       9     256     273     273       1     199   1.60600000000000008E-21
       9     257     273     273       1     165   1.70600000000000006E-22
       9     258     273     273       1     112   1.70200000000000007E-18
       9     259     273     273       1     150   8.76000000000000000E-19
       9     260     273     273       1     112   2.30599999999999990E-18
       9     261     273     273       1     111   3.72300000000000014E-18
       9     262     273     273       1     155   7.90000000000000033E-19
       9     263     273     273       1     154   5.91599999999999995E-19
       9     264     273     273       1     171   8.71200000000000009E-20
       9     265     273     273       1     174   1.40799999999999996E-21
       9     266     273     273       1     107   4.95499999999999989E-21
       9     267     273     273       1     109   1.04600000000000006E-19
       9     268     273     273       1     108   1.75199999999999990E-19
       9     269     273     273       1     110   1.99000000000000010E-19
       9     270     273     273       1     108   2.23199999999999995E-19
       9     271     273     273       1     113   2.04299999999999993E-19
       9     272     273     273       1     106   4.62799999999999980E-20
      10     274     307     307       1     109   3.87550000000000010E-19
      10     275     307     307       1     108   3.40240000000000000E-19
      10     276     307     307       1     107   2.39489999999999977E-19
      10     277     307     307       1     113   5.68620000000000027E-21
      10     278     307     307       1     115   9.85149999999999946E-21
      10     279     307     307       1     108   4.26099999999999990E-19
      10     280     307     307       1     112   1.99120000000000000E-19
      10     281     307     307       1     114   1.12899999999999998E-21
      10     282     307     307       1     119   4.66869999999999963E-22
      10     283     307     307       1     111   2.02219999999999992E-18
      10     284     307     307       1     112   2.00469999999999982E-18
      10     285     307     307       1     109   1.24409999999999999E-18
      10     286     307     307       1     112   6.82530000000000019E-19
      10     287     307     307       1     120   1.00929999999999995E-19
      10     288     307     307       1     112   2.25470000000000014E-20
      10     289     307     307       1     120   2.23330000000000014E-20
      10     290     307     307       1     116   9.74280000000000027E-19
      10     291     307     307       1     109   3.52189999999999973E-18
      10     292     307     307       1     113   3.74840000000000002E-18
      10     293     307     307       1     109   2.87960000000000019E-20
      10     294     307     307       1     113   2.08740000000000016E-18
      10     295     307     307       1     110   2.21110000000000012E-18
      10     296     307     307       1     112   1.43039999999999992E-18
      10     297     307     307       1     110   1.13440000000000006E-19
      10     298     307     307       1     113   2.36839999999999985E-19
      10     299     307     307       1     110   1.55670000000000002E-19
      10     300     307     307       1     114   3.58040000000000013E-19
      10     301     307     307       1     111   1.93629999999999991E-19
      10     302     307     307       1     110   4.98450000000000032E-19
      10     303     307     307       1     111   2.46640000000000022E-19
      10     304     307     307       1     112   5.96380000000000000E-19
      10     305     307     307       1     114   2.76369999999999988E-19
      10     306     307     307       1     113   5.82580000000000023E-19
      11     307     355     355       1     109   1.70999999999999995E-18
      11     308     355     355       1     118   5.69000000000000015E-19
      11     309     355     355       1     115   1.07000000000000008E-18
      11     310     355     355       1     137   3.09200000000000009E-20
      11     311     355     355       1     156   5.46199999999999963E-21
      11     312     355     355       1     156   2.16799999999999999E-19
      11     313     355     355       1     186   8.48399999999999950E-20
      11     314     355     355       1     175   4.73300000000000013E-21
      11     315     355     355       1     152   2.61899999999999980E-19
      11     316     355     355       1     145   3.46700000000000002E-19
      11     317     355     355       1     173   2.19400000000000013E-20
      11     318     355     355       1     151   2.80899999999999984E-19
      11     319     355     355       1     157   3.86100000000000010E-19
      11     320     355     355       1     157   4.47100000000000013E-19
      11     321     355     355       1     168   3.20800000000000009E-19
      11     322     355     355       1     153   3.83799999999999982E-19
      11     323     355     355       1     155   1.25499999999999998E-20
      11     324     355     355       1     173   6.54099999999999976E-20
      11     325     355     355       1     187   6.93399999999999980E-20
      11     326     355     355       1     160   1.29500000000000004E-18
      11     327     355     355       1     172   1.02499999999999994E-18
      11     328     355     355       1     166   9.95700000000000049E-20
      11     329     355     355       1     162   1.21900000000000002E-18
      11     330     355     355       1     162   1.09700000000000002E-18
      11     331     355     355       1     184   7.71099999999999984E-19
      11     332     355     355       1     170   8.74999999999999966E-19
      11     333     355     355       1     169   1.89899999999999997E-19
      11     334     355     355       1     199   1.00200000000000004E-19
      11     335     355     355       1     161   3.50699999999999991E-19
      11     336     355     355       1       2   1.34300000000000010E-18
      11     337     355     355       1     156   3.81199999999999992E-19
      11     338     355     355       1     175   3.78900000000000012E-19
      11     339     355     355       1     158   2.81800000000000014E-19
      11     340     355     355       1     171   4.60499999999999976E-19
      11     341     355     355       1     170   4.76300000000000019E-19
      11     342     355     355       1     112   7.69799999999999941E-20
      11     343     355     355       1     109   7.45099999999999987E-20
      11     344     355     355       1     111   5.43499999999999987E-20
      11     345     355     355       1     106   4.68500000000000025E-20
      11     346     355     355       1     114   8.20000000000000018E-20
      11     347     355     355       1     111   1.41899999999999992E-19
      11     348     355     355       1       2   2.11499999999999992E-18
      11     349     355     355       1     114   9.89699999999999970E-20
      11     350     355     355       1     111   2.02099999999999993E-19
      11     351     355     355       1     116   1.09000000000000007E-19
      11     352     355     355       1     111   2.01600000000000000E-19
      11     353     355     355       1     117   3.99799999999999983E-19
      11     354     355     355       1     108   1.72399999999999994E-19
      12     355     396     396       1     118   1.16200000000000006E-18
      12     356     396     396       1     112   1.11600000000000007E-18
      12     357     396     396       1     116   1.63200000000000006E-18
      12     358     396     396       1     109   2.77499999999999987E-18
      12     359     396     396       1     130   2.66599999999999991E-19
      12     360     396     396       1     132   8.03499999999999952E-20
      12     361     396     396       1     140   6.34399999999999948E-20
      12     362     396     396       1     139   8.15300000000000067E-21
      12     363     396     396       1     148   3.86500000000000023E-19
      12     364     396     396       1     130   2.93000000000000001E-19
      12     365     396     396       1     145   9.66599999999999926E-19
      12     366     396     396       1     166   1.16500000000000001E-20
      12     367     396     396       1     130   4.16900000000000022E-19
      12     368     396     396       1     134   6.48399999999999955E-19
      12     369     396     396       1     136   3.03099999999999999E-19
      12     370     396     396       1     172   3.33600000000000011E-21
      12     371     396     396       1     141   7.27299999999999974E-19
      12     372     396     396       1     142   5.64199999999999952E-19
      12     373     396     396       1     144   9.21100000000000052E-19
      12     374     396     396       1     148   4.09999999999999985E-19
      12     375     396     396       1     154   3.56299999999999984E-19
      12     376     396     396       1     148   3.76399999999999977E-19
      12     377     396     396       1     156   3.95399999999999982E-19
      12     378     396     396       1     149   3.43199999999999982E-19
      12     379     396     396       1     157   3.95200000000000023E-19
      12     380     396     396       1       2   8.10899999999999957E-19
      12     381     396     396       1     193   1.02300000000000005E-21
      12     382     396     396       1     175   2.00799999999999998E-19
      12     383     396     396       1     106   2.85199999999999971E-23
      12     384     396     396       1     111   4.53199999999999975E-20
      12     385     396     396       1     111   1.41799999999999989E-19
      12     386     396     396       1     107   3.84700000000000012E-19
      12     387     396     396       1     113   5.85999999999999954E-20
      12     388     396     396       1     109   1.76699999999999992E-19
      12     389     396     396       1     114   7.55599999999999975E-20
      12     390     396     396       1     110   2.13200000000000000E-19
      12     391     396     396       1     110   7.99700000000000042E-20
      12     392     396     396       1     110   2.58099999999999998E-19
      12     393     396     396       1       2   2.25900000000000007E-18
      12     394     396     396       1       2   2.26299999999999982E-18
      12     395     396     396       1       2   2.92100000000000010E-18
      13     397     432     432       1     107   6.00259999999999975E-19
      13     398     432     432       1     110   8.98220000000000049E-21
      13     399     432     432       1     109   2.76100000000000006E-20
      13     400     432     432       1     107   9.99649999999999915E-19
      13     401     432     432       1     106   6.90440000000000022E-19
      13     402     432     432       1     108   5.19300000000000002E-19
      13     403     432     432       1     107   6.32900000000000018E-19
      13     404     432     432       1     108   6.39799999999999958E-19
      13     405     432     432       1     111   1.10849999999999997E-19
      13     406     432     432       1     112   6.00970000000000051E-20
      13     407     432     432       1     108   9.85229999999999981E-20
      13     408     432     432       1     112   1.64820000000000002E-18
      13     409     432     432       1     106   1.85469999999999985E-18
      13     410     432     432       1     107   1.78720000000000001E-18
      13     411     432     432       1     108   1.78669999999999990E-18
      13     412     432     432       1     109   2.09489999999999992E-18
      13     413     432     432       1     111   2.08709999999999986E-18
      13     414     432     432       1     108   2.36570000000000005E-18
      13     415     432     432       1     106   1.66669999999999996E-18
      13     416     432     432       1     108   1.43290000000000009E-18
      13     417     432     432       1     107   1.62790000000000002E-18
      13     418     432     432       1     107   1.78730000000000011E-18
      13     419     432     432       1     108   4.37339999999999997E-19
      13     420     432     432       1     109   1.63879999999999990E-19
      13     421     432     432       1     112   5.41499999999999969E-19
      13     422     432     432       1     111   2.09230000000000003E-19
      13     423     432     432       1     112   6.53379999999999966E-19
      13     424     432     432       1     110   2.66649999999999993E-19
      13     425     432     432       1     111   7.11189999999999988E-19
      13     426     432     432       1     109   3.81220000000000002E-19
      13     427     432     432       1     111   1.08520000000000001E-18
      13     428     432     432       1     110   4.87480000000000044E-19
      13     429     432     432       1     111   1.41299999999999992E-18
      13     430     432     432       1     113   1.45639999999999991E-19
      13     431     432     432       1     113   4.24239999999999996E-19
      14     432     464     464       1     113   1.55199999999999991E-18
      14     433     464     464       1     164   1.61500000000000005E-20
      14     434     464     464       1     125   9.00099999999999957E-20
      14     435     464     464       1     136   8.95199999999999963E-20
      14     436     464     464       1     122   1.30899999999999988E-19
      14     437     464     464       1     146   1.02899999999999998E-19
      14     438     464     464       1     120   1.12899999999999992E-19
      14     439     464     464       1     124   1.16599999999999995E-19
      14     440     464     464       1     129   9.74299999999999989E-20
      14     441     464     464       1     120   8.71799999999999956E-20
      14     442     464     464       1     145   2.66299999999999981E-19
      14     443     464     464       1     155   1.66000000000000003E-18
      14     444     464     464       1     166   1.70899999999999992E-19
      14     445     464     464       1     161   7.76899999999999984E-20
      14     446     464     464       1     158   2.49800000000000011E-18
      14     447     464     464       1     133   1.19100000000000006E-18
      14     448     464     464       1     141   1.00799999999999995E-18
      14     449     464     464       1     131   1.06900000000000005E-18
      14     450     464     464       1     129   1.02800000000000004E-18
      14     451     464     464       1     131   8.96200000000000092E-19
      14     452     464     464       1     139   9.15999999999999979E-19
      14     453     464     464       1     134   1.96600000000000003E-19
      14     454     464     464       1     153   1.18400000000000007E-19
      14     455     464     464       1     137   1.74600000000000006E-20
      14     456     464     464       1     167   3.80100000000000028E-20
      14     457     464     464       1     150   5.11899999999999973E-20
      14     458     464     464       1     207   9.17800000000000039E-20
      14     459     464     464       1     143   7.99900000000000025E-20
      14     460     464     464       1     175   1.59600000000000002E-19
      14     461     464     464       1     217   2.63200000000000023E-19
      14     462     464     464       1     140   1.10099999999999996E-19
      14     463     464     464       1     172   1.46899999999999990E-19
      15     464     498     498       1     114   9.84300000000000032E-19
      15     465     498     498       1     116   1.16600000000000000E-18
      15     466     498     498       1     114   1.22199999999999993E-18
      15     467     498     498       1     146   8.48300000000000043E-19
      15     468     498     498       1     151   4.26899999999999980E-20
      15     469     498     498       1     121   3.26899999999999971E-20
      15     470     498     498       1     127   1.69199999999999993E-18
      15     471     498     498       1     119   3.02999999999999996E-19
      15     472     498     498       1     160   6.58400000000000022E-20
      15     473     498     498       1     135   2.81800000000000014E-19
      15     474     498     498       1     143   1.11000000000000002E-19
      15     475     498     498       1     161   2.73100000000000026E-20
      15     476     498     498       1     156   5.67200000000000028E-20
      15     477     498     498       1     157   8.00800000000000007E-20
      15     478     498     498       1     135   2.23900000000000018E-19
      15     479     498     498       1     155   1.15199999999999994E-20
      15     480     498     498       1     127   5.65199999999999985E-19
      15     481     498     498       1     133   2.46499999999999998E-19
      15     482     498     498       1     142   4.67700000000000023E-19
      15     483     498     498       1     165   2.05300000000000002E-19
      15     484     498     498       1     108   4.01000000000000026E-21
      15     485     498     498       1     110   6.43800000000000027E-22
      15     486     498     498       1     132   1.21400000000000010E-19
      15     487     498     498       1     124   2.71800000000000019E-19
      15     488     498     498       1     114   1.51599999999999995E-20
      15     489     498     498       1     112   5.04099999999999979E-19
      15     490     498     498       1     108   2.87800000000000009E-20
      15     491     498     498       1     112   1.58599999999999987E-20
      15     492     498     498       1     111   2.20100000000000012E-20
      15     493     498     498       1     105   3.89800000000000025E-20
      15     494     498     498       1     109   5.82600000000000009E-20
      15     495     498     498       1     112   1.66400000000000011E-19
      15     496     498     498       1     109   4.82400000000000017E-20
      15     497     498     498       1     109   8.36600000000000016E-20
      16     499     524     524       1     107   4.01199999999999994E-20
      16     500     524     524       1     111   9.02800000000000023E-20
      16     501     524     524       1     111   9.02800000000000023E-20
      16     502     524     524       1     110   3.04400000000000006E-20
      16     503     524     524       1     110   1.06699999999999998E-18
      16     504     524     524       1     112   2.85900000000000006E-19
      16     505     524     524       1     113   2.27800000000000003E-20
      16     506     524     524       1     109   1.97499999999999989E-18
      16     507     524     524       1     110   1.87599999999999987E-20
      16     508     524     524       1     112   5.89100000000000008E-19
      16     509     524     524       1     115   1.63699999999999994E-20
      16     510     524     524       1     110   2.84499999999999988E-18
      16     511     524     524       1     109   5.96499999999999941E-20
      16     512     524     524       1       2   1.97600000000000012E-18
      16     513     524     524       1     115   9.55999999999999959E-19
      16     514     524     524       1     118   1.09499999999999994E-20
      16     515     524     524       1     111   3.60000000000000010E-18
      16     516     524     524       1     110   1.22800000000000008E-19
      16     517     524     524       1       2   2.37200000000000017E-18
      16     518     524     524       1       2   2.37200000000000017E-18
      16     519     524     524       1     113   1.46300000000000003E-18
      16     520     524     524       1     103   1.41899999999999992E-19
      16     521     524     524       1     103   1.58100000000000000E-19
      16     522     524     524       1     103   1.57600000000000008E-19
      16     523     524     524       1     103   1.57600000000000008E-19
      17     525     591     591       1     180   8.76200000000000006E-19
      17     526     591     591       1     149   9.22100000000000085E-19
      17     527     591     591       1     189   2.67999999999999999E-18
      17     528     591     591       1     185   4.52399999999999996E-18
      17     529     591     591       1     171   6.43199999999999975E-19
      17     530     591     591       1     152   1.52800000000000003E-21
      17     531     591     591       1     157   1.00699999999999992E-18
      17     532     591     591       1     198   7.53899999999999971E-18
      17     533     591     591       1     204   2.07899999999999988E-18
      17     534     591     591       1     161   2.85100000000000008E-18
      17     535     591     591       1     171   6.36299999999999996E-18
      17     536     591     591       1     208   5.13299999999999996E-19
      17     537     591     591       1     200   3.30499999999999994E-19
      17     538     591     591       1     216   1.12699999999999994E-17
      17     539     591     591       1     163   2.72599999999999987E-21
      17     540     591     591       1     219   5.61899999999999991E-18
      17     541     591     591       1     174   2.36299999999999996E-19
      17     542     591     591       1     221   6.35199999999999979E-18
      17     543     591     591       1     173   2.44899999999999983E-18
      17     544     591     591       1     198   1.62799999999999993E-18
      17     545     591     591       1     191   1.41099999999999996E-17
      17     546     591     591       1     187   8.52500000000000014E-20
      17     547     591     591       1     175   4.26200000000000012E-18
      17     548     591     591       1     199   6.53599999999999973E-18
      17     549     591     591       1     216   1.06800000000000002E-17
      17     550     591     591       1     199   1.02999999999999991E-18
      17     551     591     591       1     181   5.96999999999999980E-22
      17     552     591     591       1     214   3.47799999999999969E-21
      17     553     591     591       1     150   2.07000000000000016E-18
      17     554     591     591       1     190   6.43699999999999991E-19
      17     555     591     591       1     193   4.80999999999999983E-18
      17     556     591     591       1     194   1.12499999999999995E-17
      17     557     591     591       1     226   4.89799999999999967E-18
      17     558     591     591       1     203   5.91100000000000036E-18
      17     559     591     591       1     200   5.89899999999999997E-18
      17     560     591     591       1     190   1.01600000000000002E-18
      17     561     591     591       1     187   1.95500000000000000E-18
      17     562     591     591       1     188   3.49899999999999964E-18
      17     563     591     591       1     199   1.01900000000000005E-17
      17     564     591     591       1     199   9.06499999999999953E-19
      17     565     591     591       1     200   4.27399999999999975E-18
      17     566     591     591       1     202   1.48299999999999989E-17
      17     567     591     591       1     197   1.28300000000000003E-17
      17     568     591     591       1     197   5.81400000000000003E-18
      17     569     591     591       1     150   4.38299999999999971E-18
      17     570     591     591       1     200   1.74200000000000005E-18
      17     571     591     591       1     197   7.26200000000000034E-18
      17     572     591     591       1     202   1.26800000000000003E-17
      17     573     591     591       1     205   1.04500000000000006E-17
      17     574     591     591       1     212   1.85999999999999996E-17
      17     575     591     591       1     206   1.78999999999999987E-17
      17     576     591     591       1     208   1.13900000000000003E-17
      17     577     591     591       1     150   5.26600000000000033E-18
      17     578     591     591       1     150   4.79400000000000007E-18
      17     579     591     591       1     150   4.94599999999999972E-18
      17     580     591     591       1     219   2.01200000000000008E-17
      17     581     591     591       1     216   2.00800000000000010E-17
      17     582     591     591       1     150   5.89499999999999983E-18
      17     583     591     591       1     236   3.55400000000000004E-17
      17     584     591     591       1     239   1.25100000000000005E-17
      17     585     591     591       1     213   2.87000000000000014E-18
      17     586     591     591       1     247   2.70600000000000008E-18
      17     587     591     591       1     257   1.63599999999999990E-19
      17     588     591     591       1     150   9.55799999999999952E-18
      17     589     591     591       1     150   1.04500000000000006E-17
      17     590     591     591       1     150   1.08500000000000000E-17
      18     591     615     615       1     106   7.78400000000000034E-20
      18     592     615     615       1       1   3.89200000000000017E-19
      18     593     615     615       1     128   1.23899999999999996E-19
      18     594     615     615       1     119   1.50699999999999995E-18
      18     595     615     615       1     119   1.44400000000000002E-17
      18     596     615     615       1     144   1.87399999999999981E-18
      18     597     615     615       1       1   9.37100000000000044E-18
      18     598     615     615       1     119   6.14799999999999995E-19
      18     599     615     615       1     136   1.50100000000000006E-20
      18     600     615     615       1     157   2.01599999999999990E-18
      18     601     615     615       1       1   1.00800000000000003E-17
      18     602     615     615       1       1   3.53499999999999987E-19
      18     603     615     615       1     141   6.62999999999999982E-21
      18     604     615     615       1       1   3.31499999999999991E-20
      18     605     615     615       1     116   6.49100000000000036E-17
      18     606     615     615       1     116   3.57099999999999987E-17
      18     607     615     615       1     116   8.12600000000000006E-17
      18     608     615     615       1     116   5.72600000000000050E-17
      18     609     615     615       1     116   1.07400000000000005E-16
      18     610     615     615       1     116   5.75299999999999951E-17
      18     611     615     615       1     116   9.85399999999999949E-17
      18     612     615     615       1     116   7.65299999999999957E-17
      18     613     615     615       1     116   1.20800000000000010E-16
      18     614     615     615       1     116   9.66100000000000059E-17
