         1   1.00000003527745307E+02   8.19146318763329973E+00
         2   1.00019889963778070E+02   8.19193764993026896E+00
         3   1.00039776399810847E+02   8.19241169872140773E+00
         4   1.00059662835843611E+02   8.19288533460024659E+00
         5   1.00079549271876374E+02   8.19335855815909753E+00
         6   1.00099435707909151E+02   8.19383136998905748E+00
         7   1.00119322143941915E+02   8.19430377068001192E+00
         8   1.00139208579974692E+02   8.19477576082063308E+00
         9   1.00159095016007456E+02   8.19524734099839236E+00
        10   1.00178981452040233E+02   8.19571851179955857E+00
        11   1.00198867888072996E+02   8.19618927380919615E+00
        12   1.00218754324105760E+02   8.19665962761117939E+00
        13   1.00238640760138537E+02   8.19712957378818885E+00
        14   1.00258527196171300E+02   8.19759911292171140E+00
        15   1.00278413632204078E+02   8.19806824559205261E+00
        16   1.00298300068236841E+02   8.19853697237833146E+00
        17   1.00318186504269619E+02   8.19900529385848742E+00
        18   1.00338072940302382E+02   8.19947321060928580E+00
        19   1.00357959376335160E+02   8.19994072320631595E+00
        20   1.00377845812367923E+02   8.20040783222399661E+00
        21   1.00397732248400686E+02   8.20087453823557944E+00
        22   1.00417618684433450E+02   8.20134084181315259E+00
        23   1.00437505120466227E+02   8.20180674352764072E+00
        24   1.00457391556499005E+02   8.20227224394881382E+00
        25   1.00477277992531768E+02   8.20273734364528373E+00
        26   1.00497164428564531E+02   8.20320204318451118E+00
        27   1.00517050864597309E+02   8.20366634313280940E+00
        28   1.00536937300630072E+02   8.20413024405534586E+00
        29   1.00556823736662849E+02   8.20459374651614226E+00
        30   1.00576710172695613E+02   8.20505685107808347E+00
        31   1.00596596608728390E+02   8.20551955830291924E+00
        32   1.00616483044761154E+02   8.20598186875126068E+00
        33   1.00636369480793917E+02   8.20644378298259092E+00
        34   1.00656255916826694E+02   8.20690530155526510E+00
        35   1.00676142352859458E+02   8.20736642502651570E+00
        36   1.00696028788892235E+02   8.20782715395245255E+00
        37   1.00715915224925013E+02   8.20828748888806281E+00
        38   1.00735801660957762E+02   8.20874743038722166E+00
        39   1.00755688096990539E+02   8.20920697900269225E+00
        40   1.00775574533023317E+02   8.20966613528612754E+00
        41   1.00795460969056080E+02   8.21012489978806848E+00
        42   1.00815347405088843E+02   8.21058327305795999E+00
        43   1.00835233841121607E+02   8.21104125564413856E+00
        44   1.00855120277154384E+02   8.21149884809384822E+00
        45   1.00875006713187162E+02   8.21195605095323344E+00
        46   1.00894893149219925E+02   8.21241286476734977E+00
        47   1.00914779585252703E+02   8.21286929008015854E+00
        48   1.00934666021285466E+02   8.21332532743454102E+00
        49   1.00954552457318229E+02   8.21378097737228785E+00
        50   1.00974438893351007E+02   8.21423624043411138E+00
        51   1.00994325329383770E+02   8.21469111715964750E+00
        52   1.01014211765416533E+02   8.21514560808745564E+00
        53   1.01034098201449311E+02   8.21559971375502052E+00
        54   1.01053984637482088E+02   8.21605343469876104E+00
        55   1.01073871073514852E+02   8.21650677145402497E+00
        56   1.01093757509547615E+02   8.21695972455509960E+00
        57   1.01113643945580392E+02   8.21741229453520816E+00
        58   1.01133530381613156E+02   8.21786448192651697E+00
        59   1.01153416817645933E+02   8.21831628726013541E+00
        60   1.01173303253678696E+02   8.21876771106612125E+00
        61   1.01193189689711474E+02   8.21921875387347889E+00
        62   1.01213076125744237E+02   8.21966941621017000E+00
        63   1.01232962561777015E+02   8.22011969860310820E+00
        64   1.01252848997809778E+02   8.22056960157816263E+00
        65   1.01272735433842556E+02   8.22101912566016857E+00
        66   1.01292621869875319E+02   8.22146827137291858E+00
        67   1.01312508305908096E+02   8.22191703923917849E+00
        68   1.01332394741940860E+02   8.22236542978067497E+00
        69   1.01352281177973623E+02   8.22281344351811150E+00
        70   1.01372167614006401E+02   8.22326108097116304E+00
        71   1.01392054050039164E+02   8.22370834265848139E+00
        72   1.01411940486071941E+02   8.22415522909769869E+00
        73   1.01431826922104705E+02   8.22460174080542750E+00
        74   1.01451713358137468E+02   8.22504787829726602E+00
        75   1.01471599794170245E+02   8.22549364208779998E+00
        76   1.01491486230203023E+02   8.22593903269060256E+00
        77   1.01511372666235786E+02   8.22638405061823974E+00
        78   1.01531259102268550E+02   8.22682869638227743E+00
        79   1.01551145538301327E+02   8.22727297049327433E+00
        80   1.01571031974334090E+02   8.22771687346078728E+00
        81   1.01590918410366854E+02   8.22816040579338193E+00
        82   1.01610804846399631E+02   8.22860356799862558E+00
        83   1.01630691282432394E+02   8.22904636058309435E+00
        84   1.01650577718465158E+02   8.22948878405237139E+00
        85   1.01670464154497935E+02   8.22993083891105925E+00
        86   1.01690350590530713E+02   8.23037252566277289E+00
        87   1.01710237026563462E+02   8.23081384481013956E+00
        88   1.01730123462596239E+02   8.23125479685481842E+00
        89   1.01750009898629017E+02   8.23169538229748099E+00
        90   1.01769896334661780E+02   8.23213560163783065E+00
        91   1.01789782770694544E+02   8.23257545537459734E+00
        92   1.01809669206727321E+02   8.23301494400553935E+00
        93   1.01829555642760099E+02   8.23345406802745217E+00
        94   1.01849442078792862E+02   8.23389282793616140E+00
        95   1.01869328514825625E+02   8.23433122422653518E+00
        96   1.01889214950858403E+02   8.23476925739247889E+00
        97   1.01909101386891180E+02   8.23520692792694398E+00
        98   1.01928987822923943E+02   8.23564423632192266E+00
        99   1.01948874258956707E+02   8.23608118306845682E+00
       100   1.01968760694989484E+02   8.23651776865664154E+00
       101   1.01988647131022248E+02   8.23695399357561975E+00
       102   1.02008533567055025E+02   8.23738985831359116E+00
       103   1.02028420003087788E+02   8.23782536335781224E+00
       104   1.02048306439120566E+02   8.23826050919460151E+00
       105   1.02068192875153315E+02   8.23869529630933606E+00
       106   1.02088079311186092E+02   8.23912972518646036E+00
       107   1.02107965747218856E+02   8.23956379630948277E+00
       108   1.02127852183251633E+02   8.23999751016098436E+00
       109   1.02147738619284397E+02   8.24043086722261364E+00
       110   1.02167625055317174E+02   8.24086386797509718E+00
       111   1.02187511491349937E+02   8.24129651289823251E+00
       112   1.02207397927382715E+02   8.24172880247090234E+00
       113   1.02227284363415478E+02   8.24216073717106568E+00
       114   1.02247170799448256E+02   8.24259231747576671E+00
       115   1.02267057235481019E+02   8.24302354386113123E+00
       116   1.02286943671513782E+02   8.24345441680237911E+00
       117   1.02306830107546560E+02   8.24388493677381540E+00
