       1       1       1   2.17853041000000000E-11   2.00000000000000000E+00
       2       1       2   5.44632602500000001E-12   8.00000000000000000E+00
       3       1       3   2.42058934444444449E-12   1.80000000000000000E+01
       4       1       4   1.36158150625000000E-12   3.20000000000000000E+01
       5       1       5   8.71412164000000009E-13   5.00000000000000000E+01
       6       1       6   6.05147336111111123E-13   7.20000000000000000E+01
       7       1       7   4.44598042857142868E-13   9.80000000000000000E+01
       8       1       8   3.40395376562500000E-13   1.28000000000000000E+02
       9       1       9   0.00000000000000000E+00   1.62000000000000000E+02
      10       0       1   0.00000000000000000E+00   1.00000000000000000E+00
      11      11       1   3.93894252211200053E-11   1.00000000000000000E+00
      12      13       2   7.63714426576000073E-12   3.00000000000000000E+00
      13      11       2   6.36153956100800056E-12   1.00000000000000000E+00
      14      13       2   5.80358645523200086E-12   9.00000000000000000E+00
      15      11       2   5.39679117923200095E-12   3.00000000000000000E+00
      16      13       3   2.99296473016000043E-12   3.00000000000000000E+00
      17      11       3   2.66959417267200046E-12   1.00000000000000000E+00
      18      13       3   2.53055277638400033E-12   9.00000000000000000E+00
      19      13       3   2.42388823582400028E-12   1.50000000000000000E+01
      20      11       3   2.42329246187200035E-12   5.00000000000000000E+00
      21      11       3   2.40243606691200020E-12   3.00000000000000000E+00
      22      13       4   1.59043459881600016E-12   3.00000000000000000E+00
      23      11       4   1.46291386206400017E-12   1.00000000000000000E+00
      24      13       4   1.40789322326400014E-12   9.00000000000000000E+00
      25      13       4   1.36260539209600022E-12   1.50000000000000000E+01
      26      11       4   1.36220812112000012E-12   5.00000000000000000E+00
      27      13       4   1.36121494368000008E-12   2.10000000000000000E+01
      28      11       4   1.36121428112000023E-12   7.00000000000000000E+00
      29      11       4   1.35307108744000015E-12   3.00000000000000000E+00
      30       0       5   8.71412825760000092E-13   7.50000000000000000E+01
      31       0       5   8.71411500640000078E-13   2.50000000000000000E+01
      32       0       6   6.05147334083200101E-13   1.44000000000000000E+02
      33       0       7   4.44598040961600030E-13   1.96000000000000000E+02
      34       0       8   3.40395374593600015E-13   2.56000000000000000E+02
      35       1       1   8.71769793211200027E-11   2.00000000000000000E+00
      36       1       2   2.17942447971520020E-11   8.00000000000000000E+00
      37       1       3   9.68633103568000048E-12   1.80000000000000000E+01
      38       1       4   5.44856119928800050E-12   3.20000000000000000E+01
      39       1       5   3.48707916621920037E-12   5.00000000000000000E+01
      40       1       6   2.42158275229440014E-12   7.20000000000000000E+01
      41       1       7   1.77912202669120020E-12   9.80000000000000000E+01
      42       1       8   1.36214030147840022E-12   1.28000000000000000E+02
      43       1       9   1.07625899881120002E-12   1.62000000000000000E+02
      44       1      10   8.71769793211200088E-13   2.00000000000000000E+02
      45       1      11   7.20470904411200093E-13   2.42000000000000000E+02
      46       1      12   6.05395688736160094E-13   2.88000000000000000E+02
      47       1      13   5.15840113052000095E-13   3.38000000000000000E+02
      48       1      14   4.44780506010240042E-13   3.92000000000000000E+02
      49       1      15   3.87453241427200033E-13   4.50000000000000000E+02
      50       1      16   3.40535075369600055E-13   5.12000000000000000E+02
      51       1      17   3.01650447324320013E-13   5.78000000000000000E+02
      52       1      18   2.69064750696640043E-13   6.48000000000000000E+02
      53       1      19   2.41487477620960010E-13   7.22000000000000000E+02
      54       1      20   2.17942447971520018E-13   8.00000000000000000E+02
      55       0       1   0.00000000000000000E+00   1.00000000000000000E+00
      56     123       2   1.80330082877120021E-11   9.00000000000000000E+00
      57     134       2   1.60143995231200000E-11   5.00000000000000000E+00
      58     135       2   1.37391163396480007E-11   1.00000000000000000E+00
      59     107       2   1.13383549593920010E-11   5.00000000000000000E+00
      60     192       3   6.04750489133280097E-12   9.00000000000000000E+00
      61     168       3   5.72797221264480057E-12   3.00000000000000000E+00
      62     167       3   5.30946390281280072E-12   1.50000000000000000E+01
      63     181       3   4.36255002621600017E-12   3.00000000000000000E+00
      64     167       3   4.19059975839680026E-12   1.50000000000000000E+01
      65     188       3   3.98761164210720007E-12   3.00000000000000000E+00
      66     184       3   3.86230685052640002E-12   9.00000000000000000E+00
      67     171       3   3.61683683141760036E-12   5.00000000000000000E+00
      68     172       4   3.34567037679520047E-12   1.00000000000000000E+00
      69     185       4   3.09163598786560015E-12   9.00000000000000000E+00
      70     176       4   2.61000663367840031E-12   5.00000000000000000E+00
      71     186       4   2.52003154885440029E-12   9.00000000000000000E+00
      72     173       4   2.50146130392320018E-12   2.10000000000000000E+01
      73     187       4   2.48489570715360009E-12   1.50000000000000000E+01
      74     177       4   2.47881418817440020E-12   3.00000000000000000E+00
      75     182       4   2.44121728723040013E-12   7.00000000000000000E+00
      76     180       4   2.40115598111520040E-12   3.00000000000000000E+00
      77     205       4   2.28524258662400033E-12   9.00000000000000000E+00
      78     191       4   2.03737508090400034E-12   3.00000000000000000E+00
      79     168       4   1.98767228117600011E-12   1.50000000000000000E+01
      80     188       4   1.92967545598400036E-12   3.00000000000000000E+00
      81     189       4   1.88415645763200039E-12   9.00000000000000000E+00
      82     176       4   1.79764965576320009E-12   5.00000000000000000E+00
      83     175       5   1.70192841995520023E-12   1.00000000000000000E+00
      84     105       5   1.33870920498400008E-12   1.44000000000000000E+02
      85     108       5   1.33626359664000009E-12   4.80000000000000000E+01
      86     109       6   8.61881091836800092E-13   2.25000000000000000E+02
      87     108       6   8.60324639012800113E-13   7.50000000000000000E+01
      88     107       7   6.06192434362720080E-13   9.90000000000000000E+01
      89     109       7   6.00410436895040079E-13   3.24000000000000000E+02
      90     108       8   4.49294473622880045E-13   1.35000000000000000E+02
      91     106       8   4.41485823050880035E-13   3.96000000000000000E+02
      92     107       9   3.41677075049120051E-13   1.09000000000000000E+02
      93     106       9   3.37481013000320043E-13   3.06000000000000000E+02
      94     107      10   2.50159630714880035E-13   2.39000000000000000E+02
      95     107      10   2.44445885540480045E-13   5.88000000000000000E+02
      96     126       2   3.90535362549920038E-11   6.00000000000000000E+00
      97     106       3   3.05140078625280041E-11   1.20000000000000000E+01
      98     143       3   2.41787293309120019E-11   1.00000000000000000E+01
      99     150       3   1.98960173540320018E-11   2.00000000000000000E+00
     100     160       3   1.70839387920320015E-11   6.00000000000000000E+00
     101     143       3   1.59148560449280032E-11   2.00000000000000000E+00
     102     141       4   1.28969774686240010E-11   6.00000000000000000E+00
     103     143       4   1.08521262925760019E-11   4.00000000000000000E+00
     104     155       4   1.01523600370080014E-11   1.00000000000000000E+01
     105     176       4   9.17643546064000142E-12   1.00000000000000000E+01
     106     161       4   7.83167592337600139E-12   2.00000000000000000E+00
     107     152       5   6.78131736892800087E-12   6.00000000000000000E+00
     108     115       5   5.89011513483200080E-12   1.20000000000000000E+01
     109     163       5   5.66868527712320083E-12   1.00000000000000000E+01
     110     195       5   5.54595359693280042E-12   6.00000000000000000E+00
     111     183       5   5.49902399508960064E-12   1.40000000000000000E+01
     112     168       5   4.63114514510880080E-12   2.00000000000000000E+00
     113     109       6   3.66981993920320060E-12   5.40000000000000000E+01
     114     110       7   2.69299225380160043E-12   3.60000000000000000E+01
     115     110       7   2.52795519665280044E-12   7.80000000000000000E+01
     116     107       8   1.82213089660640000E-12   7.20000000000000000E+01
     117     106       9   1.43056499287040022E-12   6.00000000000000000E+01
     118     125       2   7.67158227939200029E-11   1.00000000000000000E+00
     119     115       2   6.63042217793600026E-11   9.00000000000000000E+00
     120     123       2   5.63865194912000028E-11   3.00000000000000000E+00
     121     127       2   4.94097781288480063E-11   9.00000000000000000E+00
     122     126       2   4.77417154164480047E-11   5.00000000000000000E+00
     123     130       2   4.04633113474240064E-11   1.00000000000000000E+00
     124     140       3   2.94015291401120014E-11   3.00000000000000000E+00
     125     152       3   2.76225261224480032E-11   1.00000000000000000E+00
     126     141       3   2.52864113176960011E-11   3.00000000000000000E+00
     127     135       3   2.51301322966560030E-11   9.00000000000000000E+00
     128     146       3   2.30854286727200024E-11   1.50000000000000000E+01
     129     159       3   2.18003261041120013E-11   5.00000000000000000E+00
     130     182       4   1.54929689772480008E-11   9.00000000000000000E+00
     131     170       4   1.52509195102720031E-11   3.00000000000000000E+00
     132     176       4   1.51418341742400007E-11   3.00000000000000000E+00
     133     173       4   1.48011830581120014E-11   1.00000000000000000E+00
     134     157       4   1.35940616813120017E-11   9.00000000000000000E+00
     135     194       4   1.32124373247360012E-11   3.00000000000000000E+00
     136     178       4   1.28719596005600015E-11   1.50000000000000000E+01
     137     176       4   1.27573065078240016E-11   2.10000000000000000E+01
     138     172       4   1.26793626181440021E-11   3.00000000000000000E+00
     139     176       4   1.26202072736640016E-11   7.00000000000000000E+00
     140     177       4   1.25382599314400008E-11   1.50000000000000000E+01
     141     174       4   1.23201826140800014E-11   5.00000000000000000E+00
     142     198       4   1.17112618152800007E-11   3.00000000000000000E+00
     143     201       4   1.12120471049760019E-11   9.00000000000000000E+00
     144     197       4   1.06361245769280008E-11   5.00000000000000000E+00
     145     203       4   1.05513155055520009E-11   5.00000000000000000E+00
     146     201       4   1.04911801685760017E-11   2.10000000000000000E+01
     147     215       5   9.64620547449600120E-12   1.50000000000000000E+01
     148     207       5   9.47952989321600022E-12   1.00000000000000000E+00
     149     182       5   9.19742496390400079E-12   3.00000000000000000E+00
     150     202       5   9.16163440028800156E-12   9.00000000000000000E+00
     151     207       5   8.91215419040000126E-12   7.00000000000000000E+00
     152     199       5   7.95790824595200120E-12   7.20000000000000000E+01
     153     216       5   7.86971018017600119E-12   2.80000000000000000E+01
     154     186       6   5.53283459752960066E-12   1.08000000000000000E+02
     155     206       6   5.51433105251360053E-12   3.60000000000000000E+01
     156     191       7   4.07744377298560013E-12   1.47000000000000000E+02
     157     210       7   4.05435335821760065E-12   4.90000000000000000E+01
     158     194       8   3.11535223030720022E-12   1.92000000000000000E+02
     159     209       8   3.10317986350400019E-12   6.40000000000000000E+01
     160     191       9   2.45795340044160013E-12   2.43000000000000000E+02
     161     218       9   2.45137366947040018E-12   8.10000000000000000E+01
     162     185      10   1.98824808556960020E-12   3.00000000000000000E+02
     163     214      10   1.98654735368000006E-12   1.00000000000000000E+02
     164       0       1   0.00000000000000000E+00   2.00000000000000000E+00
     165     111       2   2.32837116788000036E-11   4.00000000000000000E+00
     166     126       2   1.94645136917440019E-11   1.00000000000000000E+01
     167     131       2   1.75555042772320004E-11   6.00000000000000000E+00
     168     173       3   6.73129534779200084E-12   1.20000000000000000E+01
     169     189       3   6.16391472878080028E-12   6.00000000000000000E+00
     170     154       3   5.77432734846560034E-12   1.20000000000000000E+01
     171     187       3   4.69621547411200078E-12   2.00000000000000000E+00
     172     159       3   4.44669036915840015E-12   2.00000000000000000E+01
     173     169       3   4.31321049488480015E-12   1.20000000000000000E+01
     174     183       3   4.06671469375840007E-12   4.00000000000000000E+00
     175     191       3   4.05030271815040025E-12   1.00000000000000000E+01
     176     189       3   3.85954165636640010E-12   6.00000000000000000E+00
     177     180       3   3.48817548437440032E-12   1.00000000000000000E+01
     178     172       4   2.68768351830400013E-12   1.20000000000000000E+01
     179     203       4   2.58794310077760041E-12   6.00000000000000000E+00
     180     184       4   2.50206645309920022E-12   6.00000000000000000E+00
     181     175       4   2.48395374560160025E-12   2.80000000000000000E+01
     182     165       4   2.45867037649440020E-12   1.20000000000000000E+01
     183     186       4   2.45786336516320018E-12   1.40000000000000000E+01
     184     171       4   2.42680261199360028E-12   2.00000000000000000E+01
     185     187       4   2.40160750912960017E-12   1.00000000000000000E+01
     186     193       4   2.13471646142880029E-12   2.00000000000000000E+00
     187     166       4   2.06608636981120029E-12   2.00000000000000000E+01
     188     172       4   2.02822402082880031E-12   1.20000000000000000E+01
     189     212       4   1.98630991867840000E-12   1.00000000000000000E+01
     190     195       4   1.94248698779360026E-12   4.00000000000000000E+00
     191     226       4   1.90884245601760039E-12   6.00000000000000000E+00
     192     113       5   1.37577399736640010E-12   1.56000000000000000E+02
     193     111       5   1.34458274637920012E-12   1.10000000000000000E+02
     194     107       5   1.18201608394400003E-12   3.60000000000000000E+01
     195     111       6   8.75470237190400131E-13   1.44000000000000000E+02
     196     108       6   8.59969321336000078E-13   2.56000000000000000E+02
     197     106       7   5.96698500150080082E-13   2.92000000000000000E+02
     198     109       7   5.94342872092000021E-13   1.46000000000000000E+02
     199     115       2   4.74035284934720041E-11   9.00000000000000000E+00
     200     115       2   4.43790683774080024E-11   5.00000000000000000E+00
     201     113       2   4.09284935970720043E-11   1.00000000000000000E+00
     202     107       3   3.82050417771680028E-11   5.00000000000000000E+00
     203     139       3   2.90994093332960035E-11   1.50000000000000000E+01
     204     141       3   2.57281701499200025E-11   9.00000000000000000E+00
     205     164       3   1.87822669802080030E-11   5.00000000000000000E+00
     206     154       3   1.78240362674080014E-11   9.00000000000000000E+00
     207     156       3   1.77891820998400023E-11   3.00000000000000000E+00
     208     175       3   1.66095898922720010E-11   3.00000000000000000E+00
     209     147       3   1.47258403127360029E-11   3.00000000000000000E+00
     210     149       3   1.43277101289280023E-11   1.50000000000000000E+01
     211     169       3   1.42978252276160014E-11   3.00000000000000000E+00
     212     150       4   1.38754561475360007E-11   3.00000000000000000E+00
     213     156       4   1.35290042523520019E-11   9.00000000000000000E+00
     214     150       4   1.28188130789760017E-11   5.00000000000000000E+00
     215     149       4   1.20121313051200008E-11   1.00000000000000000E+00
     216     161       4   1.03599039092320010E-11   2.10000000000000000E+01
     217     165       4   1.02606877356800010E-11   5.00000000000000000E+00
     218     167       4   1.01852951657920014E-11   1.50000000000000000E+01
     219     169       4   9.90471087793600065E-12   9.00000000000000000E+00
     220     168       4   9.81501701670400027E-12   7.00000000000000000E+00
     221     165       4   9.65908570715200162E-12   3.00000000000000000E+00
     222     181       4   8.36159373033600061E-12   9.00000000000000000E+00
     223     169       4   8.12205205296000007E-12   3.00000000000000000E+00
     224     156       4   7.26558790592000113E-12   3.00000000000000000E+00
     225     110       5   7.09709956048000058E-12   2.70000000000000000E+01
     226     117       5   6.64563747080000064E-12   1.50000000000000000E+01
     227     166       5   6.63406089120000091E-12   5.00000000000000000E+00
     228     156       5   6.32420351656160066E-12   1.00000000000000000E+00
     229     112       5   5.54664856274240025E-12   1.17000000000000000E+02
     230     113       5   5.50609727363040032E-12   3.60000000000000000E+01
     231     111       6   3.70075352060640067E-12   2.34000000000000000E+02
     232     110       6   3.66606453587200074E-12   7.50000000000000000E+01
     233     119       6   3.05959281723040025E-12   2.50000000000000000E+01
     234     119       7   2.67970584536320043E-12   1.50000000000000000E+01
     235     112       7   2.50613376980160010E-12   3.27000000000000000E+02
     236     111       7   2.48537057715680021E-12   1.08000000000000000E+02
     237     128       8   1.84630488850080000E-12   5.00000000000000000E+00
     238       2       8   1.81971941010240034E-12   5.43000000000000000E+02
     239       2       9   1.39181959054560024E-12   5.42000000000000000E+02
     240       2      10   1.00496494557600001E-12   9.40000000000000000E+02
     241     126       2   7.60166543662400132E-11   2.00000000000000000E+00
     242     126       2   7.59820130792000082E-11   4.00000000000000000E+00
     243     108       2   6.46396940895840096E-11   1.20000000000000000E+01
     244     125       2   5.59496089417760089E-11   1.00000000000000000E+01
     245     133       2   4.99952022973440020E-11   2.00000000000000000E+00
     246     134       2   4.70267287663040061E-11   6.00000000000000000E+00
     247     130       2   3.89130494840640010E-11   4.00000000000000000E+00
     248     151       2   3.56787686083360029E-11   1.00000000000000000E+01
     249     128       2   3.20592835643520024E-11   2.00000000000000000E+00
     250     161       3   3.02507923863040062E-11   6.00000000000000000E+00
     251     129       3   2.72153207880640043E-11   6.00000000000000000E+00
     252     137       3   2.29342372511520011E-11   1.00000000000000000E+01
     253     112       3   1.88827705740960025E-11   1.20000000000000000E+01
     254     152       3   1.69783011532160030E-11   6.00000000000000000E+00
     255     142       3   1.62124613004160013E-11   2.00000000000000000E+00
     256     199       4   1.46066119119200030E-11   1.00000000000000000E+01
     257     165       4   1.46059164889440009E-11   6.00000000000000000E+00
     258     112       4   1.44850127389120008E-11   2.00000000000000000E+01
     259     150       4   1.41014639768160018E-11   6.00000000000000000E+00
     260     112       4   1.36016970227520010E-11   4.00000000000000000E+00
     261     111       4   1.29776870162560015E-11   1.20000000000000000E+01
     262     155       4   1.28974959218240013E-11   1.00000000000000000E+01
     263     154       4   1.23973377260800015E-11   1.40000000000000000E+01
     264     171       4   1.22503888749600017E-11   1.00000000000000000E+01
     265     174       4   1.10527026838400019E-11   2.00000000000000000E+00
     266     107       4   1.00636710805280003E-11   6.00000000000000000E+01
     267     109       5   8.24862937052800009E-12   7.00000000000000000E+01
     268     108       6   5.66345901709440025E-12   5.60000000000000000E+01
     269     110       7   4.11108719166080047E-12   5.00000000000000000E+01
     270     108       8   3.13767942896000045E-12   5.00000000000000000E+01
     271     113       9   2.17707742054560007E-12   1.18000000000000000E+02
     272     106      11   1.66917916575360012E-12   4.80000000000000000E+01
     273       0       1   0.00000000000000000E+00   1.00000000000000000E+00
     274     109       2   2.18007938714720022E-11   9.00000000000000000E+00
     275     108       2   1.86645041621120025E-11   5.00000000000000000E+00
     276     107       2   1.51042303826720016E-11   1.00000000000000000E+00
     277     113       3   7.16411737196800064E-12   5.00000000000000000E+00
     278     115       3   6.56292795930560076E-12   3.00000000000000000E+00
     279     108       3   4.60964030267680080E-12   1.50000000000000000E+01
     280     112       3   4.21202990381440013E-12   9.00000000000000000E+00
     281     114       4   2.85230328191360034E-12   5.00000000000000000E+00
     282     119       4   2.70365152570720042E-12   3.00000000000000000E+00
     283     111       4   2.46615783454240040E-12   2.50000000000000000E+01
     284     112       4   2.45270825082720016E-12   1.50000000000000000E+01
     285     109       4   2.13380540167520022E-12   1.50000000000000000E+01
     286     112       4   2.01721548704480023E-12   9.00000000000000000E+00
     287     120       5   1.72675103158720017E-12   1.50000000000000000E+01
     288     112       5   1.53344009439200023E-12   5.00000000000000000E+00
     289     120       5   1.47478664573760021E-12   3.00000000000000000E+00
     290     116       5   1.42512430854880010E-12   5.00000000000000000E+00
     291     109       5   1.38469684527520023E-12   2.50000000000000000E+01
     292     113       5   1.37618516885120023E-12   1.50000000000000000E+01
     293     109       5   1.36430148606560016E-12   3.50000000000000000E+01
     294     113       5   1.36428292113440021E-12   2.10000000000000000E+01
     295     110       5   1.23360258813120019E-12   1.50000000000000000E+01
     296     112       5   1.18518801043680010E-12   9.00000000000000000E+00
     297     110       6   8.69651005838400108E-13   8.00000000000000000E+01
     298     113       6   8.61966462692800119E-13   4.80000000000000000E+01
     299     110       7   6.03459698354560112E-13   8.00000000000000000E+01
     300     114       7   5.98843093572320019E-13   4.80000000000000000E+01
     301     111       8   4.43456618371840052E-13   8.00000000000000000E+01
     302     110       8   4.40539219603520047E-13   4.80000000000000000E+01
     303     111       9   3.39490603196960013E-13   8.00000000000000000E+01
     304     112       9   3.37415845586400044E-13   4.80000000000000000E+01
     305     114      10   2.46722395983840020E-13   1.45000000000000000E+02
     306     113      10   2.45623699238240047E-13   8.70000000000000000E+01
     307     109       2   5.63361545952640027E-11   4.00000000000000000E+00
     308     118       2   5.10062685923200074E-11   1.00000000000000000E+01
     309     115       2   4.82937049521760054E-11   6.00000000000000000E+00
     310     137       3   3.25017499444000015E-11   1.20000000000000000E+01
     311     156       3   2.33483422866080024E-11   1.00000000000000000E+01
     312     156       3   1.94908503854880032E-11   1.20000000000000000E+01
     313     186       3   1.87741852720960016E-11   6.00000000000000000E+00
     314     175       3   1.74422927162880025E-11   2.00000000000000000E+00
     315     152       3   1.58063594597120005E-11   2.00000000000000000E+00
     316     145       3   1.52196420403520032E-11   2.00000000000000000E+01
     317     173       3   1.52042540180960007E-11   1.00000000000000000E+01
     318     151       3   1.49144052862720009E-11   1.20000000000000000E+01
     319     157       3   1.42772954747360017E-11   1.00000000000000000E+01
     320     157       3   1.41728903962880020E-11   4.00000000000000000E+00
     321     168       3   1.40758777647840019E-11   6.00000000000000000E+00
     322     153       4   1.37659083446240010E-11   6.00000000000000000E+00
     323     155       4   1.08788195761120006E-11   1.40000000000000000E+01
     324     173       4   1.06367016666880012E-11   1.00000000000000000E+01
     325     187       4   1.05067753733440005E-11   2.00000000000000000E+00
     326     160       4   1.03439112347200007E-11   2.80000000000000000E+01
     327     172       4   1.01289988339680009E-11   1.20000000000000000E+01
     328     166       4   1.01287818455680013E-11   6.00000000000000000E+00
     329     162       4   1.00821377540800009E-11   2.00000000000000000E+01
     330     162       4   1.00536711949600012E-11   1.40000000000000000E+01
     331     184       4   9.93858419168000116E-12   6.00000000000000000E+00
     332     170       4   9.74673152916800123E-12   1.00000000000000000E+01
     333     169       4   8.87988957233600122E-12   1.20000000000000000E+01
     334     199       4   8.55017473782400117E-12   6.00000000000000000E+00
     335     161       4   7.63951914582400055E-12   2.00000000000000000E+00
     336       2       4   7.56743824958400137E-12   6.00000000000000000E+00
     337     156       4   7.46351425595200112E-12   2.00000000000000000E+01
     338     175       4   7.39019145724800095E-12   4.00000000000000000E+00
     339     158       4   7.36030701972800119E-12   1.20000000000000000E+01
     340     171       5   7.02767221704000073E-12   1.00000000000000000E+01
     341     170       5   6.95421604500800052E-12   6.00000000000000000E+00
     342     112       5   5.82785980462400067E-12   1.28000000000000000E+02
     343     109       5   5.54145032237600030E-12   1.60000000000000000E+02
     344     111       5   4.59489215436640014E-12   3.40000000000000000E+01
     345     106       5   4.42649053140480006E-12   3.60000000000000000E+01
     346     114       6   3.51863419577440027E-12   2.20000000000000000E+02
     347     111       6   3.43678595264960049E-12   1.42000000000000000E+02
     348       2       6   3.04744534943200040E-12   1.80000000000000000E+01
     349     114       7   2.50618957060480046E-12   2.92000000000000000E+02
     350     111       7   2.46254672352800016E-12   1.46000000000000000E+02
     351     116       8   1.79912695916960010E-12   3.40000000000000000E+02
     352     111       8   1.72005347094560019E-12   2.42000000000000000E+02
     353     117       9   1.17344704970080005E-12   3.92000000000000000E+02
     354     108       9   1.15547095544960004E-12   7.28000000000000000E+02
     355     118       2   8.79660505152000115E-11   9.00000000000000000E+00
     356     112       3   8.39810052131200045E-11   5.00000000000000000E+00
     357     116       3   7.94301330084800067E-11   1.00000000000000000E+00
     358     109       3   7.60253060747200126E-11   5.00000000000000000E+00
     359     130       3   6.41643392912320103E-11   1.50000000000000000E+01
     360     132       3   5.97265896657280098E-11   9.00000000000000000E+00
     361     140       3   5.08549996512320079E-11   5.00000000000000000E+00
     362     139       3   4.88612816756960052E-11   3.00000000000000000E+00
     363     148       3   4.62053861297920054E-11   3.00000000000000000E+00
     364     130       3   3.48745116715680009E-11   9.00000000000000000E+00
     365     145       3   3.37672494165440052E-11   3.00000000000000000E+00
     366     166       3   3.16248841173280008E-11   9.00000000000000000E+00
     367     130       4   3.02166136324000023E-11   3.00000000000000000E+00
     368     134       4   2.95967245503360011E-11   1.50000000000000000E+01
     369     136       4   2.89053343782880034E-11   3.00000000000000000E+00
     370     172       4   2.87599560593920041E-11   5.00000000000000000E+00
     371     141       4   2.83460403835840027E-11   9.00000000000000000E+00
     372     142       4   2.71123644633120021E-11   5.00000000000000000E+00
     373     144       4   2.56790342365280021E-11   1.00000000000000000E+00
     374     148       4   2.35166069517920038E-11   2.10000000000000000E+01
     375     154       4   2.35074509688960025E-11   5.00000000000000000E+00
     376     148       4   2.29974173826080010E-11   1.50000000000000000E+01
     377     156       4   2.25558239916160016E-11   9.00000000000000000E+00
     378     149       4   2.21000538043040036E-11   7.00000000000000000E+00
     379     157       4   2.19099965468800021E-11   3.00000000000000000E+00
     380       2       4   2.07228936254080032E-11   1.50000000000000000E+01
     381     193       4   1.98193905011200021E-11   1.00000000000000000E+00
     382     175       4   1.84470644262400012E-11   9.00000000000000000E+00
     383     106       5   1.50437918582400020E-11   4.50000000000000000E+01
     384     111       5   1.39696594583840007E-11   1.71000000000000000E+02
     385     111       5   1.37687077931360021E-11   4.80000000000000000E+01
     386     107       6   9.26801987057600125E-12   7.50000000000000000E+01
     387     113       6   8.39707395084800123E-12   2.85000000000000000E+02
     388     109       6   8.17833857889600054E-12   8.00000000000000000E+01
     389     114       7   5.60254782235840048E-12   3.24000000000000000E+02
     390     110       7   5.57254197071840039E-12   1.08000000000000000E+02
     391     110       8   4.07861716674560044E-12   3.96000000000000000E+02
     392     110       8   4.06289437942400059E-12   1.32000000000000000E+02
     393       2      10   2.66947631649920010E-12   3.68000000000000000E+02
     394       2      10   2.65996687772000032E-12   1.11000000000000000E+03
     395       2      12   1.59670386079680024E-12   6.00000000000000000E+01
     396       0       1   0.00000000000000000E+00   6.00000000000000000E+00
     397     107       2   3.45467150145120017E-11   1.00000000000000000E+00
     398     110       3   7.89160580049600073E-12   9.00000000000000000E+00
     399     109       3   7.60901355830400088E-12   3.00000000000000000E+00
     400     107       3   4.96698264357600048E-12   3.00000000000000000E+00
     401     106       3   4.80730256291840050E-12   1.50000000000000000E+01
     402     108       3   4.70475027388000016E-12   9.00000000000000000E+00
     403     107       3   4.64452470285760041E-12   5.00000000000000000E+00
     404     108       3   4.58892380063520077E-12   3.00000000000000000E+00
     405     111       3   4.45079791650400046E-12   1.00000000000000000E+00
     406     112       4   3.03009629533920042E-12   9.00000000000000000E+00
     407     108       4   2.86688402781440035E-12   3.00000000000000000E+00
     408     112       4   2.46475656652160040E-12   3.00000000000000000E+00
     409     106       4   2.45072205496160042E-12   2.10000000000000000E+01
     410     107       4   2.44533728407840032E-12   9.00000000000000000E+00
     411     108       4   2.42896888504160030E-12   7.00000000000000000E+00
     412     109       4   2.28816162059040027E-12   1.50000000000000000E+01
     413     111       4   2.28493689469120005E-12   5.00000000000000000E+00
     414     108       4   2.22279339136000036E-12   3.00000000000000000E+00
     415     106       4   2.19886171753440010E-12   1.50000000000000000E+01
     416     108       4   2.16518762233120013E-12   9.00000000000000000E+00
     417     107       4   2.15065645579520033E-12   5.00000000000000000E+00
     418     107       4   2.03396405638400010E-12   3.00000000000000000E+00
     419     108       4   2.00160919102240033E-12   1.00000000000000000E+00
     420     109       5   1.36498589066880016E-12   1.44000000000000000E+02
     421     112       5   1.25701158824960014E-12   4.80000000000000000E+01
     422     111       6   8.71451062097600053E-13   1.92000000000000000E+02
     423     112       6   8.15955586422400116E-13   6.40000000000000000E+01
     424     110       7   6.04320959436000069E-13   2.19000000000000000E+02
     425     111       7   6.03098153276320101E-13   7.30000000000000000E+01
     426     109       8   4.44026114531680040E-13   2.19000000000000000E+02
     427     111       8   4.43250223643680051E-13   7.30000000000000000E+01
     428     110       9   3.39999601003200029E-13   2.19000000000000000E+02
     429     111       9   3.39481293566400057E-13   7.30000000000000000E+01
     430     113      10   2.45619058668000016E-13   4.11000000000000000E+02
     431     113      10   2.45361447389280011E-13   1.37000000000000000E+02
     432     113       2   6.55721864665760014E-11   6.00000000000000000E+00
     433     164       3   2.25128204685600036E-11   2.00000000000000000E+00
     434     125       3   2.20378704943680026E-11   1.20000000000000000E+01
     435     136       3   2.10741155550560031E-11   6.00000000000000000E+00
     436     122       3   1.66957889482720020E-11   1.20000000000000000E+01
     437     146       3   1.66836289845920020E-11   1.00000000000000000E+01
     438     120       3   1.60867720782720015E-11   2.00000000000000000E+01
     439     124       3   1.57262359464000004E-11   1.00000000000000000E+01
     440     129       3   1.54118192247520017E-11   2.00000000000000000E+00
     441     120       3   1.53810237009760012E-11   4.00000000000000000E+00
     442     145       3   1.51319703784960025E-11   6.00000000000000000E+00
     443     155       4   1.11232096025440012E-11   1.40000000000000000E+01
     444     166       4   1.07328765573280006E-11   6.00000000000000000E+00
     445     161       4   1.06689236158880015E-11   2.00000000000000000E+00
     446     158       4   1.05378830291360017E-11   1.00000000000000000E+01
     447     133       4   1.01622665678720014E-11   2.00000000000000000E+01
     448     141       4   9.93924131868800035E-12   1.00000000000000000E+01
     449     131       4   9.92095519273600058E-12   2.80000000000000000E+01
     450     129       4   9.84204913342400044E-12   1.40000000000000000E+01
     451     131       4   9.80161568060800094E-12   1.20000000000000000E+01
     452     139       4   9.69289674025600077E-12   6.00000000000000000E+00
     453     134       4   9.56445100348800039E-12   1.20000000000000000E+01
     454     153       4   9.31112827688000134E-12   6.00000000000000000E+00
     455     137       4   7.77211423084800144E-12   3.60000000000000000E+01
     456     167       4   7.45911015337600135E-12   1.80000000000000000E+01
     457     150       5   5.36068379930080086E-12   1.92000000000000000E+02
     458     207       5   5.13233939917600046E-12   1.62000000000000000E+02
     459     143       6   3.44053512791680021E-12   1.92000000000000000E+02
     460     175       6   3.40083398279200021E-12   9.60000000000000000E+01
     461     217       7   2.42467036140160009E-12   1.26000000000000000E+02
     462     140       7   2.38978596122080007E-12   1.92000000000000000E+02
     463     172       9   1.35675822721440022E-12   9.96000000000000000E+02
     464     114       2   1.01648361743200012E-10   9.00000000000000000E+00
     465     116       2   9.65758706268800144E-11   5.00000000000000000E+00
     466     114       2   9.06319415075200033E-11   1.00000000000000000E+00
     467     146       3   6.10528869685920081E-11   9.00000000000000000E+00
     468     151       3   4.41823292023840023E-11   3.00000000000000000E+00
     469     121       3   4.01192302906880056E-11   5.00000000000000000E+00
     470     127       3   3.82272806698240028E-11   3.00000000000000000E+00
     471     119       3   3.24555433412800021E-11   1.50000000000000000E+01
     472     160       3   3.15254883237600036E-11   1.50000000000000000E+01
     473     135       4   3.08088161209760012E-11   9.00000000000000000E+00
     474     143       4   3.05788643370400037E-11   5.00000000000000000E+00
     475     161       4   2.72963034429280023E-11   9.00000000000000000E+00
     476     156       4   2.62258713081600018E-11   3.00000000000000000E+00
     477     157       4   2.43814373764640039E-11   1.50000000000000000E+01
     478     135       4   2.40531889197440025E-11   3.00000000000000000E+00
     479     155       4   2.39204400545440038E-11   2.10000000000000000E+01
     480     127       4   2.32665487245600026E-11   2.50000000000000000E+01
     481     133       4   2.30823624775520012E-11   7.00000000000000000E+00
     482     142       4   2.25755942519680008E-11   1.50000000000000000E+01
     483     165       4   2.24103762364320011E-11   9.00000000000000000E+00
     484     108       4   1.99802759705600017E-11   3.00000000000000000E+01
     485     110       4   1.92574891340480025E-11   1.30000000000000000E+01
     486     132       4   1.86243925809440030E-11   5.00000000000000000E+00
     487     124       5   1.59943997519840020E-11   1.50000000000000000E+01
     488     114       5   1.47771798344320006E-11   9.90000000000000000E+01
     489     112       5   1.43747668627840020E-11   2.60000000000000000E+01
     490     108       5   1.21795146992480019E-11   8.00000000000000000E+01
     491     112       5   1.09099734785920005E-11   9.30000000000000000E+01
     492     111       5   1.03238776730240009E-11   2.00000000000000000E+01
     493     105       6   7.74595092905600123E-12   8.00000000000000000E+01
     494     109       6   7.57522207072000120E-12   1.02000000000000000E+02
     495     112       6   7.05692039819200089E-12   1.90000000000000000E+01
     496     109       8   4.59516204818240021E-12   4.64000000000000000E+02
     497     109      10   2.54896337748320024E-12   5.20000000000000000E+02
     498       0       1   0.00000000000000000E+00   4.00000000000000000E+00
     499     107       3   2.40868603514560023E-11   2.00000000000000000E+00
     500     111       3   1.70024347687040022E-11   2.00000000000000000E+00
     501     111       3   1.69842461715840012E-11   4.00000000000000000E+00
     502     110       3   1.02218167318560016E-11   2.00000000000000000E+00
     503     110       3   9.88701880328000107E-12   1.00000000000000000E+01
     504     112       3   8.06972008264000020E-12   6.00000000000000000E+00
     505     113       4   5.65628214067200039E-12   2.00000000000000000E+00
     506     109       4   5.55294417473440025E-12   1.00000000000000000E+01
     507     110       4   5.45584045448160091E-12   1.40000000000000000E+01
     508     112       4   4.72796207626560084E-12   6.00000000000000000E+00
     509     115       5   3.58934673334880054E-12   2.00000000000000000E+00
     510     110       5   3.54503492594240056E-12   1.00000000000000000E+01
     511     109       5   3.49139242519360016E-12   1.40000000000000000E+01
     512       2       5   3.48825462716640021E-12   1.80000000000000000E+01
     513     115       5   3.10657199843840024E-12   6.00000000000000000E+00
     514     118       6   2.47950337646080017E-12   2.00000000000000000E+00
     515     111       6   2.45650878112000007E-12   1.00000000000000000E+01
     516     110       6   2.42429331175680029E-12   1.40000000000000000E+01
     517       2       6   2.42235202420800044E-12   1.80000000000000000E+01
     518       2       6   2.42198275301760023E-12   2.20000000000000000E+01
     519     113       6   2.19701803169920041E-12   6.00000000000000000E+00
     520     103       7   1.77475443117120016E-12   9.80000000000000000E+01
     521     103       8   1.35978108433280006E-12   1.28000000000000000E+02
     522     103       9   1.07491549277120002E-12   1.62000000000000000E+02
     523     103      10   8.72433373553600058E-13   1.94000000000000000E+02
     524       0       1   0.00000000000000000E+00   1.00000000000000000E+00
     525     180       4   9.79365979264000094E-12   1.00000000000000000E+00
     526     149       4   6.76194490960000067E-12   9.00000000000000000E+00
     527     189       3   5.75021340438400064E-12   1.50000000000000000E+01
     528     185       3   5.45365638507200028E-12   5.00000000000000000E+00
     529     171       4   5.09559113820800072E-12   3.00000000000000000E+00
     530     152       5   3.52895450198400037E-12   3.00000000000000000E+00
     531     157       5   3.17583539803200050E-12   1.00000000000000000E+00
     532     198       3   2.67649042843200011E-12   2.10000000000000000E+01
     533     204       3   2.67565421145600014E-12   5.00000000000000000E+00
     534     161       5   2.53068012041600006E-12   9.00000000000000000E+00
     535     171       5   2.49764116848000017E-12   3.00000000000000000E+00
     536     208       4   2.38508282544000009E-12   5.00000000000000000E+00
     537     200       4   2.29461641924800021E-12   1.50000000000000000E+01
     538     216       3   2.19953110852800013E-12   1.50000000000000000E+01
     539     163       4   2.14484645390400013E-12   9.00000000000000000E+00
     540     219       3   1.97998337176000033E-12   9.00000000000000000E+00
     541     174       6   1.75424156032000013E-12   3.00000000000000000E+00
     542     221       3   1.74159832537600025E-12   7.00000000000000000E+00
     543     173       6   1.71129879401600026E-12   1.00000000000000000E+00
     544     198       4   1.70545667121600027E-12   5.00000000000000000E+00
     545     191       6   1.51493807326400023E-12   3.00000000000000000E+00
     546     187       4   1.49363140252800024E-12   1.00000000000000000E+00
     547     175       4   1.41727759059200014E-12   2.10000000000000000E+01
     548     199       4   1.38293240161600014E-12   7.00000000000000000E+00
     549     216       6   1.34736339806400010E-12   9.00000000000000000E+00
     550     199       5   1.30307649628800008E-12   1.50000000000000000E+01
     551     181       5   1.26862735164800016E-12   5.00000000000000000E+00
     552     214       3   1.15445594003200004E-12   2.10000000000000000E+01
     553     150       6   1.06713179089600004E-12   3.00000000000000000E+00
     554     190       7   1.05773854526400009E-12   3.00000000000000000E+00
     555     193       7   9.98989416320000072E-13   1.00000000000000000E+00
     556     194       5   9.02381874000000143E-13   2.10000000000000000E+01
     557     226       5   8.94044947776000043E-13   7.00000000000000000E+00
     558     203       5   8.80144438976000063E-13   2.70000000000000000E+01
     559     200       5   8.79927914368000080E-13   9.00000000000000000E+00
     560     190       7   8.63289972672000065E-13   9.00000000000000000E+00
     561     187       6   8.57307850944000063E-13   5.00000000000000000E+00
     562     188       6   8.45145303280000039E-13   1.50000000000000000E+01
     563     199       7   7.70798716864000107E-13   3.00000000000000000E+00
     564     199       8   7.08562600896000028E-13   3.00000000000000000E+00
     565     200       8   6.79062845712000077E-13   1.00000000000000000E+00
     566     202       6   6.23916843934400113E-13   2.10000000000000000E+01
     567     197       6   6.20427306054400030E-13   7.00000000000000000E+00
     568     197       7   6.16905388867200110E-13   5.00000000000000000E+00
     569     150       6   6.10772077572800112E-13   8.00000000000000000E+01
     570     200       8   5.99761589236800061E-13   9.00000000000000000E+00
     571     197       7   5.96186640747200069E-13   1.50000000000000000E+01
     572     202       8   5.61351813305600066E-13   3.00000000000000000E+00
     573     205       8   4.68160947142400005E-13   5.00000000000000000E+00
     574     212       7   4.56773256772800001E-13   2.10000000000000000E+01
     575     206       7   4.55019354443200097E-13   7.00000000000000000E+00
     576     208       8   4.49745290710400021E-13   1.50000000000000000E+01
     577     150       7   4.45069949321600031E-13   1.32000000000000000E+02
     578     150       3   3.68825241140800056E-13   5.00000000000000000E+00
     579     150       3   3.64924319756800018E-13   1.50000000000000000E+01
     580     219       8   3.48720454244800057E-13   2.10000000000000000E+01
     581     216       8   3.47741210441600056E-13   7.00000000000000000E+00
     582     150       8   3.43667890945600022E-13   1.92000000000000000E+02
     583     236       9   2.81266731281600029E-13   3.24000000000000000E+02
     584     239      10   2.24273684489600026E-13   4.00000000000000000E+02
     585     213      11   1.84608171841600021E-13   4.84000000000000000E+02
     586     247      12   1.54137660248000026E-13   5.76000000000000000E+02
     587     257       3   1.50048651331200006E-13   9.00000000000000000E+00
     588     150      13   1.30782287736000002E-13   6.76000000000000000E+02
     589     150      14   1.12256222305600011E-13   7.84000000000000000E+02
     590     150      15   9.88881931008000145E-14   9.00000000000000000E+02
     591     106       4   1.90192406412800030E-11   2.00000000000000000E+00
     592       1       3   1.63006642028800007E-11   1.00000000000000000E+01
     593     128       4   1.39859240475200020E-11   6.00000000000000000E+00
     594     119       5   8.65729783616000158E-12   2.00000000000000000E+00
     595     119       4   7.72694367280000117E-12   1.00000000000000000E+01
     596     144       5   6.98517396224000081E-12   6.00000000000000000E+00
     597       1       4   5.50106348065600049E-12   1.40000000000000000E+01
     598     119       6   4.98051056176000018E-12   2.00000000000000000E+00
     599     136       5   4.57335187160000048E-12   1.00000000000000000E+01
     600     157       6   4.21938767236800068E-12   6.00000000000000000E+00
     601       1       5   3.51923176526400054E-12   1.40000000000000000E+01
     602       1       5   3.49334422094400040E-12   1.80000000000000000E+01
     603     141       6   3.02465808899200024E-12   1.00000000000000000E+01
     604       1       6   2.44192152888000035E-12   1.40000000000000000E+01
     605     116       6   2.42564971784000026E-12   1.80000000000000000E+01
     606     116       7   1.86338877945600005E-12   8.00000000000000000E+01
     607     116       8   1.40196993686400019E-12   1.10000000000000000E+02
     608     116       9   1.09655449035200018E-12   1.54000000000000000E+02
     609     116      10   8.83020413168000087E-13   1.92000000000000000E+02
     610     116      11   8.10386610608000051E-13   2.42000000000000000E+02
     611     116      12   6.73927409408000039E-13   2.88000000000000000E+02
     612     116      13   5.69845057310400020E-13   3.38000000000000000E+02
     613     116      14   4.87492857798400024E-13   3.92000000000000000E+02
     614     116      15   4.22083834748800058E-13   4.50000000000000000E+02
     615       0       1   0.00000000000000000E+00   1.00000000000000000E+00
