# Columns: CDS ReadMe; original numeric rows
7.238000000000000000e+03 6.983134669209331512e+09 1.956606415719241709e-01 -9.899999999999998579e+01 9.685541512703609301e-01 1.921280826862402424e+00 2.464207737665259634e-02 1.622620240342498832e+01 2.744316740105419705e-01 4.206687039296357788e+00 -3.556103530010602531e-01 -1.067920418640619484e+00 5.865233663939416253e+00 1.834401477759566579e-01 1.222049379596751306e-02 -3.597831213513976722e-01 -5.597906569344955896e-01 -7.926938797382003798e-01 8.941640199875624528e-01 1.052311487868658885e-01 1.808903957290095509e-07 1.200314053646598923e-04 8.222778234969511260e-07 3.901108154550588826e-03 1.915603943344147964e-01 7.358985240514554604e+00 5.085469969513731314e+00
7.239000000000000000e+03 6.987301998436127663e+09 1.956606415719241709e-01 -9.899999999999998579e+01 9.685438194192231842e-01 1.921280826862402424e+00 2.462985781906269073e-02 1.626558589642737829e+01 2.721983653972162576e-01 4.206240883172328360e+00 -3.624110434472730957e-01 -1.070428451615667020e+00 5.870249729889510881e+00 1.834401477759565469e-01 1.222049379596762408e-02 -3.665927681257099557e-01 -5.642242563054625792e-01 -8.035960500881279556e-01 8.973780444015860835e-01 1.020301767761174205e-01 1.768606048364818854e-07 1.168965627574273554e-04 7.997181173057639805e-07 3.883327212259625027e-03 1.915781818705507011e-01 7.358185902713383797e+00 5.086269913235968332e+00
7.240000000000000000e+03 6.991522155931979179e+09 1.956606415719241709e-01 -9.899999999999998579e+01 9.685333583081432440e-01 1.921280826862402424e+00 2.461427401745457100e-02 1.630313431534621671e+01 2.700053480763975333e-01 4.205779639629391831e+00 -3.693044302541994006e-01 -1.072952657933256670e+00 5.875298142524690626e+00 1.834401477759565469e-01 1.222049379596762408e-02 -3.735120798576938017e-01 -5.687463643668640989e-01 -8.147068630074545403e-01 9.005565570064418823e-01 9.886472662822511082e-02 1.728236187274050848e-07 1.137691194730970119e-04 7.762193807273743755e-07 3.865608246498371606e-03 1.915959072752438097e-01 7.357378387913754203e+00 5.087071895231789043e+00
7.241000000000000000e+03 6.995795558709425926e+09 1.956606415719241709e-01 -9.899999999999998579e+01 9.685227669043948717e-01 1.921280826862402424e+00 2.459472908284411619e-02 1.633823451343749511e+01 2.678681814704153563e-01 4.205304497268937070e+00 -3.762653286802682406e-01 -1.075482822425381846e+00 5.880358471508940532e+00 1.834401477759565469e-01 1.222049379596762408e-02 -3.804953912921354986e-01 -5.733417730483302277e-01 -8.259294259633501722e-01 9.034702056875724141e-01 9.596319995759879096e-02 1.690518538130660460e-07 1.108973981614825498e-04 7.566837946248081048e-07 3.847954844546142006e-03 1.916135669600336211e-01 7.356562497749792762e+00 5.087875361907856053e+00
7.242000000000000000e+03 7.000112118101203918e+09 1.956606415719241709e-01 -9.899999999999998579e+01 9.685120702021290384e-01 1.921280826862402424e+00 2.454616794419781783e-02 1.635402413137916611e+01 2.660643536710105006e-01 4.204815952404526769e+00 -3.832742404314215534e-01 -1.078010188572138928e+00 5.885413203802454696e+00 1.834401477759565469e-01 1.222049379596762408e-02 -3.875250126167096854e-01 -5.780106293598430423e-01 -8.372145118385457829e-01 9.068123549596245336e-01 9.263522908405516509e-02 1.646943100139346368e-07 1.075233590984409722e-04 7.307054094005720241e-07 3.830412562149812430e-03 1.916311153504288156e-01 7.355740110127921838e+00 5.088678013843615844e+00
7.243000000000000000e+03 7.004478589445933342e+09 1.956606415719241709e-01 -9.899999999999998579e+01 9.685012514498738678e-01 1.921280826862402424e+00 2.118638452071241324e-02 1.415711829009206646e+01 3.055786660844035385e-01 4.204320716700872929e+00 -3.903040297865904562e-01 -1.080534611842413950e+00 5.890462050343004741e+00 1.835613431514696858e-01 1.209929842045448511e-02 -3.945706920677006235e-01 -5.827295120093576308e-01 -8.485186594744248412e-01 9.113278946881472331e-01 8.813948920273227683e-02 1.587915072713891661e-07 1.027942615460819846e-04 6.946820993757414479e-07 3.812955400861528250e-03 1.916485784304710616e-01 7.354909708868791363e+00 5.089480421156710399e+00
7.244000000000000000e+03 7.008912560597879410e+09 1.956606415719241709e-01 -9.899999999999998579e+01 9.684902670786943446e-01 1.921280826862402424e+00 1.187410523916655053e-02 7.957975857013142473e+00 5.404663145393454604e-01 4.203817367526063720e+00 -3.973920414128404022e-01 -1.083071919305922171e+00 5.895536665270021182e+00 1.835613431514697136e-01 1.209929842045445736e-02 -4.016749725592942410e-01 -5.875233826858511366e-01 -8.599161126744322425e-01 9.162610377648245930e-01 8.322811615345625247e-02 1.523568902994759005e-07 9.755953574567160006e-05 6.565126085600666332e-07 3.795518717627016734e-03 1.916660208760209705e-01 7.354068035953345905e+00 5.090285525329014682e+00
7.245000000000000000e+03 7.013413570361126900e+09 1.956606415719241709e-01 -9.899999999999998579e+01 9.684791182405083632e-01 1.921280826862402424e+00 1.152088418895665968e-02 7.744200984922614772e+00 5.521504625502755559e-01 4.203302264761023643e+00 -4.045442875212257872e-01 -1.085617836830034211e+00 5.900628500318245706e+00 1.835613431514697136e-01 1.209929842045445736e-02 -4.088450141373498603e-01 -5.923930649384447911e-01 -8.714263271961010249e-01 9.229438346077525335e-01 7.657585714240290609e-02 1.435199700113146936e-07 9.017635679917670967e-05 6.017705073869610272e-07 3.778111010956165024e-03 1.916834341846862799e-01 7.353215446385355847e+00 5.091093106126528767e+00
7.246000000000000000e+03 7.017945941093811035e+09 1.956606415719241709e-01 -9.899999999999998579e+01 9.684678932833907794e-01 1.921280826862402424e+00 1.141353048348186031e-02 7.694685412790354562e+00 5.524899844436654828e-01 4.202776113382639345e+00 -4.117021036046883409e-01 -1.088144442114995947e+00 5.905681710888169178e+00 1.835613431514697136e-01 1.209929842045445736e-02 -4.160207984397220615e-01 -5.972931038164681627e-01 -8.829619768867106311e-01 9.300728692917686891e-01 6.948044783396875590e-02 1.338144893359262624e-07 8.212690591828753568e-05 5.428085651631408325e-07 3.760871889681620308e-03 1.917006787103160137e-01 7.352358891485945236e+00 5.091896651141215813e+00
7.247000000000000000e+03 7.022485906353324890e+09 1.956606415719241709e-01 -9.899999999999998579e+01 9.684566510256938932e-01 1.921280826862402424e+00 1.134210256195521647e-02 7.668926598516097037e+00 5.511655286398152720e-01 4.202248811089694946e+00 -4.188264721739888841e-01 -1.090652021813759198e+00 5.910696870285695681e+00 1.835613431514697136e-01 1.209929842045445736e-02 -4.231631442106351115e-01 -6.021981205831877793e-01 -8.944563511685162949e-01 9.363176492539218021e-01 6.326568736709285712e-02 1.250946618523166964e-07 7.499777008843898113e-05 4.912736299826164654e-07 3.743888150499056263e-03 1.917176676361990739e-01 7.351503021713112318e+00 5.092691994792798660e+00
7.248000000000000000e+03 7.027052072221398354e+09 1.956606415719241709e-01 -9.899999999999998579e+01 9.684453453594730199e-01 1.921280826862402424e+00 1.127916295227386970e-02 7.648630406642952906e+00 5.494690201960015230e-01 4.201718438942039668e+00 -4.259467712028767172e-01 -1.093151427032891032e+00 5.915695680723959349e+00 1.835613431514697136e-01 1.209929842045445736e-02 -4.303013186321774097e-01 -6.071283676172898325e-01 -9.059549171158279846e-01 9.419980776396987832e-01 5.761334913957720516e-02 1.169049576942164673e-07 6.843745100146322153e-05 4.440288435241839287e-07 3.727087423131315597e-03 1.917344733595891526e-01 7.350644492341615432e+00 5.093482402570460366e+00
7.249000000000000000e+03 7.031660349992505074e+09 1.956606415719241709e-01 -9.899999999999998579e+01 9.684339368682037819e-01 1.921280826862402424e+00 1.122633572767522958e-02 7.634987552510374087e+00 5.473107065557352158e-01 4.201180740114197398e+00 -4.330876002256903723e-01 -1.095646443888613319e+00 5.920685714435403924e+00 1.836697811190340923e-01 1.199086045289007862e-02 -4.374602840697180972e-01 -6.120991907508743779e-01 -9.175010889721152418e-01 9.470537851125946371e-01 5.258305689562420282e-02 1.094373954733538203e-07 6.256085939800525800e-05 4.022666256630296518e-07 3.710411483577411886e-03 1.917511541245244255e-01 7.349780534083079964e+00 5.094270574063919810e+00
7.250000000000000000e+03 7.036318287454112053e+09 1.956606415719241709e-01 -9.899999999999998579e+01 9.684224068562304888e-01 1.921280826862402424e+00 1.117140402851131246e-02 7.619779854902280825e+00 5.452729948493403311e-01 4.200632400243071274e+00 -4.402753668563584855e-01 -1.098143647461695238e+00 5.925680121581567761e+00 1.836697811190340923e-01 1.199086045289007862e-02 -4.446695171330317109e-01 -6.171211596306220848e-01 -9.291630005527710123e-01 9.516414255681817647e-01 4.801892009915641885e-02 1.024934336258329391e-07 5.720467603906132995e-05 3.646017794265175812e-07 3.693835873761263343e-03 1.917677343950212332e-01 7.348910096503741052e+00 5.095057884711597929e+00
7.251000000000000000e+03 7.041031044891505241e+09 1.956606415719241709e-01 -9.899999999999998579e+01 9.684107425437216143e-01 1.921280826862402424e+00 1.111871890225312257e-02 7.605986670597148169e+00 5.431400581238261527e-01 4.200080426336972650e+00 -4.474838847946466802e-01 -1.100643958618642060e+00 5.930680743895461404e+00 1.836697811190340923e-01 1.199086045289007862e-02 -4.518938045361828859e-01 -6.221919517853709003e-01 -9.408385829078416140e-01 9.561548581179802886e-01 4.352888417169874929e-02 9.556412197821640418e-08 5.198635398031055144e-05 3.284754716344594639e-07 3.677344336440113541e-03 1.917842304393247710e-01 7.348032202319250139e+00 5.095844599239151229e+00
7.252000000000000000e+03 7.045795389622707367e+09 1.956606415719241709e-01 -9.899999999999998579e+01 9.683989519196434248e-01 1.921280826862402424e+00 1.106277016055816527e-02 7.589753151402448772e+00 5.411991889717483462e-01 4.199518284769349741e+00 -4.547221867295441200e-01 -1.103138826450845045e+00 5.935670479559867374e+00 1.836697811190340923e-01 1.199086045289007862e-02 -4.591483182196691715e-01 -6.273155656640598821e-01 -9.525651743219730738e-01 9.601352129606400831e-01 3.956968009759567056e-02 8.926186739366373985e-08 4.733530390244702392e-05 2.948515294717679280e-07 3.660951066769445403e-03 1.918006280494352900e-01 7.347147616419429816e+00 5.096629941173918432e+00
7.253000000000000000e+03 7.050616290204130173e+09 1.956606415719241709e-01 -9.899999999999998579e+01 9.683870226787562041e-01 1.921280826862402424e+00 1.100965752163779801e-02 7.575296423959174241e+00 5.391435553531975788e-01 4.198946826477847338e+00 -4.619947768195068472e-01 -1.105632204912822214e+00 5.940657236483821713e+00 1.836697811190340923e-01 1.199086045289007862e-02 -4.664384924324223025e-01 -6.324927486339471105e-01 -9.643578432510767628e-01 9.638129461200068970e-01 3.591221123636044454e-02 8.321277474989398413e-08 4.297359665911387039e-05 2.628464439862136579e-07 3.644641764609339932e-03 1.918169415358493279e-01 7.346255761512209936e+00 5.097414718825526769e+00
7.254000000000000000e+03 7.055500051692447662e+09 1.956606415719241709e-01 -9.899999999999998579e+01 9.683749392108061960e-01 1.921280826862402424e+00 1.096239090177805915e-02 7.564683406305477753e+00 5.368306926963489767e-01 4.198361514419008067e+00 -4.693145474205763779e-01 -1.108121466095679297e+00 5.945635758849536323e+00 1.837590829746753862e-01 1.190155859724878473e-02 -4.737766299323540320e-01 -6.377290872932339649e-01 -9.762435471359974803e-01 9.671274276908403689e-01 3.261631342699607833e-02 7.762328745400782188e-08 3.902698601029035857e-05 2.344652142436704256e-07 3.628399023862534378e-03 1.918331883087071033e-01 7.345355772938787275e+00 5.098199813501707922e+00
7.255000000000000000e+03 7.060447204805189133e+09 1.956606415719241709e-01 -9.899999999999998579e+01 9.683627002248975657e-01 1.921280826862402424e+00 1.091191397149610977e-02 7.552100682062555137e+00 5.346146477725938206e-01 4.197786669152958616e+00 -4.766808165344479931e-01 -1.110654910120515870e+00 5.950702646899208581e+00 1.837590829746753862e-01 1.190155859724878473e-02 -4.811609264379253514e-01 -6.430255303799445876e-01 -9.882150691319904201e-01 9.701593717067734657e-01 2.960173817500055121e-02 7.237611512445872586e-08 3.541023596098374514e-05 2.088839125403009870e-07 3.612225263267850386e-03 1.918493659452204791e-01 7.344447782526496660e+00 5.098985025986420894e+00
7.256000000000000000e+03 7.065439141987725258e+09 1.956606415719241709e-01 -9.899999999999998579e+01 9.683503517678538897e-01 1.921280826862402424e+00 1.086229941374896972e-02 7.540315904943142300e+00 5.323047457609831890e-01 4.197226276890778429e+00 -4.840681177515047118e-01 -1.113227776204683162e+00 5.955848379067543164e+00 1.837590829746753862e-01 1.190155859724878473e-02 -4.885676779636259903e-01 -6.483598537547927698e-01 -1.000245793461366439e+00 9.731348354595256156e-01 2.664384906339602524e-02 6.714790787126239778e-08 3.191501796178407345e-05 1.846321734595165922e-07 3.596183473205530074e-03 1.918654114430828617e-01 7.343535547244424144e+00 5.099767405343683890e+00
7.257000000000000000e+03 7.070434817838536263e+09 1.956606415719241709e-01 -9.899999999999998579e+01 9.683379953201318724e-01 1.921280826862402424e+00 1.081806468222309449e-02 7.531752707140915604e+00 5.298329434643282987e-01 4.196655129345759683e+00 -4.914114852594951288e-01 -1.115757164868641071e+00 5.960907156395458983e+00 1.837590829746753862e-01 1.190155859724878473e-02 -4.959298463595602224e-01 -6.536866010643942460e-01 -1.012219670075273026e+00 9.757218534839325885e-01 2.407261276091350252e-02 6.243865666579933304e-08 2.883853402603022179e-05 1.635701849140413869e-07 3.580401841300182714e-03 1.918811965875210634e-01 7.342626691630139923e+00 5.100540519281074658e+00
7.258000000000000000e+03 7.075445689109371185e+09 1.956606415719241709e-01 -9.899999999999998579e+01 9.683256024922732852e-01 1.921280826862402424e+00 1.077690443492162163e-02 7.524890279504520052e+00 5.272995649967069376e-01 4.196071226349387118e+00 -4.987314560959043019e-01 -1.118249344294099501e+00 5.965891515246376287e+00 1.837590829746753862e-01 1.190155859724878473e-02 -5.032691765685149976e-01 -6.590192975933125696e-01 -1.024175478147803853e+00 9.780413461259594987e-01 2.176761994142783693e-02 5.808471623189222564e-08 2.606528272368937156e-05 1.449755318253662482e-07 3.564839735822274407e-03 1.918967620214580838e-01 7.341719289241109614e+00 5.101306293583313334e+00
