# Columns: CDS ReadMe; original numeric rows
1.896100000000000000e+04 5.744503366845026016e+09 1.979610630872484789e-01 -9.899999999999998579e+01 1.863250038914683104e+00 2.041084822270213373e+00 1.264310843202245439e-02 8.198025750820926660e+00 2.943641780125689777e-01 4.206624032911637556e+00 -3.195127292842369071e-01 -1.049745594012767791e+00 5.833960318825132774e+00 1.916194491172804049e-01 6.341613969968074027e-03 1.972485742259369346e+00 6.131429462548211307e-01 1.953070913992325019e+00 8.809797966294886651e-01 1.146050666370543314e-01 2.400749464856582666e-05 1.312005684098716029e-03 9.352496098861699174e-06 1.915258006133718728e-03 1.920647994093832023e-01 7.319063290000245026e+00 5.127110392068996880e+00
1.896200000000000000e+04 5.744503385564721107e+09 1.979610630872484789e-01 -9.899999999999998579e+01 1.863250038898266236e+00 2.041084822270213373e+00 1.263504943497695092e-02 8.189115514518302774e+00 2.949649028995385835e-01 4.205596050737944402e+00 -3.228010373828097967e-01 -1.049333783714666790e+00 5.833136698228931216e+00 1.916194491172804049e-01 6.341613969968074027e-03 1.984332806534279570e+00 4.984272212056853335e-01 1.969908356866954424e+00 8.809788630481576455e-01 1.146059649075123615e-01 2.400761960018842954e-05 1.312016116978591577e-03 9.352599768352539390e-06 1.915239804167341445e-03 1.920648202794282833e-01 7.319038175289019676e+00 5.127070358254557370e+00
1.896300000000000000e+04 5.744503404037901878e+09 1.979610630872484789e-01 -9.899999999999998579e+01 1.863250038882065862e+00 2.041084822270213373e+00 1.262709050216364107e-02 8.180551885375422216e+00 2.955351549915866127e-01 4.204613032956698859e+00 -3.259668272152130841e-01 -1.048950643068377264e+00 5.832370416936352164e+00 1.916194491172804049e-01 6.341613969968074027e-03 1.997978655739663045e+00 4.558752729506405088e-01 1.985330642872367823e+00 8.809779578497608510e-01 1.146068358497602663e-01 2.400774053852168760e-05 1.312026237103569842e-03 9.352700387073287057e-06 1.915221214946727672e-03 1.920648415733062775e-01 7.319011417374833961e+00 5.127027701130768556e+00
1.896400000000000000e+04 5.744503422306172371e+09 1.979610630872484789e-01 -9.899999999999998579e+01 1.863250038866044234e+00 2.041084822270213373e+00 1.261892240480499104e-02 8.171745666529741214e+00 2.961242599426761046e-01 4.203594188379226715e+00 -3.292506943485505322e-01 -1.048554887480102504e+00 5.831578905759802645e+00 1.916194491172803771e-01 6.341613969968101783e-03 2.013928416561598045e+00 4.758193742349106636e-01 2.001161808143256948e+00 8.809770741108245984e-01 1.146076861326453949e-01 2.400785845686879174e-05 1.312036120096189435e-03 9.352798686249259082e-06 1.915202147197882536e-03 1.920648633448225617e-01 7.318983998517080813e+00 5.126983986575047503e+00
1.896500000000000000e+04 5.744503440168246269e+09 1.979610630872484789e-01 -9.899999999999998579e+01 1.863250038850377654e+00 2.041084822270213373e+00 1.261046854898786526e-02 8.162502617391830029e+00 2.967502607461265929e-01 4.202506962617455599e+00 -3.327511592034425592e-01 -1.048130668384005704e+00 5.830730467567608599e+00 1.916194491172803216e-01 6.341613969968157294e-03 2.027046890360600262e+00 4.370439541909583725e-01 2.015736921273421078e+00 8.809762035566026661e-01 1.146085237464240930e-01 2.400797471713884905e-05 1.312045851549182261e-03 9.352895436769606322e-06 1.915182872386647596e-03 1.920648853494447972e-01 7.318956667174938424e+00 5.126940419879928434e+00
1.896600000000000000e+04 5.744503457707048416e+09 1.979610630872484789e-01 -9.899999999999998579e+01 1.863250038834995070e+00 2.041084822270213373e+00 1.260281995391534897e-02 8.154242220629161153e+00 2.973085679176226681e-01 4.201515249527243867e+00 -3.359674597379998517e-01 -1.047755392470862912e+00 5.829979915741323460e+00 1.916194491172804049e-01 6.341613969968074027e-03 2.043913648944909234e+00 5.754526920303514315e-01 2.028887667563097796e+00 8.809753614678083045e-01 1.146093339580933762e-01 2.400808700576812413e-05 1.312055267998244162e-03 9.352989098635765261e-06 1.915163322433174019e-03 1.920649078469700011e-01 7.318927469117678442e+00 5.126893868084338557e+00
1.896700000000000000e+04 5.744503474868760109e+09 1.979610630872484789e-01 -9.899999999999998579e+01 1.863250038819943777e+00 2.041084822270213373e+00 1.259422898379618065e-02 8.144913956128947419e+00 2.979418309650662122e-01 4.200415115985077108e+00 -3.395169227407096590e-01 -1.047329856887883492e+00 5.829128844575364177e+00 1.916194491172804049e-01 6.341613969968074027e-03 2.056772175296181171e+00 5.281913267788350685e-01 2.043718071413339832e+00 8.809745413306986350e-01 1.146101230486978317e-01 2.400819632099752206e-05 1.312064438943493904e-03 9.353080324119944586e-06 1.915143532518045295e-03 1.920649305756573499e-01 7.318898904735804400e+00 5.126848391623496148e+00
1.896800000000000000e+04 5.744503491687578201e+09 1.979610630872484789e-01 -9.899999999999998579e+01 1.863250038805192021e+00 2.041084822270213373e+00 1.258519669852460089e-02 8.135248797953362754e+00 2.985939668329198882e-01 4.199291266931337141e+00 -3.431474481368750329e-01 -1.046897421478486523e+00 5.828263973756570238e+00 1.916194491172804049e-01 6.341613969968074027e-03 2.074095137264939659e+00 5.390206393749135128e-01 2.061237644407659442e+00 8.809737462169963118e-01 1.146108880554734533e-01 2.400830218690595198e-05 1.312073331796112909e-03 9.353168809424495977e-06 1.915123345302284074e-03 1.920649536496999987e-01 7.318870273883323563e+00 5.126802744495414288e+00
1.896900000000000000e+04 5.744503508144172668e+09 1.979610630872484789e-01 -9.899999999999998579e+01 1.863250038790758456e+00 2.041084822270213373e+00 1.257703631152705913e-02 8.126651233272564667e+00 2.991714128317564114e-01 4.198276139748447378e+00 -3.464509677373957541e-01 -1.046518926912967551e+00 5.827506984625532738e+00 1.916194491172803771e-01 6.341613969968101783e-03 2.090441021800212074e+00 7.386424050169010380e-01 2.070678074544418656e+00 8.809729739114703362e-01 1.146116311146416211e-01 2.400840494296303316e-05 1.312081970159524429e-03 9.353254775609894046e-06 1.915103051443147950e-03 1.920649774538615018e-01 7.318838255104745727e+00 5.126751703205949973e+00
1.897000000000000000e+04 5.744503524105458260e+09 1.979610630872484789e-01 -9.899999999999998579e+01 1.863250038776757433e+00 2.041084822270213373e+00 1.256698327423252243e-02 8.115700335799481024e+00 2.999228861982118910e-01 4.196999371847260463e+00 -3.505534304359377296e-01 -1.046016622459863488e+00 5.826502375719324611e+00 1.916194491172804049e-01 6.341613969968074027e-03 2.101275298094070543e+00 6.201829713588898896e-01 2.086687299364518910e+00 8.809722011065543867e-01 1.146123746982135316e-01 2.400850812634770768e-05 1.312090603399313719e-03 9.353340572353994643e-06 1.915082698169660999e-03 1.920650008725938163e-01 7.318810571265558451e+00 5.126707571713200906e+00
1.897100000000000000e+04 5.744503539887832642e+09 1.979610630872484789e-01 -9.899999999999998579e+01 1.863250038762914285e+00 2.041084822270213373e+00 1.255841547551726084e-02 8.106678245901463242e+00 3.005332755874559059e-01 4.195924787274617707e+00 -3.540548478171539615e-01 -1.045618162005186091e+00 5.825705454809969375e+00 1.916194491172804881e-01 6.341613969967990760e-03 2.119735015340576290e+00 7.981957603157922021e-01 2.098510642601325582e+00 8.809714377501295379e-01 1.146131091957932613e-01 2.400861005102218138e-05 1.312099129684283225e-03 9.353425296071382386e-06 1.915061922609320559e-03 1.920650253570492794e-01 7.318778265539370942e+00 5.126656076123590644e+00
1.897200000000000000e+04 5.744503555332009315e+09 1.979610630872484789e-01 -9.899999999999998579e+01 1.863250038749367343e+00 2.041084822270213373e+00 1.254852727847472621e-02 8.095992006631870908e+00 3.012691122888905837e-01 4.194662439044492430e+00 -3.581290838531392406e-01 -1.045130583562928761e+00 5.824730297925455602e+00 1.916194491172804881e-01 6.341613969967990760e-03 2.131411353048493051e+00 6.770967165876511373e-01 2.115878843432146272e+00 8.809706653341740079e-01 1.146138524555652405e-01 2.400871355920183942e-05 1.312107746153867499e-03 9.353510793805803593e-06 1.915040830453212722e-03 1.920650497129227086e-01 7.318749514707683979e+00 5.126610241847177285e+00
1.897300000000000000e+04 5.744503570450968742e+09 1.979610630872484789e-01 -9.899999999999998579e+01 1.863250038736105063e+00 2.041084822270213373e+00 1.253931503975089581e-02 8.086103887627899667e+00 3.019510367025894926e-01 4.193469684974829192e+00 -3.620008724570378811e-01 -1.044680969725551689e+00 5.823831070250700570e+00 1.916194491172802938e-01 6.341613969968185049e-03 2.147143732504341873e+00 7.460392193972581465e-01 2.129545255836666318e+00 8.809698934165900441e-01 1.146145952656438538e-01 2.400881723154993014e-05 1.312116349730038873e-03 9.353596084380992338e-06 1.915019475203874741e-03 1.920650746462167768e-01 7.318718170592845240e+00 5.126560279276693777e+00
1.897400000000000000e+04 5.744503585356849670e+09 1.979610630872484789e-01 -9.899999999999998579e+01 1.863250038723029522e+00 2.041084822270213373e+00 1.252878006570632557e-02 8.074682068830513870e+00 3.027452884355341656e-01 4.192110896347772453e+00 -3.663854737888193602e-01 -1.044155693137328367e+00 5.822780517074254369e+00 1.916294909094435062e-01 6.331572177804972723e-03 2.159093402912047210e+00 6.515308000196520233e-01 2.145381650779582206e+00 8.809691337632873376e-01 1.146153262778044357e-01 2.400891924916788919e-05 1.312124815529469709e-03 9.353680002956495860e-06 1.914997686516233064e-03 1.920650997139334570e-01 7.318688752055392044e+00 5.126513333155341634e+00
1.897500000000000000e+04 5.744503600016075134e+09 1.979610630872484789e-01 -9.899999999999998579e+01 1.863250038710169809e+00 2.041084822270213373e+00 1.251865529613921564e-02 8.063810674663400846e+00 3.035009516583366818e-01 4.190800490265108813e+00 -3.706353548940039544e-01 -1.043659821524592690e+00 5.821788773848783016e+00 1.916294909094434229e-01 6.331572177805055990e-03 2.173506864899755975e+00 6.545553192090085570e-01 2.160155485170144107e+00 8.809683884168768575e-01 1.146160435264291649e-01 2.400901933600464667e-05 1.312133120781555813e-03 9.353762323962774849e-06 1.914975484106879117e-03 1.920651253606581732e-01 7.318657010649925354e+00 5.126462738133419350e+00
1.897600000000000000e+04 5.744503607253994942e+09 1.979610630872484789e-01 -9.899999999999998579e+01 1.863250038703820666e+00 2.041084822270213373e+00 1.251515699418916973e-02 8.060383244913126077e+00 3.037324270121871117e-01 4.190352375595444379e+00 -3.721361961763801629e-01 -1.043514012826452841e+00 5.821497156452503319e+00 1.916294909094433951e-01 6.331572177805083745e-03 2.193368125922777523e+00 1.061399598078624829e+00 2.160073799441220466e+00 8.809674920217352989e-01 1.146169069023781212e-01 2.400914685836909012e-05 1.312142923246252752e-03 9.353857311358578874e-06 1.914964447364966805e-03 1.920651388537542303e-01 7.318636179611861969e+00 5.126429530348497465e+00
