# Columns: CDS ReadMe; original numeric rows
1.625400000000000000e+04 6.984693135890526772e+09 1.963043437882806830e-01 -9.899999999999998579e+01 9.786342067236273312e-01 1.920662891470827693e+00 1.915542539008895442e-02 1.305355613166005746e+01 3.165771443397470963e-01 4.206624919543420660e+00 -4.115643782394319272e-01 -1.095773191753932396e+00 5.922365646619869750e+00 1.843459237405613016e-01 1.195842004771938138e-02 -4.159971730955112634e-01 -5.983140774276682894e-01 -8.809288383599130912e-01 9.999999999999931166e-01 9.554973012256935569e-16 8.196629981905147440e-16 7.293852952506282730e-16 5.743727981882156566e-16 3.696373776608665590e-03 1.924082923635533626e-01 7.353519923122682656e+00 5.096258248488170217e+00
1.625500000000000000e+04 6.986424035804999352e+09 1.963043437882806830e-01 -9.899999999999998579e+01 9.786299837439279559e-01 1.920662891470827693e+00 1.915941624144612901e-02 1.307092855172856538e+01 3.154587141425544417e-01 4.206403559120462710e+00 -4.143822639838078969e-01 -1.096739413780203121e+00 5.924298090672411199e+00 1.843459237405613016e-01 1.195842004771938138e-02 -4.188219458298912956e-01 -6.002584061481885946e-01 -8.854463991383106913e-01 9.999999999999931166e-01 9.551044970268537105e-16 8.197715885224083205e-16 7.295499061799558660e-16 5.739184731495385482e-16 3.689832001608016332e-03 1.924148361369109883e-01 7.353177984052911675e+00 5.096569843945928824e+00
1.625600000000000000e+04 6.988163689642057419e+09 1.963043437882806830e-01 -9.899999999999998579e+01 9.786257396074584669e-01 1.920662891470827693e+00 1.916335103685064961e-02 1.308827056302839509e+01 3.143461979604799117e-01 4.206179696573120630e+00 -4.172084021265785592e-01 -1.097704757756904570e+00 5.926228778625813653e+00 1.843459237405613016e-01 1.195842004771938138e-02 -4.216555716475811066e-01 -6.022126946934417413e-01 -8.899807455204580275e-01 9.999999999999931166e-01 9.545455560503098323e-16 8.198796965324134644e-16 7.297143755189436465e-16 5.734610503146748029e-16 3.683300319122314107e-03 1.924213697941117573e-01 7.352834753995293404e+00 5.096881531606176630e+00
1.625700000000000000e+04 6.989912836066038132e+09 1.963043437882806830e-01 -9.899999999999998579e+01 9.786214725115349733e-01 1.920662891470827693e+00 1.916737827699349986e-02 1.310566489294400228e+01 3.132384743323338716e-01 4.205952435401178136e+00 -4.200438875360971713e-01 -1.098667978117777722e+00 5.928155219347559957e+00 1.843459237405613016e-01 1.195842004771938138e-02 -4.244788759189073724e-01 -6.041876956436152968e-01 -8.944543691669637475e-01 9.999999999999931166e-01 9.540803896016980576e-16 8.199873633086805622e-16 7.298787617731457959e-16 5.730003414760100102e-16 3.676779168752148351e-03 1.924278928841843539e-01 7.352489489547709312e+00 5.097192485727612521e+00
1.625800000000000000e+04 6.991672922758881569e+09 1.963043437882806830e-01 -9.899999999999998579e+01 9.786171789245611263e-01 1.920662891470827693e+00 1.917178918884173897e-02 1.312333932148839466e+01 3.121287542413675453e-01 4.205723453062812034e+00 -4.228857861369623716e-01 -1.099630962741478868e+00 5.930081188594962249e+00 1.843459237405613849e-01 1.195842004771929812e-02 -4.273348255197113588e-01 -6.061691017200948606e-01 -8.990216753484772116e-01 9.999999999999931166e-01 9.538385941335749287e-16 8.200946708064284702e-16 7.300431868431976093e-16 5.725359865994436515e-16 3.670257262610208439e-03 1.924344167087863600e-01 7.352142717868938249e+00 5.097504209583952672e+00
1.625900000000000000e+04 6.993444201585448265e+09 1.963043437882806830e-01 -9.899999999999998579e+01 9.786128582328919023e-01 1.920662891470827693e+00 1.917531275309906219e-02 1.314046392821193621e+01 3.110349381146607639e-01 4.205492029076021154e+00 -4.257416532427600875e-01 -1.100596048320797271e+00 5.932011359753599500e+00 1.843459237405613294e-01 1.195842004771935363e-02 -4.302064182179352048e-01 -6.081582336757392904e-01 -9.036304978233102858e-01 9.999999999999931166e-01 9.536301546805845479e-16 8.202016263700711369e-16 7.302076586852144180e-16 5.720679183201046537e-16 3.663737246992256318e-03 1.924409386266849598e-01 7.351794443903002296e+00 5.097816784275552848e+00
1.626000000000000000e+04 6.995224733190028191e+09 1.963043437882806830e-01 -9.899999999999998579e+01 9.786085151672403448e-01 1.920662891470827693e+00 1.917955842470180777e-02 1.315810485836248311e+01 3.099333821578822423e-01 4.205258432702277283e+00 -4.286061441530264471e-01 -1.101561101028441625e+00 5.933941465168888207e+00 1.844543617081254860e-01 1.184998208015519694e-02 -4.330820143293310220e-01 -6.101536166360255198e-01 -9.082493906900566127e-01 9.999999999999931166e-01 9.533784180470466501e-16 8.203081074273052422e-16 7.303719839574554410e-16 5.715966446442125613e-16 3.657227059196996571e-03 1.924474506964279630e-01 7.351444939491867281e+00 5.098129647895438765e+00
1.626100000000000000e+04 6.997012952075713158e+09 1.963043437882806830e-01 -9.899999999999998579e+01 9.786041535457410401e-01 1.920662891470827693e+00 1.918327575971610910e-02 1.317539923423883330e+01 3.088447194410043339e-01 4.205022199736225375e+00 -4.314804096296546709e-01 -1.102525767834652948e+00 5.935870798781309965e+00 1.844543617081254860e-01 1.184998208015519694e-02 -4.359672657450679445e-01 -6.121574468455652784e-01 -9.128909375481971678e-01 9.999999999999931166e-01 9.533280524272534239e-16 8.204140176809288181e-16 7.305360068514419150e-16 5.711225839222100392e-16 3.650732484748175476e-03 1.924539471288648496e-01 7.351094512391980196e+00 5.098442485987353834e+00
1.626200000000000000e+04 6.998808570873010635e+09 1.963043437882806830e-01 -9.899999999999998579e+01 9.785997740685083990e-01 1.920662891470827693e+00 1.918694172700749143e-02 1.319266010715471182e+01 3.077621254090656122e-01 4.204784021748282363e+00 -4.343599244818245886e-01 -1.103489169284851190e+00 5.937797601681706894e+00 1.844543617081255138e-01 1.184998208015516918e-02 -4.388564721542516089e-01 -6.141669470694485211e-01 -9.175437119932318142e-01 9.999999999999931166e-01 9.532251800288007103e-16 8.205193392089265270e-16 7.306996912684463067e-16 5.706458212661118693e-16 3.644254660068496372e-03 1.924604267878295416e-01 7.350743209448227233e+00 5.098755194231524790e+00
1.626300000000000000e+04 7.000612372428606987e+09 1.963043437882806830e-01 -9.899999999999998579e+01 9.785953748253654050e-01 1.920662891470827693e+00 1.919068237856570366e-02 1.320997039578436549e+01 3.066838225146725772e-01 4.204543656794149875e+00 -4.372449582814536551e-01 -1.104450956276399998e+00 5.939721175664804953e+00 1.844543617081254860e-01 1.184998208015519694e-02 -4.417497818592535652e-01 -6.161844912800320540e-01 -9.222034056653014567e-01 9.999999999999931166e-01 9.532776220579801476e-16 8.206241162067933578e-16 7.308630947908322911e-16 5.701690664099916651e-16 3.637790966121383102e-03 1.924668922921835001e-01 7.350390853725793150e+00 5.099067832458637817e+00
1.626400000000000000e+04 7.002424967339528084e+09 1.963043437882806830e-01 -9.899999999999998579e+01 9.785909543264418309e-01 1.920662891470827693e+00 1.919441763624426395e-02 1.322727655255547674e+01 3.056109933838772608e-01 4.204301272586671523e+00 -4.401348365687173803e-01 -1.105411127005076155e+00 5.941641517122157268e+00 1.844543617081254860e-01 1.184998208015519694e-02 -4.446471589437346328e-01 -6.182103429412197926e-01 -9.268693372958133336e-01 9.999999999999931166e-01 9.536125495156966585e-16 8.207283810119665686e-16 7.310262547748603325e-16 5.696886745455534394e-16 3.631339346154740209e-03 1.924733456996215175e-01 7.350037319370309241e+00 5.099380466712458038e+00
1.626500000000000000e+04 7.004247039432834625e+09 1.963043437882806830e-01 -9.899999999999998579e+01 9.785865109035282172e-01 1.920662891470827693e+00 1.919812461724421451e-02 1.324456486773176778e+01 3.045437926436886933e-01 4.204056645103313450e+00 -4.430310971402506848e-01 -1.106370002324125412e+00 5.943559267760255338e+00 1.844543617081254860e-01 1.184998208015519694e-02 -4.475505217875380137e-01 -6.202458356691249453e-01 -9.315445749916454465e-01 9.999999999999931166e-01 9.538203329239458067e-16 8.208321689485004506e-16 7.311892203844800546e-16 5.692048071276494505e-16 3.624897623253802055e-03 1.924797891865512034e-01 7.349682477677760062e+00 5.099693171464815933e+00
1.626600000000000000e+04 7.006079273281663895e+09 1.963043437882806830e-01 -9.899999999999998579e+01 9.785820428868781118e-01 1.920662891470827693e+00 1.920223178159071592e-02 1.326213704642862723e+01 3.034749968086203897e-01 4.203809743686602651e+00 -4.459346803202565157e-01 -1.107327991080707674e+00 5.945475245273419418e+00 1.844543617081254860e-01 1.184998208015519694e-02 -4.504607416905062611e-01 -6.222923021967555757e-01 -9.362290126668733059e-01 9.999999999999931166e-01 9.542124593789607022e-16 8.209355138542715390e-16 7.313520403218575856e-16 5.687176463404363252e-16 3.618463675138654332e-03 1.924862248758264227e-01 7.349326204826225784e+00 5.100006032894994767e+00
1.626700000000000000e+04 7.007921566829074860e+09 1.963043437882806830e-01 -9.899999999999998579e+01 9.785775505251828044e-01 1.920662891470827693e+00 1.920561394095113977e-02 1.327922209098582584e+01 3.024219493966687211e-01 4.203560236831349606e+00 -4.488477300101457734e-01 -1.108285502215145435e+00 5.947390267542295383e+00 1.844543617081254860e-01 1.184998208015519694e-02 -4.533815196158391125e-01 -6.243500576047696926e-01 -9.409333252656149060e-01 9.999999999999931166e-01 9.547620940896716482e-16 8.210384045712188132e-16 7.315146924359744432e-16 5.682272876212211600e-16 3.612038106917136310e-03 1.924926521614936659e-01 7.348968551096836777e+00 5.100319056420235420e+00
1.626800000000000000e+04 7.009773983301459312e+09 1.963043437882806830e-01 -9.899999999999998579e+01 9.785730336639737459e-01 1.920662891470827693e+00 1.920877984079129644e-02 1.329616682174510878e+01 3.013768069186479881e-01 4.203308606917683043e+00 -4.517674804259702581e-01 -1.109242117595724997e+00 5.949303498303454951e+00 1.844543617081255138e-01 1.184998208015516918e-02 -4.563084286828806291e-01 -6.264167952224938274e-01 -9.456487472157228957e-01 9.999999999999931166e-01 9.551286906572893987e-16 8.211408394162009371e-16 7.316771686382531257e-16 5.677336942279297850e-16 3.605621023424157839e-03 1.924990709394912569e-01 7.348609506587514772e+00 5.100632224144062477e+00
1.626900000000000000e+04 7.011636912748726845e+09 1.963043437882806830e-01 -9.899999999999998579e+01 9.785684913520589223e-01 1.920662891470827693e+00 1.921240384195896725e-02 1.331344832219275531e+01 3.003282878218349050e-01 4.203054301446841556e+00 -4.546975082068340779e-01 -1.110198520544472878e+00 5.951216304200950269e+00 1.844543617081255138e-01 1.184998208015516918e-02 -4.592455383647721101e-01 -6.284953323224989896e-01 -9.503819785657801056e-01 9.999999999999931166e-01 9.555510766816147128e-16 8.212428344231522585e-16 7.318394884750967353e-16 5.672367339134105839e-16 3.599211530198119513e-03 1.925054821024176910e-01 7.348248993306945032e+00 5.100945566576388757e+00
1.627000000000000000e+04 7.013509849547767639e+09 1.963043437882806830e-01 -9.899999999999998579e+01 9.785639248219210051e-01 1.920662891470827693e+00 1.921529661853814061e-02 1.333022631817095238e+01 2.992960466656285901e-01 4.202797771402841498e+00 -4.576341558860494430e-01 -1.111153784296081914e+00 5.953126831704168787e+00 1.844543617081255138e-01 1.184998208015516918e-02 -4.621899300106426245e-01 -6.305831244975470540e-01 -9.551293617131548785e-01 9.999999999999931166e-01 9.561599500347009553e-16 8.213443567330743140e-16 7.320015930885024348e-16 5.667365254858563251e-16 3.592811359312882841e-03 1.925118839202757948e-01 7.347887145450442858e+00 5.101259026497855231e+00
1.627100000000000000e+04 7.015393033087374687e+09 1.963043437882806830e-01 -9.899999999999998579e+01 9.785593334895764661e-01 1.920662891470827693e+00 1.921852697264826715e-02 1.334724609457459366e+01 2.982630171978081779e-01 4.202538775628035239e+00 -4.605790401476194118e-01 -1.112108234877255519e+00 5.955035732866515552e+00 1.844543617081255138e-01 1.184998208015516918e-02 -4.651417668712826137e-01 -6.326816095905050119e-01 -9.598883894948161410e-01 9.999999999999931166e-01 9.565391362113155592e-16 8.214454142779007912e-16 7.321634852908812302e-16 5.662330030802607245e-16 3.586420292366574412e-03 1.925182766099078346e-01 7.347523896970765023e+00 5.101572587596653996e+00
1.627200000000000000e+04 7.017287077645022392e+09 1.963043437882806830e-01 -9.899999999999998579e+01 9.785547158572747151e-01 1.920662891470827693e+00 1.922178088717198252e-02 1.336430028757788513e+01 2.972334034836890959e-01 4.202277377709561890e+00 -4.635332633371216371e-01 -1.113062550635059322e+00 5.956944364382122714e+00 1.844543617081255138e-01 1.184998208015516918e-02 -4.681033491705035021e-01 -6.347907920201414367e-01 -9.646662565156017832e-01 9.999999999999931166e-01 9.569870555035077624e-16 8.215460343111095954e-16 7.323251971476929318e-16 5.657260111187849720e-16 3.580036460163014012e-03 1.925246620409685194e-01 7.347159153741187332e+00 5.101886348084454070e+00
1.627300000000000000e+04 7.019191788924940109e+09 1.963043437882806830e-01 -9.899999999999998579e+01 9.785500723985243177e-01 1.920662891470827693e+00 1.922488616790495736e-02 1.338126603024298156e+01 2.962100939799770516e-01 4.202013473153377809e+00 -4.664964433311945546e-01 -1.114016331519727787e+00 5.958851926151460532e+00 1.844543617081255138e-01 1.184998208015516918e-02 -4.710743953515067473e-01 -6.369102957698924428e-01 -9.694629622300682259e-01 9.999999999999931166e-01 9.573073691219195669e-16 8.216462008425796149e-16 7.324866975375857704e-16 5.652156162300372265e-16 3.573660738508285112e-03 1.925310393370911755e-01 7.346792978881313552e+00 5.102200287300900250e+00
1.627400000000000000e+04 7.021107170729270935e+09 1.963043437882806830e-01 -9.899999999999998579e+01 9.785454031038037792e-01 1.920662891470827693e+00 1.922794542529328646e-02 1.339821117076923862e+01 2.951916928664289341e-01 4.201747399980177100e+00 -4.694668836241461252e-01 -1.114969405319800266e+00 5.960758073751605046e+00 1.845596103237024665e-01 1.174473346457821643e-02 -4.740526743322082126e-01 -6.390387757222012466e-01 -9.742744411119100834e-01 9.999999999999931166e-01 9.575386934616762829e-16 8.217459086123140305e-16 7.326479734378053909e-16 5.647018367165955964e-16 3.567293467569216444e-03 1.925374081596546438e-01 7.346425385196138969e+00 5.102514392085886641e+00
1.627500000000000000e+04 7.023033276104140282e+09 1.963043437882806830e-01 -9.899999999999998579e+01 9.785407078436828554e-01 1.920662891470827693e+00 1.923147312597555184e-02 1.341550281505264408e+01 2.941697358210242919e-01 4.201478336335291885e+00 -4.724491948862465374e-01 -1.115922433661080682e+00 5.962664130434165877e+00 1.845596103237024665e-01 1.174473346457821643e-02 -4.770430879344676467e-01 -6.411802780662496648e-01 -9.791075060504058625e-01 9.999999999999931166e-01 9.578795638933143095e-16 8.218451548676725449e-16 7.328090151916546934e-16 5.641846820754506152e-16 3.560934975419437036e-03 1.925437681782713739e-01 7.346056368740327081e+00 5.102828643375110218e+00
1.627600000000000000e+04 7.024969872010449409e+09 1.963043437882806830e-01 -9.899999999999998579e+01 9.785359871859121705e-01 1.920662891470827693e+00 1.923470612455309772e-02 1.343259652878772847e+01 2.931567257484097855e-01 4.201207232329084107e+00 -4.754379883489843750e-01 -1.116874622380033211e+00 5.964568507872071379e+00 1.845596103237024665e-01 1.174473346457821643e-02 -4.800403112880385903e-01 -6.433296435868428587e-01 -9.839565526418618813e-01 9.999999999999931166e-01 9.585248338370369571e-16 8.219439225841148424e-16 7.329697891988381844e-16 5.636642388148926827e-16 3.554586027758298034e-03 1.925501186289796385e-01 7.345686014888532789e+00 5.103143028161105654e+00
1.627700000000000000e+04 7.026916761791402817e+09 1.963043437882806830e-01 -9.899999999999998579e+01 9.785312416095616195e-01 1.920662891470827693e+00 1.923740133840961403e-02 1.344932678808499027e+01 2.921559431369417648e-01 4.200933535451393475e+00 -4.784361616658407979e-01 -1.117826315283081628e+00 5.966471893678168215e+00 1.845596103237024943e-01 1.174473346457818868e-02 -4.830459936259716147e-01 -6.454899408870684585e-01 -9.888201786949210037e-01 9.999999999999931166e-01 9.591976101145549519e-16 8.220421968872124948e-16 7.331302642777524766e-16 5.631407984585958367e-16 3.548247965335135212e-03 1.925564581689034049e-01 7.345314336463095728e+00 5.103457437275271680e+00
1.627800000000000000e+04 7.028873765297160149e+09 1.963043437882806830e-01 -9.899999999999998579e+01 9.785264715532930868e-01 1.920662891470827693e+00 1.924031367664607098e-02 1.346621538910982707e+01 2.911562331907089907e-01 4.200657330327532968e+00 -4.814423805816476221e-01 -1.118777014493262945e+00 5.968373292098530847e+00 1.845596103237024665e-01 1.174473346457821643e-02 -4.860603871674016863e-01 -6.476597395652503586e-01 -9.937023891336849157e-01 9.999999999999931166e-01 9.601331388737781044e-16 8.221399644382136828e-16 7.332904111485105346e-16 5.626146429744836012e-16 3.541921346307803573e-03 1.925627862399215129e-01 7.344941406829208042e+00 5.103771864434033745e+00
