# Columns: CDS ReadMe; original numeric rows
1.203500000000000000e+04 9.733301523076025009e+09 1.965176491530753466e-01 -9.899999999999998579e+01 2.097446717795947713e+00 1.962437645592856716e+00 9.139644974256233567e-03 5.420419670827883785e+00 4.684327674439128786e-01 4.206494416370617273e+00 -1.724479664299587434e-01 -9.759539795035876431e-01 5.683198872656371137e+00 1.887953687642512923e-01 7.722280388824054320e-03 1.194965650413981617e+00 -8.489160694203227164e-01 1.191021644006808211e+00 8.649323837521547542e-01 1.315048372355600570e-01 6.134720683497883915e-05 1.382829889307770135e-03 9.524881614310518540e-06 2.480492576473700746e-03 1.920103175387592176e-01 7.335003756771491190e+00 5.110363092984842481e+00
1.203600000000000000e+04 9.733301579501546860e+09 1.965176491530753466e-01 -9.899999999999998579e+01 2.097446717756493495e+00 1.962437645592856716e+00 9.136919801576276132e-03 5.417478813090102818e+00 4.689259317666704119e-01 4.206229799036276695e+00 -1.730635377491736293e-01 -9.757325304945140276e-01 5.682755974638223684e+00 1.887953687642512923e-01 7.722280388824054320e-03 1.204707732467491743e+00 -8.492538384855627953e-01 1.200854596505911198e+00 8.649325019719180663e-01 1.315047218104259952e-01 6.134716575893894440e-05 1.382828554639778341e-03 9.524874523369824828e-06 2.480483408235670435e-03 1.920103269554645220e-01 7.334990653521130888e+00 5.110342260848912410e+00
1.203700000000000000e+04 9.733301647212175369e+09 1.965176491530753466e-01 -9.899999999999998579e+01 2.097446717709147368e+00 1.962437645592856716e+00 9.133642238814859357e-03 5.413908220445367903e+00 4.695262385308635045e-01 4.205901826488873674e+00 -1.738365133953549413e-01 -9.754630732227995704e-01 5.682217060094794547e+00 1.887953687642512923e-01 7.722280388824054320e-03 1.216836609152343707e+00 -8.496719533109182709e-01 1.213093652229066732e+00 8.649327108006821252e-01 1.315045175088016549e-01 6.134709694600601283e-05 1.382826474114715130e-03 9.524861867417226316e-06 2.480472093381546912e-03 1.920103385819669217e-01 7.334974468168829809e+00 5.110316528337464526e+00
1.203800000000000000e+04 9.733301728464929581e+09 1.965176491530753466e-01 -9.899999999999998579e+01 2.097446717652331483e+00 1.962437645592856716e+00 9.129640420187859831e-03 5.409542949401793699e+00 4.702611169293991478e-01 4.205491845092930170e+00 -1.748182652736102460e-01 -9.751339863700394517e-01 5.681558886389274754e+00 1.887953687642512923e-01 7.722280388824054320e-03 1.232077294563290737e+00 -8.502062329524472384e-01 1.228468383289813559e+00 8.649329603517363907e-01 1.315042733709146372e-01 6.134701468584247467e-05 1.382823985689604195e-03 9.524846744281863768e-06 2.480458028437334140e-03 1.920103530422234417e-01 7.334954322493000944e+00 5.110284498973538092e+00
1.203900000000000000e+04 9.733301804604938507e+09 1.965176491530753466e-01 -9.899999999999998579e+01 2.097446717599088739e+00 1.962437645592856716e+00 9.125796209000461290e-03 5.405369783936899708e+00 4.709642000385304006e-01 4.205092241522526919e+00 -1.757890109957377101e-01 -9.748201520902969319e-01 5.680931217829789048e+00 1.887953687642512923e-01 7.722280388824054320e-03 1.247020062404523122e+00 -8.507412690030389246e-01 1.243537984958559939e+00 8.649331781304130384e-01 1.315040603832785260e-01 6.134694230338113544e-05 1.382821768092246930e-03 9.524833567915695298e-06 2.480444385055653213e-03 1.920103670767089321e-01 7.334934759246511504e+00 5.110253395170595070e+00
1.204000000000000000e+04 9.733301879943983078e+09 1.965176491530753466e-01 -9.899999999999998579e+01 2.097446717546404216e+00 1.962437645592856716e+00 9.121915224412807319e-03 5.401163756120702431e+00 4.716741534153728876e-01 4.204680272757777892e+00 -1.768043546781239983e-01 -9.745038864019921476e-01 5.680298686453180146e+00 1.887953687642512923e-01 7.722280388824054320e-03 1.262507296582828564e+00 -8.513123553078945083e-01 1.259152081220831887e+00 8.649333959055235388e-01 1.315038473878976100e-01 6.134687002759337730e-05 1.382819558251736696e-03 9.524820199162157636e-06 2.480430392858419889e-03 1.920103814782333218e-01 7.334914668326844023e+00 5.110221451962248196e+00
1.204100000000000000e+04 9.733301953435495377e+09 1.965176491530753466e-01 -9.899999999999998579e+01 2.097446717495009771e+00 1.962437645592856716e+00 9.118040619287441639e-03 5.396976934863885411e+00 4.723817835000501120e-01 4.204261424524439406e+00 -1.778509476104297438e-01 -9.741894864014668531e-01 5.679669886452129113e+00 1.887953687642512368e-01 7.722280388824109831e-03 1.278308388624041170e+00 -8.519139598064788821e-01 1.275077966394094320e+00 8.649336062622029475e-01 1.315036416560706745e-01 6.134680014292780441e-05 1.382817418285337734e-03 9.524807286749966588e-06 2.480416235733398991e-03 1.920103960580483160e-01 7.334894398708701857e+00 5.110189099280941782e+00
1.204200000000000000e+04 9.733302025218223572e+09 1.965176491530753466e-01 -9.899999999999998579e+01 2.097446717444809039e+00 1.962437645592856716e+00 9.114115232173146050e-03 5.392772082436462000e+00 4.730909289691497821e-01 4.203834796856345868e+00 -1.789313064902436079e-01 -9.738764105051860298e-01 5.679043734659567910e+00 1.887953687642512368e-01 7.722280388824109831e-03 1.294516222690954566e+00 -8.525343391717171704e-01 1.291408990160914483e+00 8.649338107185747804e-01 1.315034416990228661e-01 6.134673219014659862e-05 1.382815335178566021e-03 9.524794736854063552e-06 2.480401879524484193e-03 1.920104108519377073e-01 7.334873771190913772e+00 5.110156255342607423e+00
1.204300000000000000e+04 9.733302095176166534e+09 1.965176491530753466e-01 -9.899999999999998579e+01 2.097446717395884175e+00 1.962437645592856716e+00 9.110109931511860618e-03 5.388534450705772194e+00 4.738024517150871695e-01 4.203400663162002004e+00 -1.800451484245760292e-01 -9.735650640836663872e-01 5.678421041816528181e+00 1.887953687642512368e-01 7.722280388824109831e-03 1.311148301969427665e+00 -8.531923658206740368e-01 1.308162730854734335e+00 8.649340088387401648e-01 1.315032479426747614e-01 6.134666630891427144e-05 1.382813313944185633e-03 9.524782576200967204e-06 2.480387339493976030e-03 1.920104258447780377e-01 7.334852801973460679e+00 5.110122946898600915e+00
1.204400000000000000e+04 9.733302163244474411e+09 1.965176491530753466e-01 -9.899999999999998579e+01 2.097446717348276479e+00 1.962437645592856716e+00 9.106035841339159970e-03 5.384272701083480328e+00 4.745152274168269457e-01 4.202959615286949280e+00 -1.811907984734513199e-01 -9.732557933579973897e-01 5.677802500365189964e+00 1.887953687642512368e-01 7.722280388824109831e-03 1.328167388254069214e+00 -8.538849263008992940e-01 1.325301489218913220e+00 8.649342005584583770e-01 1.315030604495187327e-01 6.134660252486657996e-05 1.382811355562955447e-03 9.524770665170470939e-06 2.480372624124313648e-03 1.920104410283996477e-01 7.334831579524987433e+00 5.110089202795932373e+00
1.204500000000000000e+04 9.733302229359811783e+09 1.965176491530753466e-01 -9.899999999999998579e+01 2.097446717302034802e+00 1.962437645592856716e+00 9.101964446163087960e-03 5.380029628342867909e+00 4.752253826248292179e-01 4.202511674300701827e+00 -1.823683534622063118e-01 -9.729486888798796196e-01 5.677188291408954868e+00 1.887953687642512368e-01 7.722280388824109831e-03 1.345544280187076946e+00 -8.545681962449490632e-01 1.342795452623245067e+00 8.649343858290831077e-01 1.315028792664639234e-01 6.134654085879327702e-05 1.382809460883687802e-03 9.524759154411941464e-06 2.480357744711435622e-03 1.920104563915886742e-01 7.334810100369183239e+00 5.110055050076099725e+00
1.204600000000000000e+04 9.733302293480052948e+09 1.965176491530753466e-01 -9.899999999999998579e+01 2.097446717257187121e+00 1.962437645592856716e+00 9.097861910992060056e-03 5.375809552889422527e+00 4.759280613925884751e-01 4.202066270587708985e+00 -1.835482060300202556e-01 -9.726478077378005738e-01 5.676586529124796776e+00 1.887953687642512368e-01 7.722280388824109831e-03 1.361072267327029461e+00 -8.350215091373900389e-01 1.358297802764043771e+00 8.649345645873708355e-01 1.315027044551811686e-01 6.134648133326731632e-05 1.382807630677192114e-03 9.524748047823847918e-06 2.480342791058453514e-03 1.920104718412540545e-01 7.334788013690876518e+00 5.110019930732029536e+00
1.204700000000000000e+04 9.733302355933990479e+09 1.965176491530753466e-01 -9.899999999999998579e+01 2.097446717213502509e+00 1.962437645592856716e+00 9.093464499978323387e-03 5.371460987522755026e+00 4.766357296320835046e-01 4.201628062928460139e+00 -1.847134034444467277e-01 -9.723539911265175473e-01 5.675998895902230501e+00 1.887953687642514033e-01 7.722280388823943298e-03 1.375799373591469976e+00 -8.077124116687167676e-01 1.372943097698857473e+00 8.649347381796350653e-01 1.315025346973237586e-01 6.134642351678379552e-05 1.382805852427637996e-03 9.524737156049784516e-06 2.480327725783152814e-03 1.920104874205230405e-01 7.334765557579008721e+00 5.109984215408915453e+00
1.204800000000000000e+04 9.733302417124998093e+09 1.965176491530753466e-01 -9.899999999999998579e+01 2.097446717170700303e+00 1.962437645592856716e+00 9.088893142166532685e-03 5.367007459364167232e+00 4.773550523475816321e-01 4.201180118709869404e+00 -1.859158569457253496e-01 -9.720593294399755280e-01 5.675409572529146907e+00 1.887953687642512923e-01 7.722280388824054320e-03 1.392590606954615895e+00 -7.917403763611803313e-01 1.389739722944407285e+00 8.649349078638035593e-01 1.315023687625141713e-01 6.134636699543053752e-05 1.382804113194116037e-03 9.524726508942126440e-06 2.480312380399036197e-03 1.920105033054518850e-01 7.334742916762848175e+00 5.109948186606656506e+00
1.204900000000000000e+04 9.733302476791368484e+09 1.965176491530753466e-01 -9.899999999999998579e+01 2.097446717128963467e+00 1.962437645592856716e+00 9.084479449338961343e-03 5.362631141693014136e+00 4.780725186194061394e-01 4.200714473049593778e+00 -1.871826276504053033e-01 -9.717614234717637522e-01 5.674813760592723355e+00 1.887953687642514033e-01 7.722280388823943298e-03 1.410552729475375910e+00 -7.909448451252745205e-01 1.407812651332043030e+00 8.649350723651163531e-01 1.315022078994438071e-01 6.134631217073894377e-05 1.382802424763759789e-03 9.524716186079690237e-06 2.480296782252788042e-03 1.920105194643257351e-01 7.334720121626476796e+00 5.109911902798535799e+00
1.205000000000000000e+04 9.733302534546768188e+09 1.965176491530753466e-01 -9.899999999999998579e+01 2.097446717088563783e+00 1.962437645592856716e+00 9.080202016634817547e-03 5.358336010625154522e+00 4.787848292572460251e-01 4.200234630865291585e+00 -1.885049839901453417e-01 -9.714629172730286921e-01 5.674216748195252791e+00 1.887953687642515144e-01 7.722280388823832276e-03 1.429472668236668076e+00 -8.008057983072111030e-01 1.426908758256396847e+00 8.649352305402735475e-01 1.315020532265857300e-01 6.134625942027390985e-05 1.382800798608100875e-03 9.524706184185937320e-06 2.480281005491401149e-03 1.920105358182249145e-01 7.334697243599217487e+00 5.109875508456010351e+00
1.205100000000000000e+04 9.733302590241664886e+09 1.965176491530753466e-01 -9.899999999999998579e+01 2.097446717049602949e+00 1.962437645592856716e+00 9.075945828334836679e-03 5.354073879529051894e+00 4.794926401711042674e-01 4.199747734062473370e+00 -1.898608953935669863e-01 -9.711670793691032921e-01 5.673625072387402213e+00 1.887953687642514589e-01 7.722280388823887787e-03 1.448464395108435721e+00 -8.067982707768261985e-01 1.446044173407762479e+00 8.649353822614767040e-01 1.315019048676111801e-01 6.134620879752091785e-05 1.382799236876586148e-03 9.524696589077668538e-06 2.480265107254699206e-03 1.920105523092033861e-01 7.334674125428441549e+00 5.109838745128622683e+00
1.205200000000000000e+04 9.733302643854719162e+09 1.965176491530753466e-01 -9.899999999999998579e+01 2.097446717012096951e+00 1.962437645592856716e+00 9.071727988143674440e-03 5.349894247491940646e+00 4.801841108565472194e-01 4.199269894191060004e+00 -1.911992093069548315e-01 -9.708805565829713435e-01 5.673052026815137872e+00 1.887953687642516531e-01 7.722280388823693498e-03 1.459738741644748261e+00 -7.712981909737982589e-01 1.457179301861252663e+00 8.649355276916731450e-01 1.315017626622354274e-01 6.134616025658463272e-05 1.382797738537351129e-03 9.524687390679765798e-06 2.480249403903936247e-03 1.920105686136080181e-01 7.334650280911439779e+00 5.109800828485376201e+00
1.205300000000000000e+04 9.733302696536849976e+09 1.965176491530753466e-01 -9.899999999999998579e+01 2.097446716975241099e+00 1.962437645592856716e+00 9.067837282975499402e-03 5.346008148843240271e+00 4.808322765496529927e-01 4.198824781747505952e+00 -1.924394281603172829e-01 -9.706104411225451312e-01 5.672511795894285669e+00 1.887953687642514033e-01 7.722280388823943298e-03 1.470635194302281956e+00 -6.879131472856589991e-01 1.467609333040128972e+00 8.649356711535290954e-01 1.315016223783985472e-01 6.134611240369753390e-05 1.382796262560760615e-03 9.524678316880328283e-06 2.480233596154777110e-03 1.920105850477894782e-01 7.334625129746182637e+00 5.109760823352480941e+00
1.205400000000000000e+04 9.733302749148498535e+09 1.965176491530753466e-01 -9.899999999999998579e+01 2.097446716938434541e+00 1.962437645592856716e+00 9.063893768809304363e-03 5.342075815649710790e+00 4.814886484562096447e-01 4.198373621734549310e+00 -1.936985958474085057e-01 -9.703377049401767929e-01 5.671966323529549214e+00 1.887953687642514033e-01 7.722280388823943298e-03 1.482698782662578596e+00 -6.128343737479232667e-01 1.479198620914304207e+00 8.649358147728434254e-01 1.315014819382472888e-01 6.134606452011709171e-05 1.382794786561177859e-03 9.524669233037902328e-06 2.480217369567485827e-03 1.920106019452291757e-01 7.334599641825554350e+00 5.109720258829832495e+00
1.205500000000000000e+04 9.733302801369014740e+09 1.965176491530753466e-01 -9.899999999999998579e+01 2.097446716901900210e+00 1.962437645592856716e+00 9.059933327962604172e-03 5.338091105847620810e+00 4.821591434451398817e-01 4.197901898480489002e+00 -1.950252350991467931e-01 -9.700575780579246965e-01 5.671406069765045466e+00 1.887953687642512368e-01 7.722280388824109831e-03 1.499685806777747210e+00 -5.941295759208697902e-01 1.496171712315606639e+00 8.649359565426933960e-01 1.315013433094373574e-01 6.134601722855569127e-05 1.382793327652701845e-03 9.524660264895398008e-06 2.480200624801407339e-03 1.920106194081130924e-01 7.334573837927244710e+00 5.109679191976763235e+00
1.205600000000000000e+04 9.733302852454578400e+09 1.965176491530753466e-01 -9.899999999999998579e+01 2.097446716866157690e+00 1.962437645592856716e+00 9.055783296631895671e-03 5.333917687445428157e+00 4.828629677346962246e-01 4.197390281469751017e+00 -1.964844966422982786e-01 -9.697639748080250088e-01 5.670818863265245646e+00 1.887953687642514589e-01 7.722280388823887787e-03 1.518565777795017668e+00 -5.958809647346647864e-01 1.515215307137530720e+00 8.649360940444756896e-01 1.315012088589665451e-01 6.134597131938558971e-05 1.382791909375159561e-03 9.524651516596231084e-06 2.480183501869929249e-03 1.920106372837760977e-01 7.334548456236119840e+00 5.109638800495983624e+00
1.205700000000000000e+04 9.733302877086801529e+09 1.965176491530753466e-01 -9.899999999999998579e+01 2.097446716848924364e+00 1.962437645592856716e+00 9.053672263069387910e-03 5.331842404459060880e+00 4.832122287129130278e-01 4.197134166962599444e+00 -1.972191622470013395e-01 -9.696190785960746572e-01 5.670529070841344499e+00 1.887953687642515699e-01 7.722280388823776764e-03 1.528012056372990646e+00 -6.137108889805519274e-01 1.524866234432397327e+00 8.649361850375265615e-01 1.315011197726527192e-01 6.134594195890207642e-05 1.382791047117361847e-03 9.524645754473764158e-06 2.480175060906453319e-03 1.920106460977582807e-01 7.334536096975227792e+00 5.109619127366000768e+00
1.205800000000000000e+04 9.733302906645469666e+09 1.965176491530753466e-01 -9.899999999999998579e+01 2.097446716828242241e+00 1.962437645592856716e+00 9.051081055626153740e-03 5.329275530895746016e+00 4.836437298383505223e-01 4.196813431545145967e+00 -1.981453911323319828e-01 -9.694407222038310401e-01 5.670172358056857931e+00 1.887953687642513478e-01 7.722280388823998809e-03 1.540618538300442486e+00 -6.383463019699674446e-01 1.537732031002184918e+00 8.649362942488701966e-01 1.315010128496093833e-01 6.134590672110736573e-05 1.382790012386947865e-03 9.524638838072134068e-06 2.480164627540032071e-03 1.920106569955888076e-01 7.334520829090817706e+00 5.109594844422409743e+00
1.464100000000000000e+04 9.768506766002580643e+09 1.965176491530753466e-01 -9.899999999999998579e+01 2.097421977621968914e+00 1.962437645592856716e+00 6.538118451843107949e-03 4.139254651393470041e+00 5.393292877920983219e-01 4.206295253891353170e+00 -2.851863775120157540e-01 -1.031924860086088636e+00 5.795140633821373122e+00 1.891014486995274968e-01 7.416200453547849847e-03 2.258354735874255503e+00 8.081195948065192924e-01 2.242672821604367872e+00 9.648905064657480324e-01 3.447566043103932054e-02 5.732332260629062437e-06 1.663076630603027952e-04 8.038296413458084933e-07 2.025785786933250766e-03 1.924660073992829901e-01 7.329398925082766247e+00 5.107681614996800512e+00
1.464200000000000000e+04 9.768506776942928314e+09 1.965176491530753466e-01 -9.899999999999998579e+01 2.097421977614352340e+00 1.962437645592856716e+00 6.533477167999779227e-03 4.134242726027426151e+00 5.405529639689882204e-01 4.205136222954516612e+00 -2.889100858635163527e-01 -1.031468652388164653e+00 5.794228218425525156e+00 1.891014486995274413e-01 7.416200453547905358e-03 2.265820895444743854e+00 7.671593487580069537e-01 2.251820477942773291e+00 9.648904119588420647e-01 3.447575326423527042e-02 5.732345493754058281e-06 1.663080925169808054e-04 8.038327252886404037e-07 2.025765436969880536e-03 1.924660300918542288e-01 7.329369988369003330e+00 5.107635578208297389e+00
1.464300000000000000e+04 9.768506788722690582e+09 1.965176491530753466e-01 -9.899999999999998579e+01 2.097421977606150900e+00 1.962437645592856716e+00 6.528643895574021833e-03 4.129028588474253247e+00 5.418312792641898357e-01 4.203912670957222986e+00 -2.928527760193027629e-01 -1.030992893471470939e+00 5.793276700592137729e+00 1.891014486995274413e-01 7.416200453547905358e-03 2.279626224578875870e+00 9.327494494235190059e-01 2.259632591509343147e+00 9.648903053691842979e-01 3.447585797298083343e-02 5.732360540585571625e-06 1.663085762156227363e-04 8.038361867863970468e-07 2.025743026155491823e-03 1.924660554436831428e-01 7.329337227699956436e+00 5.107583458906416851e+00
1.464400000000000000e+04 9.768506800426130295e+09 1.965176491530753466e-01 -9.899999999999998579e+01 2.097421977598004084e+00 1.962437645592856716e+00 6.523238287282742513e-03 4.123229923319827073e+00 5.432527621026268516e-01 4.202583552746828488e+00 -2.971183785084310913e-01 -1.030467458295246219e+00 5.792225830239687845e+00 1.891014486995274968e-01 7.416200453547849847e-03 2.285543549663384688e+00 8.280649822500323332e-01 2.270125631491758167e+00 9.648901853956450836e-01 3.447597583980047120e-02 5.732377809299209124e-06 1.663091189856607437e-04 8.038400392856128520e-07 2.025720290846189098e-03 1.924660808911122511e-01 7.329304956552666894e+00 5.107532114911781385e+00
1.464500000000000000e+04 9.768506811775148392e+09 1.965176491530753466e-01 -9.899999999999998579e+01 2.097421977590101960e+00 1.962437645592856716e+00 6.517860766184873679e-03 4.117443809341468253e+00 5.446815038314031243e-01 4.201244460505860978e+00 -3.014172796716471647e-01 -1.029938724394919181e+00 5.791168362439034212e+00 1.891014486995274968e-01 7.416200453547849847e-03 2.294295807458306413e+00 8.303803546592184448e-01 2.279108709426884261e+00 9.648900658337592473e-01 3.447609330474788597e-02 5.732395088087230340e-06 1.663096594499527978e-04 8.038438682630322437e-07 2.025697796904459436e-03 1.924661059632410687e-01 7.329273590937698479e+00 5.107482208497239995e+00
1.464600000000000000e+04 9.768506823216665268e+09 1.965176491530753466e-01 -9.899999999999998579e+01 2.097421977582135888e+00 1.962437645592856716e+00 6.512279634016918985e-03 4.111402003267295768e+00 5.461858206150438377e-01 4.199832130441670586e+00 -3.059508418752784897e-01 -1.029380845368354169e+00 5.790052604385904189e+00 1.891014486995273025e-01 7.416200453548044136e-03 2.300587800612448497e+00 7.367960472717207665e-01 2.288564196941636375e+00 9.648899545273079692e-01 3.447620265606284734e-02 5.732410991601021663e-06 1.663101633147674426e-04 8.038474543150953206e-07 2.025674669231998255e-03 1.924661315905090708e-01 7.329241457149275440e+00 5.107431074639338320e+00
1.464700000000000000e+04 9.768506829059534073e+09 1.965176491530753466e-01 -9.899999999999998579e+01 2.097421977578068031e+00 1.962437645592856716e+00 6.510441962540562504e-03 4.109596422321341258e+00 5.466218701937364255e-01 4.199365214469009011e+00 -3.075085645302397253e-01 -1.029225874750512304e+00 5.789742663150220459e+00 1.891014486995273580e-01 7.416200453547988625e-03 2.331208494857206492e+00 1.304126695026731619e+00 2.288357199409766896e+00 9.648898047240436204e-01 3.447634988651405996e-02 5.732434414757442336e-06 1.663108322119118219e-04 8.038520266971883510e-07 2.025662621978432422e-03 1.924661461827195386e-01 7.329219233045638937e+00 5.107395715006226133e+00
1.464800000000000000e+04 9.768506835608341217e+09 1.965176491530753466e-01 -9.899999999999998579e+01 2.097421977573508567e+00 1.962437645592856716e+00 6.507076133703082986e-03 4.105911820539066781e+00 5.475518161248930094e-01 4.198507774573243090e+00 -3.102435471975910075e-01 -1.028878486292656769e+00 5.789047886234508944e+00 1.891014486995274968e-01 7.416200453547849847e-03 2.330340761838607833e+00 1.236670549306972955e+00 2.293844475653918469e+00 9.648897534450115998e-01 3.447640025837484662e-02 5.732441473935150150e-06 1.663110654588031328e-04 8.038537110905936181e-07 2.025648982232430059e-03 1.924661624071778432e-01 7.329198934724241887e+00 5.107363417977177633e+00
1.464900000000000000e+04 9.768506841895221710e+09 1.965176491530753466e-01 -9.899999999999998579e+01 2.097421977569130735e+00 1.962437645592856716e+00 6.503941108502288813e-03 4.102478328827997345e+00 5.484215790160356097e-01 4.197694213318088785e+00 -3.128482612173766331e-01 -1.028553720792240167e+00 5.788398355233676185e+00 1.891014486995273580e-01 7.416200453547988625e-03 2.328700317569217138e+00 1.125223229712592365e+00 2.300627450103785776e+00 9.648896890707062690e-01 3.447646350532945769e-02 5.732450744554083011e-06 1.663113563977487567e-04 8.038557741967129423e-07 2.025635761090665773e-03 1.924661777016326569e-01 7.329180580605880735e+00 5.107334215921904175e+00
1.465000000000000000e+04 9.768506849355054855e+09 1.965176491530753466e-01 -9.899999999999998579e+01 2.097421977563936668e+00 1.962437645592856716e+00 6.500205958030547473e-03 4.098401170980958241e+00 5.494525557799557758e-01 4.196726151083091771e+00 -3.159557793819423588e-01 -1.028171355404528642e+00 5.787633624458253578e+00 1.891014486995273303e-01 7.416200453548016380e-03 2.334599483141277521e+00 1.148959062820976929e+00 2.305309118583897199e+00 9.648896376058716529e-01 3.447651405559293974e-02 5.732457645052223129e-06 1.663115912246754323e-04 8.038574864988643811e-07 2.025619886776985814e-03 1.924661961604227089e-01 7.329157961243641495e+00 5.107298223541004489e+00
1.465100000000000000e+04 9.768506858263725281e+09 1.965176491530753466e-01 -9.899999999999998579e+01 2.097421977557733186e+00 1.962437645592856716e+00 6.495356395905578159e-03 4.093203127432474275e+00 5.507539389875549807e-01 4.195525435102966938e+00 -3.198097768833102483e-01 -1.027696922194961671e+00 5.786684758039118748e+00 1.891014486995274135e-01 7.416200453547933114e-03 2.335912309402407239e+00 1.044604151808570691e+00 2.313116895279364815e+00 9.648895776130765878e-01 3.447657298137141862e-02 5.732465646038545784e-06 1.663118650888433209e-04 8.038594870447773826e-07 2.025600666975568322e-03 1.924662181052725074e-01 7.329131001805719414e+00 5.107255329696736013e+00
1.465200000000000000e+04 9.768506867936952591e+09 1.965176491530753466e-01 -9.899999999999998579e+01 2.097421977550997685e+00 1.962437645592856716e+00 6.489956878869620159e-03 4.087380174530662380e+00 5.522241061123476236e-01 4.194165863098475278e+00 -3.241731748800427693e-01 -1.027159477184346414e+00 5.785609868017888680e+00 1.891014486995274968e-01 7.416200453547849847e-03 2.338509289293980054e+00 9.358652791439729945e-01 2.320974149717870194e+00 9.648895003274445825e-01 3.447664890306862545e-02 5.732476334444449708e-06 1.663122161268194604e-04 8.038620160365673723e-07 2.025579509439982828e-03 1.924662418455005131e-01 7.329102289180840835e+00 5.107209649218853009e+00
1.465300000000000000e+04 9.768506878025251389e+09 1.965176491530753466e-01 -9.899999999999998579e+01 2.097421977543972194e+00 1.962437645592856716e+00 6.484639702020631238e-03 4.081635925257845798e+00 5.536850546500595716e-01 4.192789311325554991e+00 -3.286102341762840995e-01 -1.026624903286625257e+00 5.784540720222445920e+00 1.891014486995274413e-01 7.416200453547905358e-03 2.347379529694296085e+00 9.646123039774141539e-01 2.329005632392312730e+00 9.648894148018668515e-01 3.447673292381262661e-02 5.732488294497520744e-06 1.663126039112592736e-04 8.038647971057796286e-07 2.025557011082919617e-03 1.924662671950602699e-01 7.329070495711927258e+00 5.107159069327102507e+00
1.465400000000000000e+04 9.768506888237316132e+09 1.965176491530753466e-01 -9.899999999999998579e+01 2.097421977536860549e+00 1.962437645592856716e+00 6.478770842795237260e-03 4.075253494494403661e+00 5.553215760131651191e-01 4.191270255922446175e+00 -3.334867402097850819e-01 -1.026025045497160004e+00 5.783341004643515859e+00 1.891014486995275523e-01 7.416200453547794336e-03 2.350565038121015693e+00 8.318325749029165106e-01 2.337206616188357788e+00 9.648893249255224847e-01 3.447682122180857622e-02 5.732500947187864186e-06 1.663130109473569447e-04 8.038677079467789165e-07 2.025533904586217931e-03 1.924662928035986154e-01 7.329039557827182527e+00 5.107109846133398356e+00
1.700000000000000000e+04 9.787783887066442490e+09 1.965176491530753466e-01 -9.899999999999998579e+01 2.097408492970073368e+00 1.962437645592856716e+00 4.653467965002648643e-03 3.075957506919071438e+00 6.662877040392030104e-01 4.206507064563655973e+00 -3.590249003858485555e-01 -1.069267742867610060e+00 5.869826399384415971e+00 1.893097642175535777e-01 7.207884935521768899e-03 2.495724438805654088e+00 1.025698132796616147e+00 2.480753095820471099e+00 9.338401530163058517e-01 6.531921263669060451e-02 5.413802412543569431e-06 1.979953801776787169e-04 1.087123761612261508e-06 1.712828436677060404e-03 1.927794795214858303e-01 7.328106573916426392e+00 5.106285504947371656e+00
1.700100000000000000e+04 9.787783893879947662e+09 1.965176491530753466e-01 -9.899999999999998579e+01 2.097408492965338933e+00 1.962437645592856716e+00 4.649308951220539401e-03 3.071038478074065381e+00 6.683463342698353626e-01 4.204907042128191108e+00 -3.641403114219876613e-01 -1.068625403514750438e+00 5.868541720678696727e+00 1.893097642175536055e-01 7.207884935521741143e-03 2.505213965964680600e+00 1.108358050103149806e+00 2.487438609781349452e+00 9.338400338743416684e-01 6.531933037677063736e-02 5.413817302875596620e-06 1.979957252085191497e-04 1.087126369672304428e-06 1.712806694788163728e-03 1.927795035213286656e-01 7.328076567445653389e+00 5.106237764824139269e+00
1.700200000000000000e+04 9.787783900745950699e+09 1.965176491530753466e-01 -9.899999999999998579e+01 2.097408492960566750e+00 1.962437645592856716e+00 4.644910487134980281e-03 3.065836340666732607e+00 6.705344590527816395e-01 4.203220795493254336e+00 -3.695237126445103937e-01 -1.067944610856137233e+00 5.867180135361469873e+00 1.893097642175534945e-01 7.207884935521852166e-03 2.509554719390154176e+00 9.977905219913023593e-01 2.495976758623017044e+00 9.338399103429818604e-01 6.531945245969733582e-02 5.413832671389252489e-06 1.979960823465979171e-04 1.087129063237428851e-06 1.712784429875519043e-03 1.927795278135253365e-01 7.328045933617993057e+00 5.106189024863024173e+00
1.700300000000000000e+04 9.787783907433248520e+09 1.965176491530753466e-01 -9.899999999999998579e+01 2.097408492955920245e+00 1.962437645592856716e+00 4.640554652722255445e-03 3.060703424663876682e+00 6.727018880834231274e-01 4.201554076049824893e+00 -3.748477495146575467e-01 -1.067273190404351979e+00 5.865837294457899809e+00 1.893097642175534667e-01 7.207884935521879921e-03 2.516619815906056878e+00 1.005249503393484289e+00 2.503029334894270264e+00 9.338397823176264323e-01 6.531957898422630082e-02 5.413848461628417216e-06 1.979964514202922664e-04 1.087131835324560268e-06 1.712762392698913370e-03 1.927795518145189180e-01 7.328016141728729949e+00 5.106141623937759277e+00
1.700400000000000000e+04 9.787783913942768097e+09 1.965176491530753466e-01 -9.899999999999998579e+01 2.097408492951397641e+00 1.962437645592856716e+00 4.636107205483904620e-03 3.055506197285833281e+00 6.748971615884643560e-01 4.199882733659069167e+00 -3.801841399364632723e-01 -1.066598700833743418e+00 5.864488315316682687e+00 1.893097642175533835e-01 7.207884935521963188e-03 2.521401734035356057e+00 9.042601612715485127e-01 2.510784866670159321e+00 9.338396606001828637e-01 6.531969927868476467e-02 5.413863505053164045e-06 1.979968023807301969e-04 1.087134473734663592e-06 1.712740609684944380e-03 1.927795753592242145e-01 7.327986552233330286e+00 5.106094545421683506e+00
1.700500000000000000e+04 9.787783917191740036e+09 1.965176491530753466e-01 -9.899999999999998579e+01 2.097408492949138115e+00 1.962437645592856716e+00 4.634218764702017698e-03 3.053371206444407626e+00 6.758004686695552321e-01 4.199165605130753320e+00 -3.825001451665218655e-01 -1.066322446392141465e+00 5.863935806433478781e+00 1.893097642175534390e-01 7.207884935521907677e-03 2.544146448055639276e+00 1.399126933005574003e+00 2.511874988299447775e+00 9.338394579819626617e-01 6.531989951594446842e-02 5.413886370599430244e-06 1.979973723466201929e-04 1.087138579348087991e-06 1.712729525036688029e-03 1.927795881420257817e-01 7.327969118509716218e+00 5.106066809780984705e+00
1.700600000000000000e+04 9.787783920881505966e+09 1.965176491530753466e-01 -9.899999999999998579e+01 2.097408492946574388e+00 1.962437645592856716e+00 4.631674798316295569e-03 3.050389043597583338e+00 6.770744622990035877e-01 4.198197677522901294e+00 -3.855874400716376993e-01 -1.065930238628996163e+00 5.863151390907187732e+00 1.893097642175536055e-01 7.207884935521741143e-03 2.544317785365224349e+00 1.335262894365097930e+00 2.516614675826913228e+00 9.338394163650269864e-01 6.531994065070002853e-02 5.413891922844238670e-06 1.979974949002556185e-04 1.087139534136452544e-06 1.712716836094065487e-03 1.927796025802621105e-01 7.327951245620098142e+00 5.106038372409880566e+00
1.700700000000000000e+04 9.787783924621809006e+09 1.965176491530753466e-01 -9.899999999999998579e+01 2.097408492943976022e+00 1.962437645592856716e+00 4.628878752971225634e-03 3.047163644339465627e+00 6.784398602793926258e-01 4.197181737818373115e+00 -3.888230838309618131e-01 -1.065516181099600113e+00 5.862323275848395632e+00 1.893097642175536055e-01 7.207884935521741143e-03 2.543492834684590864e+00 1.244996479423341240e+00 2.521081281653308359e+00 9.338393571550266392e-01 6.531999917152515878e-02 5.413899390406865146e-06 1.979976664441442233e-04 1.087140835840697290e-06 1.712703894716478305e-03 1.927796170494686656e-01 7.327933829064456894e+00 5.106010645943090509e+00
1.700800000000000000e+04 9.787783929110174179e+09 1.965176491530753466e-01 -9.899999999999998579e+01 2.097408492940856739e+00 1.962437645592856716e+00 4.625198481652209939e-03 3.043073714473447211e+00 6.801319917121110281e-01 4.195957156184920933e+00 -3.927277313442532058e-01 -1.065019341589341861e+00 5.861329596827879129e+00 1.893097642175534945e-01 7.207884935521852166e-03 2.544510847856364943e+00 1.166682074237851641e+00 2.525922154251406315e+00 9.338393176172650190e-01 6.532003825486586146e-02 5.413904934128801799e-06 1.979977844993899511e-04 1.087141777028626292e-06 1.712688237167790369e-03 1.927796343677446456e-01 7.327912647280684588e+00 5.105976946419775508e+00
1.700900000000000000e+04 9.787783934239114761e+09 1.965176491530753466e-01 -9.899999999999998579e+01 2.097408492937292479e+00 1.962437645592856716e+00 4.621094751841125017e-03 3.038426627124049428e+00 6.820858199089384621e-01 4.194526936207615186e+00 -3.972883689512016203e-01 -1.064439220438204270e+00 5.860169354525604390e+00 1.893097642175535777e-01 7.207884935521768899e-03 2.546199880843802443e+00 1.073542253066052554e+00 2.531320473406563298e+00 9.338392641831344543e-01 6.532009107284629523e-02 5.413912155819324064e-06 1.979979422567747162e-04 1.087143013261474204e-06 1.712670181665765668e-03 1.927796541022485377e-01 7.327888587898272910e+00 5.105938669669037644e+00
1.701000000000000000e+04 9.787783939774459839e+09 1.965176491530753466e-01 -9.899999999999998579e+01 2.097408492933445334e+00 1.962437645592856716e+00 4.616886573913161519e-03 3.033619052803981031e+00 6.841301804725854474e-01 4.193009032263692148e+00 -4.021401621152803085e-01 -1.063829309132399148e+00 5.858949531913993702e+00 1.893097642175535777e-01 7.207884935521768899e-03 2.551308707984637270e+00 1.028865068868866306e+00 2.538065559103188207e+00 9.338391956731680876e-01 6.532015879057502528e-02 5.413921114857636205e-06 1.979981425381134304e-04 1.087144558632867227e-06 1.712650419528788685e-03 1.927796756007903178e-01 7.327861579986572060e+00 5.105895702214077403e+00
1.701100000000000000e+04 9.787783945413867950e+09 1.965176491530753466e-01 -9.899999999999998579e+01 2.097408492929525359e+00 1.962437645592856716e+00 4.612514025439617277e-03 3.028584290930557366e+00 6.862932369210017480e-01 4.191405933859896571e+00 -4.072577643290159477e-01 -1.063181913431674896e+00 5.857654740512545644e+00 1.893097642175535777e-01 7.207884935521768899e-03 2.556565747245022280e+00 1.013456083033652755e+00 2.543946974938690264e+00 9.338391144842040914e-01 6.532023903945193000e-02 5.413931466071702567e-06 1.979983781208477403e-04 1.087146354844190251e-06 1.712630026197823783e-03 1.927796977106968346e-01 7.327834327446790752e+00 5.105852348115482719e+00
