
 0   0      0.000
 0   1    118.487
 0   2    354.373
 0   3    705.519
 0   4   1168.798
 0   5   1740.190
 0   6   2414.897
 0   7   3187.470
 0   8   4051.942
 0   9   5001.961
 0  10   6030.918
 0  11   7132.060
 0  12   8298.596
 0  13   9523.785
 0  14  10801.003
 0  15  12123.807
 0  16  13485.975
 0  17  14881.534
 0  18  16304.784
 0  19  17750.305
 0  20  19212.957
 0  21  20687.876
 0  22  22170.461
 0  23  23656.360
 0  24  25141.446
 0  25  26621.792
 0  26  28093.642
 0  27  29553.374
 0  28  30997.461
 0  29  32422.416
 0  30  33824.730
 0  31  35200.783
 0  32  36546.720
 0  33  37858.259
 0  34  39130.364
 0  35  40356.599
 0  36  41527.449
 0  37  42623.598
 0  38  43617.989
 1   0   4161.147
 1   1   4273.721
 1   2   4497.820
 1   3   4831.374
 1   4   5271.363
 1   5   5813.907
 1   6   6454.375
 1   7   7187.514
 1   8   8007.572
 1   9   8908.433
 1  10   9883.732
 1  11  10926.969
 1  12  12031.607
 1  13  13191.153
 1  14  14399.223
 1  15  15649.599
 1  16  16936.263
 1  17  18253.428
 1  18  19595.548
 1  19  20957.330
 1  20  22333.724
 1  21  23719.920
 1  22  25111.324
 1  23  26503.543
 1  24  27892.348
 1  25  29273.642
 1  26  30643.410
 1  27  31997.664
 1  28  33332.360
 1  29  34643.294
 1  30  35925.939
 1  31  37175.188
 1  32  38384.893
 1  33  39546.903
 1  34  40648.303
 1  35  41659.737
 2   0   8086.985
 2   1   8193.777
 2   2   8406.345
 2   3   8722.688
 2   4   9139.886
 2   5   9654.189
 2   6  10261.124
 2   7  10955.618
 2   8  11732.120
 2   9  12584.726
 2  10  13507.298
 2  11  14493.561
 2  12  15537.204
 2  13  16631.949
 2  14  17771.618
 2  15  18950.179
 2  16  20161.778
 2  17  21400.763
 2  18  22661.692
 2  19  23939.336
 2  20  25228.668
 2  21  26524.846
 2  22  27823.188
 2  23  29119.133
 2  24  30408.197
 2  25  31685.910
 2  26  32947.724
 2  27  34188.896
 2  28  35404.301
 2  29  36588.130
 2  30  37733.340
 2  31  38830.477
 2  32  39864.201
 2  33  40798.387
 3   0  11782.384
 3   1  11883.483
 3   2  12084.694
 3   3  12384.082
 3   4  12778.820
 3   5  13265.279
 3   6  13839.131
 3   7  14495.468
 3   8  15228.924
 3   9  16033.786
 3  10  16904.114
 3  11  17833.833
 3  12  18816.823
 3  13  19846.987
 3  14  20918.311
 3  15  22024.901
 3  16  23161.015
 3  17  24321.075
 3  18  25499.673
 3  19  26691.560
 3  20  27891.630
 3  21  29094.886
 3  22  30296.393
 3  23  31491.219
 3  24  32674.342
 3  25  33840.517
 3  26  34984.080
 3  27  36098.616
 3  28  37176.356
 3  29  38206.878
 3  30  39173.237
 3  31  40035.181
 4   0  15250.375
 4   1  15345.821
 4   2  15535.758
 4   3  15818.308
 4   4  16190.730
 4   5  16649.505
 4   6  17190.437
 4   7  17808.769
 4   8  18499.294
 4   9  19256.468
 4  10  20074.521
 4  11  20947.543
 4  12  21869.567
 4  13  22834.633
 4  14  23836.836
 4  15  24870.365
 4  16  25929.516
 4  17  27008.702
 4  18  28102.445
 4  19  29205.349
 4  20  30312.066
 4  21  31417.231
 4  22  32515.373
 4  23  33600.784
 4  24  34667.306
 4  25  35707.993
 4  26  36714.475
 4  27  37675.600
 4  28  38573.392
 4  29  39365.296
 5   0  18491.954
 5   1  18581.737
 5   2  18760.375
 5   3  19026.043
 5   4  19376.076
 5   5  19807.055
 5   6  20314.900
 5   7  20894.980
 5   8  21542.227
 5   9  22251.237
 5  10  23016.372
 5  11  23831.845
 5  12  24691.795
 5  13  25590.337
 5  14  26521.611
 5  15  27479.797
 5  16  28459.131
 5  17  29453.888
 5  18  30458.354
 5  19  31466.778
 5  20  32473.276
 5  21  33471.713
 5  22  34455.481
 5  23  35417.160
 5  24  36347.868
 5  25  37235.874
 5  26  38062.503
 5  27  38783.955
 6   0  21505.816
 6   1  21589.863
 6   2  21757.052
 6   3  22005.605
 6   4  22332.923
 6   5  22735.668
 6   6  23209.857
 6   7  23750.965
 6   8  24354.027
 6   9  25013.740
 6  10  25724.555
 6  11  26480.752
 6  12  27276.506
 6  13  28105.927
 6  14  28963.095
 6  15  29842.057
 6  16  30736.822
 6  17  31641.313
 6  18  32549.295
 6  19  33454.246
 6  20  34349.157
 6  21  35226.179
 6  22  36075.977
 6  23  36886.329
 6  24  37637.977
 6  25  38286.383
 7   0  24287.967
 7   1  24366.129
 7   2  24521.567
 7   3  24752.538
 7   4  25056.497
 7   5  25430.169
 7   6  25869.640
 7   7  26370.456
 7   8  26927.716
 7   9  27536.166
 7  10  28190.280
 7  11  28884.325
 7  12  29612.412
 7  13  30368.521
 7  14  31146.505
 7  15  31940.070
 7  16  32742.704
 7  17  33547.572
 7  18  34347.314
 7  19  35133.699
 7  20  35896.981
 7  21  36624.476
 7  22  37296.273
 7  23  37867.326
 8   0  26831.172
 8   1  26903.203
 8   2  27046.392
 8   3  27259.021
 8   4  27538.576
 8   5  27881.818
 8   6  28284.869
 8   7  28743.297
 8   8  29252.204
 8   9  29806.310
 8  10  30400.016
 8  11  31027.451
 8  12  31682.502
 8  13  32358.802
 8  14  33049.693
 8  15  33748.118
 8  16  34446.443
 8  17  35136.117
 8  18  35807.010
 8  19  36445.960
 8  20  37032.091
 8  21  37520.490
 9   0  29124.166
 9   1  29189.694
 9   2  29319.883
 9   3  29513.020
 9   4  29766.595
 9   5  30077.367
 9   6  30441.437
 9   7  30854.326
 9   8  31311.049
 9   9  31806.175
 9  10  32333.874
 9  11  32887.925
 9  12  33461.695
 9  13  34048.054
 9  14  34639.205
 9  15  35226.346
 9  16  35799.001
 9  17  36343.442
 9  18  36837.068
10   0  31150.574
10   1  31209.059
10   2  31325.150
10   3  31497.114
10   4  31722.404
10   5  31997.713
10   6  32319.034
10   7  32681.728
10   8  33080.563
10   9  33509.748
10  10  33962.918
10  11  34433.072
10  12  34912.405
10  13  35391.975
10  14  35860.975
10  15  36304.911
10  16  36697.569
11   0  32887.345
11   1  32938.002
11   2  33038.406
11   3  33186.758
11   4  33380.398
11   5  33615.848
11   6  33888.844
11   7  34194.367
11   8  34526.633
11   9  34879.032
11  10  35243.967
11  11  35612.481
11  12  35973.416
11  13  36310.887
11  14  36593.445
12   0  34302.473
12   1  34344.151
12   2  34426.529
12   3  34547.655
12   4  34704.620
12   5  34893.558
12   6  35109.626
12   7  35346.927
12   8  35598.318
12   9  35854.944
12  10  36105.014
12  11  36328.044
13   0  35351.617
13   1  35382.556
13   2  35443.295
13   3  35531.539
13   4  35643.782
13   5  35775.182
13   6  35919.260
13   7  36067.076
13   8  36203.261
14   0  35973.468
14   1  35990.625
14   2  36023.307
14   3  36067.996
14   4  36118.172