basic/z_0.0002_basic_0.214     |0.0002 1.0 1.4  1.73 
basic/z_0.0002_basic_0.227     |0.0002 1.0 1.4  1.75 
basic/z_0.0002_basic_0.247     |0.0002 1.0 1.4  1.8  
basic/z_0.0002_basic_0.260     |0.0002 1.0 1.4  1.85 
basic/z_0.0002_basic_0.268     |0.0002 1.0 1.4  1.9  
basic/z_0.0002_basic_0.274     |0.0002 1.0 1.4  1.95 
basic/z_0.0002_basic_0.278     |0.0002 1.0 1.4  2.0  
basic/z_0.0002_basic_0.282     |0.0002 1.0 1.4  2.05 
basic/z_0.0002_basic_0.284     |0.0002 1.0 1.4  2.1  
basic/z_0.0002_basic_0.287     |0.0002 1.0 1.4  2.15 
basic/z_0.0002_basic_0.289     |0.0002 1.0 1.4  2.2  
basic/z_0.0002_basic_0.290     |0.0002 1.0 1.4  2.25 
basic/z_0.0002_basic_0.292     |0.0002 1.0 1.4  2.3  
basic/z_0.0002_basic_0.293     |0.0002 1.0 1.4  2.35 
basic/z_0.0002_basic_0.295     |0.0002 1.0 1.4  2.4  
basic/z_0.0002_basic_0.297     |0.0002 1.0 1.4  2.5  
basic/z_0.0002_basic_0.302     |0.0002 1.0 1.4  2.8  
basic/z_0.0002_basic_0.305     |0.0002 1.0 1.4  3.0  
basic/z_0.0002_basic_0.308     |0.0002 1.0 1.4  3.2  
basic/z_0.0002_basic_0.313     |0.0002 1.0 1.4  3.6  
basic/z_0.0002_basic_0.317     |0.0002 1.0 1.4  4.0  
basic/z_0.0002_basic_0.320     |0.0002 1.0 1.4  4.2  
basic/z_0.0002_basic_0.322     |0.0002 1.0 1.4  4.4  
basic/z_0.0002_basic_0.327     |0.0002 1.0 1.4  4.8  
basic/z_0.0002_basic_0.329     |0.0002 1.0 1.4  5.0  
basic/z_0.0002_basic_0.336     |0.0002 1.0 1.4  5.5  
basic/z_0.0002_basic_0.340     |0.0002 1.0 1.4  5.8  
basic/z_0.0002_basic_0.342     |0.0002 1.0 1.4  6.0  
basic/z_0.0002_basic_0.356     |0.0002 1.0 1.4  8.0  
basic/z_0.0002_basic_0.441     |0.0002 1.0 1.4 50.0  
basic/z_0.001_basic_0.182      |0.001  1.0 1.4  1.95 
basic/z_0.001_basic_0.190      |0.001  1.0 1.4  1.96 
basic/z_0.001_basic_0.207      |0.001  1.0 1.4  1.99 
basic/z_0.001_basic_0.211      |0.001  1.0 1.4  2.0  
basic/z_0.001_basic_0.228      |0.001  1.0 1.4  2.05 
basic/z_0.001_basic_0.234      |0.001  1.0 1.4  2.08 
basic/z_0.001_basic_0.238      |0.001  1.0 1.4  2.1  
basic/z_0.001_basic_0.246      |0.001  1.0 1.4  2.15 
basic/z_0.001_basic_0.252      |0.001  1.0 1.4  2.2  
basic/z_0.001_basic_0.256      |0.001  1.0 1.4  2.25 
basic/z_0.001_basic_0.260      |0.001  1.0 1.4  2.3  
basic/z_0.001_basic_0.263      |0.001  1.0 1.4  2.35 
basic/z_0.001_basic_0.266      |0.001  1.0 1.4  2.4  
basic/z_0.001_basic_0.274      |0.001  1.0 1.4  2.6  
basic/z_0.001_basic_0.282      |0.001  1.0 1.4  2.8  
basic/z_0.001_basic_0.289      |0.001  1.0 1.4  3.0  
basic/z_0.001_basic_0.302      |0.001  1.0 1.4  3.5  
basic/z_0.001_basic_0.309      |0.001  1.0 1.4  4.0  
basic/z_0.001_basic_0.328      |0.001  1.0 1.4  6.0  
basic/z_0.001_basic_0.340      |0.001  1.0 1.4  8.0  
basic/z_0.001_basic_0.350      |0.001  1.0 1.4 10.0  
basic/z_0.001_basic_0.423      |0.001  1.0 1.4 50.0  
basic/z_0.01_basic_0.176       |0.01   1.0 1.4  2.65 
basic/z_0.01_basic_0.192       |0.01   1.0 1.4  2.7  
basic/z_0.01_basic_0.205       |0.01   1.0 1.4  2.75 
basic/z_0.01_basic_0.217       |0.01   1.0 1.4  2.8  
basic/z_0.01_basic_0.222       |0.01   1.0 1.4  2.82 
basic/z_0.01_basic_0.228       |0.01   1.0 1.4  2.84 
basic/z_0.01_basic_0.230       |0.01   1.0 1.4  2.85 
basic/z_0.01_basic_0.237       |0.01   1.0 1.4  2.9  
basic/z_0.01_basic_0.243       |0.01   1.0 1.4  2.95 
basic/z_0.01_basic_0.248       |0.01   1.0 1.4  3.0  
basic/z_0.01_basic_0.256       |0.01   1.0 1.4  3.1  
basic/z_0.01_basic_0.261       |0.01   1.0 1.4  3.2  
basic/z_0.01_basic_0.269       |0.01   1.0 1.4  3.4  
basic/z_0.01_basic_0.273       |0.01   1.0 1.4  3.5  
basic/z_0.01_basic_0.284       |0.01   1.0 1.4  4.0  
basic/z_0.01_basic_0.297       |0.01   1.0 1.4  5.0  
basic/z_0.01_basic_0.305       |0.01   1.0 1.4  6.0  
basic/z_0.01_basic_0.375       |0.01   1.0 1.4 40.0  
basic/z_0.02_basic_0.171       |0.02   1.4 1.2  3.116
basic/z_0.02_basic_0.180       |0.02   1.4 1.2  3.13 
basic/z_0.02_basic_0.191       |0.02   1.4 1.2  3.16 
basic/z_0.02_basic_0.202       |0.02   1.4 1.2  3.2  
basic/z_0.02_basic_0.205       |0.02   1.4 1.2  3.21 
basic/z_0.02_basic_0.206       |0.02   1.4 1.2  3.215
basic/z_0.02_basic_0.208       |0.02   1.4 1.2  3.22 
basic/z_0.02_basic_0.209       |0.02   1.4 1.2  3.225
basic/z_0.02_basic_0.210       |0.02   1.4 1.2  3.23 
basic/z_0.02_basic_0.211       |0.02   1.4 1.2  3.235
basic/z_0.02_basic_0.213       |0.02   1.4 1.2  3.245
basic/z_0.02_basic_0.214       |0.02   1.4 1.2  3.25 
basic/z_0.02_basic_0.216       |0.02   1.4 1.2  3.26 
basic/z_0.02_basic_0.219       |0.02   1.4 1.2  3.28 
basic/z_0.02_basic_0.233       |0.02   1.4 1.2  3.4  
basic/z_0.02_basic_0.242       |0.02   1.4 1.2  3.5  
basic/z_0.02_basic_0.250       |0.02   1.4 1.2  3.6  
basic/z_0.02_basic_0.256       |0.02   1.4 1.2  3.7  
basic/z_0.02_basic_0.261       |0.02   1.4 1.2  3.8  
basic/z_0.02_basic_0.265       |0.02   1.4 1.2  3.9  
basic/z_0.02_basic_0.268       |0.02   1.4 1.2  4.0  
basic/z_0.02_basic_0.271       |0.02   1.4 1.2  4.1  
basic/z_0.02_basic_0.274       |0.02   1.4 1.2  4.2  
basic/z_0.02_basic_0.276       |0.02   1.4 1.2  4.3  
basic/z_0.02_basic_0.278       |0.02   1.4 1.2  4.4  
basic/z_0.02_basic_0.280       |0.02   1.4 1.2  4.5  
basic/z_0.02_basic_0.282       |0.02   1.4 1.2  4.6  
basic/z_0.02_basic_0.283       |0.02   1.4 1.2  4.7  
basic/z_0.02_basic_0.285       |0.02   1.4 1.2  4.8  
basic/z_0.02_basic_0.287       |0.02   1.4 1.2  5.0  
basic/z_0.02_basic_0.305       |0.02   1.4 1.2  7.0  
basic/z_0.02_basic_0.319       |0.02   1.4 1.2 10.0  
basic/z_0.02_basic_0.343       |0.02   1.4 1.2 20.0  
basic/z_0.02_basic_0.378       |0.02   1.4 1.2 50.0  
diff/z_0.0002_diffusion_0.226  |0.0002 1.0 1.4  1.8  
diff/z_0.0002_diffusion_0.234  |0.0002 1.0 1.4  1.82 
diff/z_0.0002_diffusion_0.244  |0.0002 1.0 1.4  1.85 
diff/z_0.0002_diffusion_0.246  |0.0002 1.0 1.4  1.86 
diff/z_0.0002_diffusion_0.255  |0.0002 1.0 1.4  1.9  
diff/z_0.0002_diffusion_0.263  |0.0002 1.0 1.4  1.95 
diff/z_0.0002_diffusion_0.269  |0.0002 1.0 1.4  2.0  
diff/z_0.0002_diffusion_0.273  |0.0002 1.0 1.4  2.05 
diff/z_0.0002_diffusion_0.277  |0.0002 1.0 1.4  2.1  
diff/z_0.0002_diffusion_0.282  |0.0002 1.0 1.4  2.2  
diff/z_0.0002_diffusion_0.286  |0.0002 1.0 1.4  2.3  
diff/z_0.0002_diffusion_0.289  |0.0002 1.0 1.4  2.4  
diff/z_0.0002_diffusion_0.290  |0.0002 1.0 1.4  2.45 
diff/z_0.0002_diffusion_0.291  |0.0002 1.0 1.4  2.5  
diff/z_0.0002_diffusion_0.297  |0.0002 1.0 1.4  2.8  
diff/z_0.0002_diffusion_0.300  |0.0002 1.0 1.4  3.0  
diff/z_0.0002_diffusion_0.311  |0.0002 1.0 1.4  4.0  
diff/z_0.001_diffusion_0.180   |0.001  1.0 1.4  1.975
diff/z_0.001_diffusion_0.183   |0.001  1.0 1.4  1.98 
diff/z_0.001_diffusion_0.190   |0.001  1.0 1.4  1.99 
diff/z_0.001_diffusion_0.196   |0.001  1.0 1.4  2.0  
diff/z_0.001_diffusion_0.217   |0.001  1.0 1.4  2.05 
diff/z_0.001_diffusion_0.230   |0.001  1.0 1.4  2.1  
diff/z_0.001_diffusion_0.239   |0.001  1.0 1.4  2.15 
diff/z_0.001_diffusion_0.245   |0.001  1.0 1.4  2.2  
diff/z_0.001_diffusion_0.250   |0.001  1.0 1.4  2.25 
diff/z_0.001_diffusion_0.254   |0.001  1.0 1.4  2.3  
diff/z_0.001_diffusion_0.264   |0.001  1.0 1.4  2.5  
diff/z_0.001_diffusion_0.268   |0.001  1.0 1.4  2.6  
diff/z_0.001_diffusion_0.271   |0.001  1.0 1.4  2.7  
diff/z_0.001_diffusion_0.280   |0.001  1.0 1.4  3.0  
diff/z_0.001_diffusion_0.314   |0.001  1.0 1.4  5.0  
diff/z_0.001_diffusion_0.322   |0.001  1.0 1.4  6.0  
diff/z_0.01_diffusion_0.165    |0.01   1.0 1.4  2.955
diff/z_0.01_diffusion_0.170    |0.01   1.0 1.4  2.965
diff/z_0.01_diffusion_0.171    |0.01   1.0 1.4  2.97 
diff/z_0.01_diffusion_0.175    |0.01   1.0 1.4  2.98 
diff/z_0.01_diffusion_0.181    |0.01   1.0 1.4  3.0  
diff/z_0.01_diffusion_0.203    |0.01   1.0 1.4  3.1  
diff/z_0.01_diffusion_0.212    |0.01   1.0 1.4  3.15 
diff/z_0.01_diffusion_0.223    |0.01   1.0 1.4  3.2  
diff/z_0.01_diffusion_0.232    |0.01   1.0 1.4  3.25 
diff/z_0.01_diffusion_0.238    |0.01   1.0 1.4  3.3  
diff/z_0.01_diffusion_0.240    |0.01   1.0 1.4  3.25 
diff/z_0.01_diffusion_0.243    |0.01   1.0 1.4  3.35 
diff/z_0.01_diffusion_0.248    |0.01   1.0 1.4  3.4  
diff/z_0.01_diffusion_0.252    |0.01   1.0 1.4  3.45 
diff/z_0.01_diffusion_0.255    |0.01   1.0 1.4  3.5  
diff/z_0.01_diffusion_0.260    |0.01   1.0 1.4  3.6  
diff/z_0.01_diffusion_0.265    |0.01   1.0 1.4  3.7  
diff/z_0.01_diffusion_0.271    |0.01   1.0 1.4  3.9  
diff/z_0.01_diffusion_0.274    |0.01   1.0 1.4  4.0  
diff/z_0.01_diffusion_0.279    |0.01   1.0 1.4  4.2  
diff/z_0.01_diffusion_0.283    |0.01   1.0 1.4  4.4  
diff/z_0.01_diffusion_0.286    |0.01   1.0 1.4  4.6  
diff/z_0.01_diffusion_0.291    |0.01   1.0 1.4  5.0  
diff/z_0.02_diffusion_0.167    |0.02   1.4 1.2  3.36 
diff/z_0.02_diffusion_0.168    |0.02   1.4 1.2  3.36 
diff/z_0.02_diffusion_0.172    |0.02   1.4 1.2  3.358
diff/z_0.02_diffusion_0.174    |0.02   1.4 1.2  3.37 
diff/z_0.02_diffusion_0.186    |0.02   1.4 1.2  3.38 
diff/z_0.02_diffusion_0.191    |0.02   1.4 1.2  3.39 
diff/z_0.02_diffusion_0.195    |0.02   1.4 1.2  3.4  
diff/z_0.02_diffusion_0.202    |0.02   1.4 1.2  3.42 
diff/z_0.02_diffusion_0.210    |0.02   1.4 1.2  3.45 
diff/z_0.02_diffusion_0.215    |0.02   1.4 1.2  3.48 
diff/z_0.02_diffusion_0.218    |0.02   1.4 1.2  3.5  
diff/z_0.02_diffusion_0.230    |0.02   1.4 1.2  3.6  
diff/z_0.02_diffusion_0.235    |0.02   1.4 1.2  3.65 
diff/z_0.02_diffusion_0.239    |0.02   1.4 1.2  3.7  
diff/z_0.02_diffusion_0.243    |0.02   1.4 1.2  3.75 
diff/z_0.02_diffusion_0.246    |0.02   1.4 1.2  3.8  
diff/z_0.02_diffusion_0.260    |0.02   1.4 1.2  4.0  
diff/z_0.02_diffusion_0.277    |0.02   1.4 1.2  4.5  
diff/z_0.02_diffusion_0.286    |0.02   1.4 1.2  5.0  
diff/z_0.02_diffusion_0.298    |0.02   1.4 1.2  6.0  
diff/z_0.02_diffusion_0.317    |0.02   1.4 1.2  9.0  
diff/z_0.02_diffusion_0.333    |0.02   1.4 1.2 15.0  
diff/z_0.02_diffusion_0.344    |0.02   1.4 1.2 20.0  
diff/z_0.02_diffusion_0.393    |0.02   1.4 1.2 70.0  
rot/z_0.0002_rotation_0.212    |0.0002 1.0 1.4  1.75 
rot/z_0.0002_rotation_0.236    |0.0002 1.0 1.4  1.8  
rot/z_0.0002_rotation_0.250    |0.0002 1.0 1.4  1.85 
rot/z_0.0002_rotation_0.259    |0.0002 1.0 1.4  1.9  
rot/z_0.0002_rotation_0.266    |0.0002 1.0 1.4  1.95 
rot/z_0.0002_rotation_0.270    |0.0002 1.0 1.4  2.0  
rot/z_0.0002_rotation_0.274    |0.0002 1.0 1.4  2.05 
rot/z_0.0002_rotation_0.277    |0.0002 1.0 1.4  2.1  
rot/z_0.0002_rotation_0.280    |0.0002 1.0 1.4  2.15 
rot/z_0.0002_rotation_0.282    |0.0002 1.0 1.4  2.2  
rot/z_0.0002_rotation_0.284    |0.0002 1.0 1.4  2.25 
rot/z_0.0002_rotation_0.286    |0.0002 1.0 1.4  2.3  
rot/z_0.0002_rotation_0.287    |0.0002 1.0 1.4  2.35 
rot/z_0.0002_rotation_0.288    |0.0002 1.0 1.4  2.4  
rot/z_0.0002_rotation_0.290    |0.0002 1.0 1.4  2.45 
rot/z_0.0002_rotation_0.291    |0.0002 1.0 1.4  2.5  
rot/z_0.0002_rotation_0.293    |0.0002 1.0 1.4  2.55 
rot/z_0.001_rotation_0.179     |0.001  1.0 1.4  1.975
rot/z_0.001_rotation_0.183     |0.001  1.0 1.4  1.98 
rot/z_0.001_rotation_0.190     |0.001  1.0 1.4  1.99 
rot/z_0.001_rotation_0.196     |0.001  1.0 1.4  2.0  
rot/z_0.001_rotation_0.216     |0.001  1.0 1.4  2.05 
rot/z_0.001_rotation_0.228     |0.001  1.0 1.4  2.1  
rot/z_0.001_rotation_0.237     |0.001  1.0 1.4  2.15 
rot/z_0.001_rotation_0.244     |0.001  1.0 1.4  2.2  
rot/z_0.001_rotation_0.250     |0.001  1.0 1.4  2.25 
rot/z_0.001_rotation_0.254     |0.001  1.0 1.4  2.3  
rot/z_0.001_rotation_0.260     |0.001  1.0 1.4  2.4  
rot/z_0.001_rotation_0.275     |0.001  1.0 1.4  2.8  
rot/z_0.001_rotation_0.287     |0.001  1.0 1.4  3.2  
rot/z_0.001_rotation_0.296     |0.001  1.0 1.4  3.5  
rot/z_0.001_rotation_0.303     |0.001  1.0 1.4  4.0  
rot/z_0.001_rotation_0.314     |0.001  1.0 1.4  5.0  
rot/z_0.001_rotation_0.322     |0.001  1.0 1.4  6.0  
rot/z_0.01_rotation_0.182      |0.01   1.0 1.4  2.94 
rot/z_0.01_rotation_0.183      |0.01   1.0 1.4  2.945
rot/z_0.01_rotation_0.187      |0.01   1.0 1.4  2.96 
rot/z_0.01_rotation_0.192      |0.01   1.0 1.4  2.98 
rot/z_0.01_rotation_0.195      |0.01   1.0 1.4  2.99 
rot/z_0.01_rotation_0.197      |0.01   1.0 1.4  3.0  
rot/z_0.01_rotation_0.206      |0.01   1.0 1.4  3.05 
rot/z_0.01_rotation_0.216      |0.01   1.0 1.4  3.1  
rot/z_0.01_rotation_0.226      |0.01   1.0 1.4  3.15 
rot/z_0.01_rotation_0.234      |0.01   1.0 1.4  3.2  
rot/z_0.01_rotation_0.239      |0.01   1.0 1.4  3.25 
rot/z_0.01_rotation_0.244      |0.01   1.0 1.4  3.3  
rot/z_0.01_rotation_0.248      |0.01   1.0 1.4  3.35 
rot/z_0.01_rotation_0.252      |0.01   1.0 1.4  3.4  
rot/z_0.01_rotation_0.258      |0.01   1.0 1.4  3.5  
rot/z_0.01_rotation_0.262      |0.01   1.0 1.4  3.6  
rot/z_0.01_rotation_0.265      |0.01   1.0 1.4  3.7  
rot/z_0.01_rotation_0.275      |0.01   1.0 1.4  4.0  
rot/z_0.01_rotation_0.279      |0.01   1.0 1.4  4.2  
rot/z_0.01_rotation_0.301      |0.01   1.0 1.4  6.0  
rot/z_0.01_rotation_0.324      |0.01   1.0 1.4 10.0  
rot/z_0.02_rotation_0.167      |0.02   1.4 1.2  3.345
rot/z_0.02_rotation_0.175      |0.02   1.4 1.2  3.355
rot/z_0.02_rotation_0.182      |0.02   1.4 1.2  3.365
rot/z_0.02_rotation_0.185      |0.02   1.4 1.2  3.37 
rot/z_0.02_rotation_0.190      |0.02   1.4 1.2  3.38 
rot/z_0.02_rotation_0.198      |0.02   1.4 1.2  3.4  
rot/z_0.02_rotation_0.205      |0.02   1.4 1.2  3.42 
rot/z_0.02_rotation_0.212      |0.02   1.4 1.2  3.45 
rot/z_0.02_rotation_0.215      |0.02   1.4 1.2  3.47 
rot/z_0.02_rotation_0.217      |0.02   1.4 1.2  3.48 
rot/z_0.02_rotation_0.220      |0.02   1.4 1.2  3.5  
rot/z_0.02_rotation_0.221      |0.02   1.4 1.2  3.51 
rot/z_0.02_rotation_0.226      |0.02   1.4 1.2  3.55 
rot/z_0.02_rotation_0.232      |0.02   1.4 1.2  3.6  
rot/z_0.02_rotation_0.236      |0.02   1.4 1.2  3.65 
rot/z_0.02_rotation_0.241      |0.02   1.4 1.2  3.7  
rot/z_0.02_rotation_0.248      |0.02   1.4 1.2  3.8  
rot/z_0.02_rotation_0.261      |0.02   1.4 1.2  4.0  
rot/z_0.02_rotation_0.266      |0.02   1.4 1.2  4.1  
rot/z_0.02_rotation_0.278      |0.02   1.4 1.2  4.5  
rot/z_0.02_rotation_0.284      |0.02   1.4 1.2  4.8  
rot/z_0.02_rotation_0.287      |0.02   1.4 1.2  5.0  
rot/z_0.02_rotation_0.290      |0.02   1.4 1.2  5.2  
rot/z_0.02_rotation_0.293      |0.02   1.4 1.2  5.5  
rot/z_0.02_rotation_0.306      |0.02   1.4 1.2  7.0  
rot/z_0.02_rotation_0.317      |0.02   1.4 1.2  9.0  
rot/z_0.02_rotation_0.322      |0.02   1.4 1.2 10.0  
