18827.947179838658 4.0
T F
'tas'
50
99
2 1 0
2 0.030189092460307113 0
0 0 0
0 0 0
0 0 0
2 2.5066220167336556e-06 0
2 0.00011352764910697113 0
2 8.5688134056270516e-05 0
1 2.6083711629444304e-09 0
2 2.2905173690167851e-05 0
0 0 0
2 4.2598277019856735e-05 0
0 0 0
0 0 0
0 0 0
0 0 0
0 0 0
0 0 0
0 0 0
2 2.2359498621073231e-07 0
0 0 0
0 0 0
0 0 0
0 0 0
0 0 0
0 0 0
0 0 0
0 0 0
0 0 0
0 0 0
0 0 0
0 0 0
0 0 0
0 0 0
0 0 0
0 0 0
0 0 0
0 0 0
0 0 0
0 0 0
0 0 0
0 0 0
0 0 0
0 0 0
0 0 0
0 0 0
0 0 0
0 0 0
0 0 0
0 0 0
0 0 0
0 0 0
0 0 0
0 0 0
0 0 0
0 0 0
0 0 0
0 0 0
0 0 0
0 0 0
0 0 0
0 0 0
0 0 0
0 0 0
0 0 0
0 0 0
0 0 0
0 0 0
0 0 0
0 0 0
0 0 0
0 0 0
0 0 0
0 0 0
0 0 0
0 0 0
0 0 0
0 0 0
0 0 0
0 0 0
0 0 0
0 0 0
0 0 0
0 0 0
0 0 0
0 0 0
0 0 0
0 0 0
0 0 0
0 0 0
0 0 0
0 0 0
0 0 0
0 0 0
0 0 0
0 0 0
0 0 0
0 0 0
0 0 0
1 0 9 0 0 0 'H 1' 'data/h1.dat'
1 1 1 1 0 0 'H 2' ' '
2 0 24 0 0 0 'He 1' 'data/he1.dat'
2 1 20 0 0 0 'He 2' 'data/he2.dat'
2 2 1 1 0 0 'He 3' ' '
6 0 40 0 0 0 'Z06' 'atom/c1_28+12lev.dat'
6 1 22 0 0 0 'Z06' 'atom/c2_17+5lev.dat'
6 2 46 0 0 0 'Z06' 'atom/c3_34+12lev.dat'
6 3 1 1 0 0 'top' ' '
7 0 34 0 0 0 'Z07' 'atom/n1_27+7lev.dat'
7 1 42 0 0 0 'Z07' 'atom/n2_32+10lev.dat'
7 2 32 0 0 0 'Z07' 'atom/n3_25+7lev.dat'
7 3 1 1 0 0 'top' ' '
8 0 33 0 0 0 'Z08' 'atom/o1_23+10lev.dat'
8 1 48 0 0 0 'Z08' 'atom/o2_36+12lev.dat'
8 2 41 0 0 0 'Z08' 'atom/o3_28+13lev.dat'
8 3 1 1 0 0 'top' ' '
10 0 35 0 0 0 'Z10' 'atom/ne1_23+12lev.dat'
10 1 32 0 0 0 'Z10' 'atom/ne2_23+9lev.dat'
10 2 34 0 0 0 'Z10' 'atom/ne3_22+12lev.dat'
10 3 1 1 0 0 'top' ' '
12 1 25 0 0 0 'Z12' 'atom/mg2_21+4lev.dat'
12 2 1 1 0 0 'top' ' '
20 0 66 0 0 0 'Z20' 'data/Ca1kas_F_zat.sy'
20 1 24 0 0 0 'Z20' 'data/Ca2kas_F_zat.sy'
20 2 1 1 0 0 'top' ' '
0 0 0 -1 0 0 ' ' ' '
