Number of T =   1  Number of rho =   1  Number of materials =   9
TOPS results for  phW01T1         on Sep 19, 2026
Opacities in cm**2/gm, T in keV, density in gm/cc
Normalized composition for requested elements
No. Fraction Mass Fraction  At. No.  Chem. Sym.  Mat ID.
9.7044E-01   8.8941E-01      1         H         4525
2.9297E-02   1.0664E-01      2         He        4675
2.4325E-06   2.6953E-05      6         C         4387
1.1017E-04   1.4030E-03      7         N         4005
8.3156E-05   1.2116E-03      8         O         4105
2.5313E-09   4.3732E-08      9         F         4405
2.2228E-05   4.0413E-04     10         Ne        4145
4.1339E-05   9.0165E-04     12         Mg        4682
2.1699E-07   7.8856E-06     20         Ca        2302
Temperature grid used the following   1 points
2.0000E-03
Density grid used the following   1 points
1.9163E-09
Photon grid used the following 999 points
4.8943E-05  4.8966E-05  4.8989E-05  4.9013E-05  4.9036E-05  4.9059E-05
4.9083E-05  4.9106E-05  4.9129E-05  4.9153E-05  4.9176E-05  4.9199E-05
4.9223E-05  4.9246E-05  4.9270E-05  4.9293E-05  4.9317E-05  4.9340E-05
4.9363E-05  4.9387E-05  4.9410E-05  4.9434E-05  4.9457E-05  4.9481E-05
4.9504E-05  4.9528E-05  4.9551E-05  4.9575E-05  4.9599E-05  4.9622E-05
4.9646E-05  4.9669E-05  4.9693E-05  4.9717E-05  4.9740E-05  4.9764E-05
4.9788E-05  4.9811E-05  4.9835E-05  4.9859E-05  4.9882E-05  4.9906E-05
4.9930E-05  4.9953E-05  4.9977E-05  5.0001E-05  5.0025E-05  5.0049E-05
5.0072E-05  5.0096E-05  5.0120E-05  5.0144E-05  5.0168E-05  5.0191E-05
5.0215E-05  5.0239E-05  5.0263E-05  5.0287E-05  5.0311E-05  5.0335E-05
5.0359E-05  5.0383E-05  5.0407E-05  5.0431E-05  5.0455E-05  5.0479E-05
5.0503E-05  5.0527E-05  5.0551E-05  5.0575E-05  5.0599E-05  5.0623E-05
5.0647E-05  5.0671E-05  5.0695E-05  5.0719E-05  5.0743E-05  5.0767E-05
5.0791E-05  5.0816E-05  5.0840E-05  5.0864E-05  5.0888E-05  5.0912E-05
5.0936E-05  5.0961E-05  5.0985E-05  5.1009E-05  5.1033E-05  5.1058E-05
5.1082E-05  5.1106E-05  5.1130E-05  5.1155E-05  5.1179E-05  5.1203E-05
5.1228E-05  5.1252E-05  5.1276E-05  5.1301E-05  5.1325E-05  5.1350E-05
5.1374E-05  5.1398E-05  5.1423E-05  5.1447E-05  5.1472E-05  5.1496E-05
5.1521E-05  5.1545E-05  5.1570E-05  5.1594E-05  5.1619E-05  5.1643E-05
5.1668E-05  5.1692E-05  5.1717E-05  5.1742E-05  5.1766E-05  5.1791E-05
5.1815E-05  5.1840E-05  5.1865E-05  5.1889E-05  5.1914E-05  5.1939E-05
5.1963E-05  5.1988E-05  5.2013E-05  5.2038E-05  5.2062E-05  5.2087E-05
5.2112E-05  5.2137E-05  5.2161E-05  5.2186E-05  5.2211E-05  5.2236E-05
5.2261E-05  5.2285E-05  5.2310E-05  5.2335E-05  5.2360E-05  5.2385E-05
5.2410E-05  5.2435E-05  5.2460E-05  5.2485E-05  5.2510E-05  5.2535E-05
5.2560E-05  5.2585E-05  5.2610E-05  5.2635E-05  5.2660E-05  5.2685E-05
5.2710E-05  5.2735E-05  5.2760E-05  5.2785E-05  5.2810E-05  5.2835E-05
5.2860E-05  5.2885E-05  5.2910E-05  5.2936E-05  5.2961E-05  5.2986E-05
5.3011E-05  5.3036E-05  5.3062E-05  5.3087E-05  5.3112E-05  5.3137E-05
5.3163E-05  5.3188E-05  5.3213E-05  5.3238E-05  5.3264E-05  5.3289E-05
5.3314E-05  5.3340E-05  5.3365E-05  5.3390E-05  5.3416E-05  5.3441E-05
5.3467E-05  5.3492E-05  5.3517E-05  5.3543E-05  5.3568E-05  5.3594E-05
5.3619E-05  5.3645E-05  5.3670E-05  5.3696E-05  5.3721E-05  5.3747E-05
5.3772E-05  5.3798E-05  5.3824E-05  5.3849E-05  5.3875E-05  5.3900E-05
5.3926E-05  5.3952E-05  5.3977E-05  5.4003E-05  5.4029E-05  5.4054E-05
5.4080E-05  5.4106E-05  5.4131E-05  5.4157E-05  5.4183E-05  5.4209E-05
5.4234E-05  5.4260E-05  5.4286E-05  5.4312E-05  5.4338E-05  5.4363E-05
5.4389E-05  5.4415E-05  5.4441E-05  5.4467E-05  5.4493E-05  5.4519E-05
5.4545E-05  5.4571E-05  5.4596E-05  5.4622E-05  5.4648E-05  5.4674E-05
5.4700E-05  5.4726E-05  5.4752E-05  5.4778E-05  5.4804E-05  5.4831E-05
5.4857E-05  5.4883E-05  5.4909E-05  5.4935E-05  5.4961E-05  5.4987E-05
5.5013E-05  5.5039E-05  5.5066E-05  5.5092E-05  5.5118E-05  5.5144E-05
5.5170E-05  5.5197E-05  5.5223E-05  5.5249E-05  5.5275E-05  5.5302E-05
5.5328E-05  5.5354E-05  5.5381E-05  5.5407E-05  5.5433E-05  5.5460E-05
5.5486E-05  5.5512E-05  5.5539E-05  5.5565E-05  5.5591E-05  5.5618E-05
5.5644E-05  5.5671E-05  5.5697E-05  5.5724E-05  5.5750E-05  5.5777E-05
5.5803E-05  5.5830E-05  5.5856E-05  5.5883E-05  5.5909E-05  5.5936E-05
5.5963E-05  5.5989E-05  5.6016E-05  5.6042E-05  5.6069E-05  5.6096E-05
5.6122E-05  5.6149E-05  5.6176E-05  5.6203E-05  5.6229E-05  5.6256E-05
5.6283E-05  5.6309E-05  5.6336E-05  5.6363E-05  5.6390E-05  5.6417E-05
5.6443E-05  5.6470E-05  5.6497E-05  5.6524E-05  5.6551E-05  5.6578E-05
5.6605E-05  5.6632E-05  5.6658E-05  5.6685E-05  5.6712E-05  5.6739E-05
5.6766E-05  5.6793E-05  5.6820E-05  5.6847E-05  5.6874E-05  5.6901E-05
5.6928E-05  5.6955E-05  5.6983E-05  5.7010E-05  5.7037E-05  5.7064E-05
5.7091E-05  5.7118E-05  5.7145E-05  5.7172E-05  5.7200E-05  5.7227E-05
5.7254E-05  5.7281E-05  5.7308E-05  5.7336E-05  5.7363E-05  5.7390E-05
5.7418E-05  5.7445E-05  5.7472E-05  5.7499E-05  5.7527E-05  5.7554E-05
5.7581E-05  5.7609E-05  5.7636E-05  5.7664E-05  5.7691E-05  5.7718E-05
5.7746E-05  5.7773E-05  5.7801E-05  5.7828E-05  5.7856E-05  5.7883E-05
5.7911E-05  5.7938E-05  5.7966E-05  5.7993E-05  5.8021E-05  5.8049E-05
5.8076E-05  5.8104E-05  5.8131E-05  5.8159E-05  5.8187E-05  5.8214E-05
5.8242E-05  5.8270E-05  5.8297E-05  5.8325E-05  5.8353E-05  5.8381E-05
5.8408E-05  5.8436E-05  5.8464E-05  5.8492E-05  5.8520E-05  5.8547E-05
5.8575E-05  5.8603E-05  5.8631E-05  5.8659E-05  5.8687E-05  5.8715E-05
5.8742E-05  5.8770E-05  5.8798E-05  5.8826E-05  5.8854E-05  5.8882E-05
5.8910E-05  5.8938E-05  5.8966E-05  5.8994E-05  5.9022E-05  5.9050E-05
5.9078E-05  5.9107E-05  5.9135E-05  5.9163E-05  5.9191E-05  5.9219E-05
5.9247E-05  5.9275E-05  5.9304E-05  5.9332E-05  5.9360E-05  5.9388E-05
5.9416E-05  5.9445E-05  5.9473E-05  5.9501E-05  5.9529E-05  5.9558E-05
5.9586E-05  5.9614E-05  5.9643E-05  5.9671E-05  5.9699E-05  5.9728E-05
5.9756E-05  5.9785E-05  5.9813E-05  5.9841E-05  5.9870E-05  5.9898E-05
5.9927E-05  5.9955E-05  5.9984E-05  6.0012E-05  6.0041E-05  6.0069E-05
6.0098E-05  6.0127E-05  6.0155E-05  6.0184E-05  6.0212E-05  6.0241E-05
6.0270E-05  6.0298E-05  6.0327E-05  6.0356E-05  6.0384E-05  6.0413E-05
6.0442E-05  6.0470E-05  6.0499E-05  6.0528E-05  6.0557E-05  6.0586E-05
6.0614E-05  6.0643E-05  6.0672E-05  6.0701E-05  6.0730E-05  6.0759E-05
6.0787E-05  6.0816E-05  6.0845E-05  6.0874E-05  6.0903E-05  6.0932E-05
6.0961E-05  6.0990E-05  6.1019E-05  6.1048E-05  6.1077E-05  6.1106E-05
6.1135E-05  6.1164E-05  6.1193E-05  6.1222E-05  6.1251E-05  6.1281E-05
6.1310E-05  6.1339E-05  6.1368E-05  6.1397E-05  6.1426E-05  6.1456E-05
6.1485E-05  6.1514E-05  6.1543E-05  6.1573E-05  6.1602E-05  6.1631E-05
6.1660E-05  6.1690E-05  6.1719E-05  6.1748E-05  6.1778E-05  6.1807E-05
6.1836E-05  6.1866E-05  6.1895E-05  6.1925E-05  6.1954E-05  6.1984E-05
6.2013E-05  6.2043E-05  6.2072E-05  6.2102E-05  6.2131E-05  6.2161E-05
6.2190E-05  6.2220E-05  6.2249E-05  6.2279E-05  6.2309E-05  6.2338E-05
6.2368E-05  6.2397E-05  6.2427E-05  6.2457E-05  6.2486E-05  6.2516E-05
6.2546E-05  6.2576E-05  6.2605E-05  6.2635E-05  6.2665E-05  6.2695E-05
6.2724E-05  6.2754E-05  6.2784E-05  6.2814E-05  6.2844E-05  6.2874E-05
6.2904E-05  6.2934E-05  6.2963E-05  6.2993E-05  6.3023E-05  6.3053E-05
6.3083E-05  6.3113E-05  6.3143E-05  6.3173E-05  6.3203E-05  6.3233E-05
6.3263E-05  6.3293E-05  6.3324E-05  6.3354E-05  6.3384E-05  6.3414E-05
6.3444E-05  6.3474E-05  6.3504E-05  6.3535E-05  6.3565E-05  6.3595E-05
6.3625E-05  6.3655E-05  6.3686E-05  6.3716E-05  6.3746E-05  6.3777E-05
6.3807E-05  6.3837E-05  6.3868E-05  6.3898E-05  6.3928E-05  6.3959E-05
6.3989E-05  6.4020E-05  6.4050E-05  6.4080E-05  6.4111E-05  6.4141E-05
6.4172E-05  6.4202E-05  6.4233E-05  6.4263E-05  6.4294E-05  6.4325E-05
6.4355E-05  6.4386E-05  6.4416E-05  6.4447E-05  6.4478E-05  6.4508E-05
6.4539E-05  6.4570E-05  6.4600E-05  6.4631E-05  6.4662E-05  6.4692E-05
6.4723E-05  6.4754E-05  6.4785E-05  6.4816E-05  6.4846E-05  6.4877E-05
6.4908E-05  6.4939E-05  6.4970E-05  6.5001E-05  6.5032E-05  6.5063E-05
6.5093E-05  6.5124E-05  6.5155E-05  6.5186E-05  6.5217E-05  6.5248E-05
6.5279E-05  6.5310E-05  6.5341E-05  6.5372E-05  6.5404E-05  6.5435E-05
6.5466E-05  6.5497E-05  6.5528E-05  6.5559E-05  6.5590E-05  6.5622E-05
6.5653E-05  6.5684E-05  6.5715E-05  6.5746E-05  6.5778E-05  6.5809E-05
6.5840E-05  6.5872E-05  6.5903E-05  6.5934E-05  6.5965E-05  6.5997E-05
6.6028E-05  6.6060E-05  6.6091E-05  6.6122E-05  6.6154E-05  6.6185E-05
6.6217E-05  6.6248E-05  6.6280E-05  6.6311E-05  6.6343E-05  6.6374E-05
6.6406E-05  6.6437E-05  6.6469E-05  6.6501E-05  6.6532E-05  6.6564E-05
6.6596E-05  6.6627E-05  6.6659E-05  6.6691E-05  6.6722E-05  6.6754E-05
6.6786E-05  6.6817E-05  6.6849E-05  6.6881E-05  6.6913E-05  6.6945E-05
6.6976E-05  6.7008E-05  6.7040E-05  6.7072E-05  6.7104E-05  6.7136E-05
6.7168E-05  6.7200E-05  6.7232E-05  6.7264E-05  6.7296E-05  6.7328E-05
6.7360E-05  6.7392E-05  6.7424E-05  6.7456E-05  6.7488E-05  6.7520E-05
6.7552E-05  6.7584E-05  6.7616E-05  6.7648E-05  6.7680E-05  6.7713E-05
6.7745E-05  6.7777E-05  6.7809E-05  6.7841E-05  6.7874E-05  6.7906E-05
6.7938E-05  6.7971E-05  6.8003E-05  6.8035E-05  6.8068E-05  6.8100E-05
6.8132E-05  6.8165E-05  6.8197E-05  6.8229E-05  6.8262E-05  6.8294E-05
6.8327E-05  6.8359E-05  6.8392E-05  6.8424E-05  6.8457E-05  6.8489E-05
6.8522E-05  6.8555E-05  6.8587E-05  6.8620E-05  6.8652E-05  6.8685E-05
6.8718E-05  6.8750E-05  6.8783E-05  6.8816E-05  6.8848E-05  6.8881E-05
6.8914E-05  6.8947E-05  6.8979E-05  6.9012E-05  6.9045E-05  6.9078E-05
6.9111E-05  6.9144E-05  6.9176E-05  6.9209E-05  6.9242E-05  6.9275E-05
6.9308E-05  6.9341E-05  6.9374E-05  6.9407E-05  6.9440E-05  6.9473E-05
6.9506E-05  6.9539E-05  6.9572E-05  6.9605E-05  6.9638E-05  6.9671E-05
6.9704E-05  6.9738E-05  6.9771E-05  6.9804E-05  6.9837E-05  6.9870E-05
6.9904E-05  6.9937E-05  6.9970E-05  7.0003E-05  7.0037E-05  7.0070E-05
7.0103E-05  7.0136E-05  7.0170E-05  7.0203E-05  7.0237E-05  7.0270E-05
7.0303E-05  7.0337E-05  7.0370E-05  7.0404E-05  7.0437E-05  7.0471E-05
7.0504E-05  7.0538E-05  7.0571E-05  7.0605E-05  7.0638E-05  7.0672E-05
7.0705E-05  7.0739E-05  7.0773E-05  7.0806E-05  7.0840E-05  7.0874E-05
7.0907E-05  7.0941E-05  7.0975E-05  7.1009E-05  7.1042E-05  7.1076E-05
7.1110E-05  7.1144E-05  7.1178E-05  7.1211E-05  7.1245E-05  7.1279E-05
7.1313E-05  7.1347E-05  7.1381E-05  7.1415E-05  7.1449E-05  7.1483E-05
7.1517E-05  7.1551E-05  7.1585E-05  7.1619E-05  7.1653E-05  7.1687E-05
7.1721E-05  7.1755E-05  7.1789E-05  7.1823E-05  7.1857E-05  7.1891E-05
7.1926E-05  7.1960E-05  7.1994E-05  7.2028E-05  7.2063E-05  7.2097E-05
7.2131E-05  7.2165E-05  7.2200E-05  7.2234E-05  7.2268E-05  7.2303E-05
7.2337E-05  7.2371E-05  7.2406E-05  7.2440E-05  7.2475E-05  7.2509E-05
7.2544E-05  7.2578E-05  7.2613E-05  7.2647E-05  7.2682E-05  7.2716E-05
7.2751E-05  7.2785E-05  7.2820E-05  7.2855E-05  7.2889E-05  7.2924E-05
7.2959E-05  7.2993E-05  7.3028E-05  7.3063E-05  7.3097E-05  7.3132E-05
7.3167E-05  7.3202E-05  7.3237E-05  7.3271E-05  7.3306E-05  7.3341E-05
7.3376E-05  7.3411E-05  7.3446E-05  7.3481E-05  7.3515E-05  7.3550E-05
7.3585E-05  7.3620E-05  7.3655E-05  7.3690E-05  7.3725E-05  7.3760E-05
7.3796E-05  7.3831E-05  7.3866E-05  7.3901E-05  7.3936E-05  7.3971E-05
7.4006E-05  7.4041E-05  7.4077E-05  7.4112E-05  7.4147E-05  7.4182E-05
7.4218E-05  7.4253E-05  7.4288E-05  7.4324E-05  7.4359E-05  7.4394E-05
7.4430E-05  7.4465E-05  7.4500E-05  7.4536E-05  7.4571E-05  7.4607E-05
7.4642E-05  7.4678E-05  7.4713E-05  7.4749E-05  7.4784E-05  7.4820E-05
7.4855E-05  7.4891E-05  7.4926E-05  7.4962E-05  7.4998E-05  7.5033E-05
7.5069E-05  7.5105E-05  7.5140E-05  7.5176E-05  7.5212E-05  7.5248E-05
7.5283E-05  7.5319E-05  7.5355E-05  7.5391E-05  7.5427E-05  7.5463E-05
7.5498E-05  7.5534E-05  7.5570E-05  7.5606E-05  7.5642E-05  7.5678E-05
7.5714E-05  7.5750E-05  7.5786E-05  7.5822E-05  7.5858E-05  7.5894E-05
7.5930E-05  7.5966E-05  7.6002E-05  7.6039E-05  7.6075E-05  7.6111E-05
7.6147E-05  7.6183E-05  7.6220E-05  7.6256E-05  7.6292E-05  7.6328E-05
7.6365E-05  7.6401E-05  7.6437E-05  7.6474E-05  7.6510E-05  7.6546E-05
7.6583E-05  7.6619E-05  7.6655E-05  7.6692E-05  7.6728E-05  7.6765E-05
7.6801E-05  7.6838E-05  7.6874E-05  7.6911E-05  7.6947E-05  7.6984E-05
7.7021E-05  7.7057E-05  7.7094E-05  7.7131E-05  7.7167E-05  7.7204E-05
7.7241E-05  7.7277E-05  7.7314E-05  7.7351E-05  7.7388E-05  7.7424E-05
7.7461E-05  7.7498E-05  7.7535E-05  7.7572E-05  7.7609E-05  7.7646E-05
7.7682E-05  7.7719E-05  7.7756E-05  7.7793E-05  7.7830E-05  7.7867E-05
7.7904E-05  7.7941E-05  7.7978E-05  7.8015E-05  7.8053E-05  7.8090E-05
7.8127E-05  7.8164E-05  7.8201E-05  7.8238E-05  7.8275E-05  7.8313E-05
7.8350E-05  7.8387E-05  7.8424E-05  7.8462E-05  7.8499E-05  7.8536E-05
7.8574E-05  7.8611E-05  7.8648E-05
Rosseland and Planck opacities and free electrons
Density     Ross opa    Planck opa  No. Free    Av Sq Free  T=  2.0000E-03
1.9163E-09  3.5530E+00  4.0076E+02  9.9982E-01  1.0002E+00
Multigroup opacities
Energy      Ross mg     Planck mg    for T, density =   2.0000E-03  1.9163E-09
4.8943E-05  5.3174E+04  5.3174E+04
4.8966E-05  5.3114E+04  5.3114E+04
4.8989E-05  5.3055E+04  5.3055E+04
4.9013E-05  5.2996E+04  5.2996E+04
4.9036E-05  5.2937E+04  5.2937E+04
4.9059E-05  5.2878E+04  5.2877E+04
4.9083E-05  5.2818E+04  5.2818E+04
4.9106E-05  5.2759E+04  5.2759E+04
4.9129E-05  5.2701E+04  5.2700E+04
4.9153E-05  5.2642E+04  5.2641E+04
4.9176E-05  5.2583E+04  5.2583E+04
4.9199E-05  5.2524E+04  5.2524E+04
4.9223E-05  5.2465E+04  5.2465E+04
4.9246E-05  5.2407E+04  5.2407E+04
4.9270E-05  5.2348E+04  5.2348E+04
4.9293E-05  5.2290E+04  5.2289E+04
4.9317E-05  5.2231E+04  5.2231E+04
4.9340E-05  5.2173E+04  5.2173E+04
4.9363E-05  5.2114E+04  5.2114E+04
4.9387E-05  5.2056E+04  5.2056E+04
4.9410E-05  5.1998E+04  5.1998E+04
4.9434E-05  5.1940E+04  5.1939E+04
4.9457E-05  5.1882E+04  5.1881E+04
4.9481E-05  5.1823E+04  5.1823E+04
4.9504E-05  5.1765E+04  5.1765E+04
4.9528E-05  5.1708E+04  5.1707E+04
4.9551E-05  5.1650E+04  5.1650E+04
4.9575E-05  5.1592E+04  5.1592E+04
4.9599E-05  5.1534E+04  5.1534E+04
4.9622E-05  5.1476E+04  5.1476E+04
4.9646E-05  5.1419E+04  5.1419E+04
4.9669E-05  5.1361E+04  5.1361E+04
4.9693E-05  5.1304E+04  5.1304E+04
4.9717E-05  5.1246E+04  5.1246E+04
4.9740E-05  5.1189E+04  5.1189E+04
4.9764E-05  5.1131E+04  5.1131E+04
4.9788E-05  5.1074E+04  5.1074E+04
4.9811E-05  5.1017E+04  5.1017E+04
4.9835E-05  5.0960E+04  5.0960E+04
4.9859E-05  5.0903E+04  5.0903E+04
4.9882E-05  5.0846E+04  5.0845E+04
4.9906E-05  5.0789E+04  5.0788E+04
4.9930E-05  5.0732E+04  5.0732E+04
4.9953E-05  5.0675E+04  5.0675E+04
4.9977E-05  5.0618E+04  5.0618E+04
5.0001E-05  5.0563E+04  5.0563E+04
5.0025E-05  5.0509E+04  5.0509E+04
5.0049E-05  5.0455E+04  5.0455E+04
5.0072E-05  5.0401E+04  5.0401E+04
5.0096E-05  5.0347E+04  5.0347E+04
5.0120E-05  5.0294E+04  5.0293E+04
5.0144E-05  5.0240E+04  5.0240E+04
5.0168E-05  5.0186E+04  5.0186E+04
5.0191E-05  5.0133E+04  5.0133E+04
5.0215E-05  5.0079E+04  5.0079E+04
5.0239E-05  5.0026E+04  5.0026E+04
5.0263E-05  4.9972E+04  4.9972E+04
5.0287E-05  4.9919E+04  4.9919E+04
5.0311E-05  4.9866E+04  4.9866E+04
5.0335E-05  4.9812E+04  4.9812E+04
5.0359E-05  4.9759E+04  4.9759E+04
5.0383E-05  4.9706E+04  4.9706E+04
5.0407E-05  4.9653E+04  4.9653E+04
5.0431E-05  4.9600E+04  4.9600E+04
5.0455E-05  4.9547E+04  4.9547E+04
5.0479E-05  4.9494E+04  4.9494E+04
5.0503E-05  4.9441E+04  4.9441E+04
5.0527E-05  4.9388E+04  4.9388E+04
5.0551E-05  4.9336E+04  4.9336E+04
5.0575E-05  4.9283E+04  4.9283E+04
5.0599E-05  4.9230E+04  4.9230E+04
5.0623E-05  4.9178E+04  4.9178E+04
5.0647E-05  4.9125E+04  4.9125E+04
5.0671E-05  4.9073E+04  4.9072E+04
5.0695E-05  4.9020E+04  4.9020E+04
5.0719E-05  4.8968E+04  4.8968E+04
5.0743E-05  4.8915E+04  4.8915E+04
5.0767E-05  4.8863E+04  4.8863E+04
5.0791E-05  4.8811E+04  4.8811E+04
5.0816E-05  4.8759E+04  4.8759E+04
5.0840E-05  4.8707E+04  4.8706E+04
5.0864E-05  4.8655E+04  4.8654E+04
5.0888E-05  4.8603E+04  4.8602E+04
5.0912E-05  4.8551E+04  4.8550E+04
5.0936E-05  4.8499E+04  4.8498E+04
5.0961E-05  4.8447E+04  4.8447E+04
5.0985E-05  4.8395E+04  4.8395E+04
5.1009E-05  4.8343E+04  4.8343E+04
5.1033E-05  4.8291E+04  4.8291E+04
5.1058E-05  4.8240E+04  4.8240E+04
5.1082E-05  4.8188E+04  4.8188E+04
5.1106E-05  4.8137E+04  4.8136E+04
5.1130E-05  4.8085E+04  4.8085E+04
5.1155E-05  4.8034E+04  4.8033E+04
5.1179E-05  4.7982E+04  4.7982E+04
5.1203E-05  4.7931E+04  4.7931E+04
5.1228E-05  4.7880E+04  4.7879E+04
5.1252E-05  4.7828E+04  4.7828E+04
5.1276E-05  4.7777E+04  4.7777E+04
5.1301E-05  4.7726E+04  4.7726E+04
5.1325E-05  4.7675E+04  4.7675E+04
5.1350E-05  4.7624E+04  4.7624E+04
5.1374E-05  4.7573E+04  4.7573E+04
5.1398E-05  4.7522E+04  4.7522E+04
5.1423E-05  4.7471E+04  4.7471E+04
5.1447E-05  4.7420E+04  4.7420E+04
5.1472E-05  4.7369E+04  4.7369E+04
5.1496E-05  4.7319E+04  4.7319E+04
5.1521E-05  4.7268E+04  4.7268E+04
5.1545E-05  4.7217E+04  4.7217E+04
5.1570E-05  4.7167E+04  4.7167E+04
5.1594E-05  4.7116E+04  4.7116E+04
5.1619E-05  4.7066E+04  4.7066E+04
5.1643E-05  4.7015E+04  4.7015E+04
5.1668E-05  4.6965E+04  4.6965E+04
5.1692E-05  4.6915E+04  4.6914E+04
5.1717E-05  4.6864E+04  4.6864E+04
5.1742E-05  4.6814E+04  4.6814E+04
5.1766E-05  4.6764E+04  4.6764E+04
5.1791E-05  4.6714E+04  4.6714E+04
5.1815E-05  4.6664E+04  4.6664E+04
5.1840E-05  4.6614E+04  4.6614E+04
5.1865E-05  4.6564E+04  4.6564E+04
5.1889E-05  4.6514E+04  4.6514E+04
5.1914E-05  4.6464E+04  4.6464E+04
5.1939E-05  4.6414E+04  4.6414E+04
5.1963E-05  4.6364E+04  4.6364E+04
5.1988E-05  4.6315E+04  4.6314E+04
5.2013E-05  4.6265E+04  4.6265E+04
5.2038E-05  4.6215E+04  4.6215E+04
5.2062E-05  4.6166E+04  4.6166E+04
5.2087E-05  4.6116E+04  4.6116E+04
5.2112E-05  4.6067E+04  4.6067E+04
5.2137E-05  4.6017E+04  4.6017E+04
5.2161E-05  4.5968E+04  4.5968E+04
5.2186E-05  4.5919E+04  4.5918E+04
5.2211E-05  4.5869E+04  4.5869E+04
5.2236E-05  4.5820E+04  4.5820E+04
5.2261E-05  4.5771E+04  4.5771E+04
5.2285E-05  4.5722E+04  4.5722E+04
5.2310E-05  4.5673E+04  4.5673E+04
5.2335E-05  4.5624E+04  4.5623E+04
5.2360E-05  4.5575E+04  4.5575E+04
5.2385E-05  4.5526E+04  4.5526E+04
5.2410E-05  4.5477E+04  4.5477E+04
5.2435E-05  4.5428E+04  4.5428E+04
5.2460E-05  4.5379E+04  4.5379E+04
5.2485E-05  4.5331E+04  4.5330E+04
5.2510E-05  4.5283E+04  4.5283E+04
5.2535E-05  4.5235E+04  4.5235E+04
5.2560E-05  4.5188E+04  4.5187E+04
5.2585E-05  4.5140E+04  4.5140E+04
5.2610E-05  4.5093E+04  4.5092E+04
5.2635E-05  4.5045E+04  4.5045E+04
5.2660E-05  4.4998E+04  4.4998E+04
5.2685E-05  4.4951E+04  4.4950E+04
5.2710E-05  4.4903E+04  4.4903E+04
5.2735E-05  4.4856E+04  4.4856E+04
5.2760E-05  4.4809E+04  4.4809E+04
5.2785E-05  4.4762E+04  4.4762E+04
5.2810E-05  4.4715E+04  4.4714E+04
5.2835E-05  4.4668E+04  4.4667E+04
5.2860E-05  4.4621E+04  4.4620E+04
5.2885E-05  4.4574E+04  4.4574E+04
5.2910E-05  4.4527E+04  4.4527E+04
5.2936E-05  4.4480E+04  4.4480E+04
5.2961E-05  4.4433E+04  4.4433E+04
5.2986E-05  4.4386E+04  4.4386E+04
5.3011E-05  4.4340E+04  4.4340E+04
5.3036E-05  4.4293E+04  4.4293E+04
5.3062E-05  4.4246E+04  4.4246E+04
5.3087E-05  4.4200E+04  4.4200E+04
5.3112E-05  4.4153E+04  4.4153E+04
5.3137E-05  4.4107E+04  4.4107E+04
5.3163E-05  4.4060E+04  4.4060E+04
5.3188E-05  4.4014E+04  4.4014E+04
5.3213E-05  4.3968E+04  4.3968E+04
5.3238E-05  4.3921E+04  4.3921E+04
5.3264E-05  4.3875E+04  4.3875E+04
5.3289E-05  4.3829E+04  4.3829E+04
5.3314E-05  4.3783E+04  4.3783E+04
5.3340E-05  4.3737E+04  4.3737E+04
5.3365E-05  4.3691E+04  4.3691E+04
5.3390E-05  4.3645E+04  4.3645E+04
5.3416E-05  4.3599E+04  4.3599E+04
5.3441E-05  4.3553E+04  4.3553E+04
5.3467E-05  4.3507E+04  4.3507E+04
5.3492E-05  4.3461E+04  4.3461E+04
5.3517E-05  4.3415E+04  4.3415E+04
5.3543E-05  4.3370E+04  4.3369E+04
5.3568E-05  4.3324E+04  4.3324E+04
5.3594E-05  4.3278E+04  4.3278E+04
5.3619E-05  4.3233E+04  4.3232E+04
5.3645E-05  4.3187E+04  4.3187E+04
5.3670E-05  4.3142E+04  4.3141E+04
5.3696E-05  4.3096E+04  4.3096E+04
5.3721E-05  4.3051E+04  4.3051E+04
5.3747E-05  4.3005E+04  4.3005E+04
5.3772E-05  4.2960E+04  4.2960E+04
5.3798E-05  4.2915E+04  4.2915E+04
5.3824E-05  4.2869E+04  4.2869E+04
5.3849E-05  4.2824E+04  4.2824E+04
5.3875E-05  4.2779E+04  4.2779E+04
5.3900E-05  4.2734E+04  4.2734E+04
5.3926E-05  4.2689E+04  4.2689E+04
5.3952E-05  4.2644E+04  4.2644E+04
5.3977E-05  4.2599E+04  4.2599E+04
5.4003E-05  4.2554E+04  4.2554E+04
5.4029E-05  4.2509E+04  4.2509E+04
5.4054E-05  4.2464E+04  4.2464E+04
5.4080E-05  4.2420E+04  4.2419E+04
5.4106E-05  4.2375E+04  4.2375E+04
5.4131E-05  4.2330E+04  4.2330E+04
5.4157E-05  4.2285E+04  4.2285E+04
5.4183E-05  4.2241E+04  4.2241E+04
5.4209E-05  4.2196E+04  4.2196E+04
5.4234E-05  4.2152E+04  4.2152E+04
5.4260E-05  4.2107E+04  4.2107E+04
5.4286E-05  4.2063E+04  4.2063E+04
5.4312E-05  4.2018E+04  4.2018E+04
5.4338E-05  4.1974E+04  4.1974E+04
5.4363E-05  4.1930E+04  4.1930E+04
5.4389E-05  4.1886E+04  4.1885E+04
5.4415E-05  4.1841E+04  4.1841E+04
5.4441E-05  4.1797E+04  4.1797E+04
5.4467E-05  4.1753E+04  4.1753E+04
5.4493E-05  4.1709E+04  4.1709E+04
5.4519E-05  4.1665E+04  4.1665E+04
5.4545E-05  4.1621E+04  4.1621E+04
5.4571E-05  4.1577E+04  4.1577E+04
5.4596E-05  4.1533E+04  4.1533E+04
5.4622E-05  4.1489E+04  4.1489E+04
5.4648E-05  4.1445E+04  4.1445E+04
5.4674E-05  4.1402E+04  4.1402E+04
5.4700E-05  4.1358E+04  4.1358E+04
5.4726E-05  4.1314E+04  4.1314E+04
5.4752E-05  4.1271E+04  4.1270E+04
5.4778E-05  4.1227E+04  4.1227E+04
5.4804E-05  4.1183E+04  4.1183E+04
5.4831E-05  4.1140E+04  4.1140E+04
5.4857E-05  4.1097E+04  4.1096E+04
5.4883E-05  4.1053E+04  4.1053E+04
5.4909E-05  4.1010E+04  4.1010E+04
5.4935E-05  4.0966E+04  4.0966E+04
5.4961E-05  4.0923E+04  4.0923E+04
5.4987E-05  4.0880E+04  4.0880E+04
5.5013E-05  4.0837E+04  4.0837E+04
5.5039E-05  4.0795E+04  4.0795E+04
5.5066E-05  4.0753E+04  4.0752E+04
5.5092E-05  4.0710E+04  4.0710E+04
5.5118E-05  4.0668E+04  4.0668E+04
5.5144E-05  4.0626E+04  4.0626E+04
5.5170E-05  4.0584E+04  4.0583E+04
5.5197E-05  4.0541E+04  4.0541E+04
5.5223E-05  4.0499E+04  4.0499E+04
5.5249E-05  4.0457E+04  4.0457E+04
5.5275E-05  4.0415E+04  4.0415E+04
5.5302E-05  4.0373E+04  4.0373E+04
5.5328E-05  4.0331E+04  4.0331E+04
5.5354E-05  4.0289E+04  4.0289E+04
5.5381E-05  4.0248E+04  4.0247E+04
5.5407E-05  4.0206E+04  4.0206E+04
5.5433E-05  4.0164E+04  4.0164E+04
5.5460E-05  4.0122E+04  4.0122E+04
5.5486E-05  4.0081E+04  4.0080E+04
5.5512E-05  4.0039E+04  4.0039E+04
5.5539E-05  3.9997E+04  3.9997E+04
5.5565E-05  3.9956E+04  3.9956E+04
5.5591E-05  3.9914E+04  3.9914E+04
5.5618E-05  3.9873E+04  3.9873E+04
5.5644E-05  3.9831E+04  3.9831E+04
5.5671E-05  3.9790E+04  3.9790E+04
5.5697E-05  3.9748E+04  3.9748E+04
5.5724E-05  3.9707E+04  3.9707E+04
5.5750E-05  3.9666E+04  3.9666E+04
5.5777E-05  3.9625E+04  3.9624E+04
5.5803E-05  3.9583E+04  3.9583E+04
5.5830E-05  3.9542E+04  3.9542E+04
5.5856E-05  3.9501E+04  3.9501E+04
5.5883E-05  3.9460E+04  3.9460E+04
5.5909E-05  3.9419E+04  3.9419E+04
5.5936E-05  3.9378E+04  3.9378E+04
5.5963E-05  3.9337E+04  3.9337E+04
5.5989E-05  3.9296E+04  3.9296E+04
5.6016E-05  3.9255E+04  3.9255E+04
5.6042E-05  3.9214E+04  3.9214E+04
5.6069E-05  3.9174E+04  3.9173E+04
5.6096E-05  3.9133E+04  3.9133E+04
5.6122E-05  3.9092E+04  3.9092E+04
5.6149E-05  3.9051E+04  3.9051E+04
5.6176E-05  3.9011E+04  3.9011E+04
5.6203E-05  3.8970E+04  3.8970E+04
5.6229E-05  3.8930E+04  3.8930E+04
5.6256E-05  3.8889E+04  3.8889E+04
5.6283E-05  3.8849E+04  3.8849E+04
5.6309E-05  3.8808E+04  3.8808E+04
5.6336E-05  3.8768E+04  3.8768E+04
5.6363E-05  3.8728E+04  3.8727E+04
5.6390E-05  3.8687E+04  3.8687E+04
5.6417E-05  3.8647E+04  3.8647E+04
5.6443E-05  3.8607E+04  3.8607E+04
5.6470E-05  3.8567E+04  3.8566E+04
5.6497E-05  3.8526E+04  3.8526E+04
5.6524E-05  3.8486E+04  3.8486E+04
5.6551E-05  3.8446E+04  3.8446E+04
5.6578E-05  3.8406E+04  3.8406E+04
5.6605E-05  3.8366E+04  3.8366E+04
5.6632E-05  3.8326E+04  3.8326E+04
5.6658E-05  3.8286E+04  3.8286E+04
5.6685E-05  3.8246E+04  3.8246E+04
5.6712E-05  3.8207E+04  3.8206E+04
5.6739E-05  3.8167E+04  3.8167E+04
5.6766E-05  3.8127E+04  3.8127E+04
5.6793E-05  3.8087E+04  3.8087E+04
5.6820E-05  3.8048E+04  3.8048E+04
5.6847E-05  3.8008E+04  3.8008E+04
5.6874E-05  3.7968E+04  3.7968E+04
5.6901E-05  3.7929E+04  3.7929E+04
5.6928E-05  3.7889E+04  3.7889E+04
5.6955E-05  3.7850E+04  3.7850E+04
5.6983E-05  3.7810E+04  3.7810E+04
5.7010E-05  3.7771E+04  3.7771E+04
5.7037E-05  3.7732E+04  3.7732E+04
5.7064E-05  3.7692E+04  3.7692E+04
5.7091E-05  3.7653E+04  3.7653E+04
5.7118E-05  3.7614E+04  3.7614E+04
5.7145E-05  3.7575E+04  3.7574E+04
5.7172E-05  3.7535E+04  3.7535E+04
5.7200E-05  3.7496E+04  3.7496E+04
5.7227E-05  3.7457E+04  3.7457E+04
5.7254E-05  3.7418E+04  3.7418E+04
5.7281E-05  3.7379E+04  3.7379E+04
5.7308E-05  3.7340E+04  3.7340E+04
5.7336E-05  3.7301E+04  3.7301E+04
5.7363E-05  3.7262E+04  3.7262E+04
5.7390E-05  3.7224E+04  3.7223E+04
5.7418E-05  3.7185E+04  3.7185E+04
5.7445E-05  3.7146E+04  3.7146E+04
5.7472E-05  3.7107E+04  3.7107E+04
5.7499E-05  3.7069E+04  3.7069E+04
5.7527E-05  3.7032E+04  3.7032E+04
5.7554E-05  3.6994E+04  3.6994E+04
5.7581E-05  3.6957E+04  3.6957E+04
5.7609E-05  3.6920E+04  3.6919E+04
5.7636E-05  3.6882E+04  3.6882E+04
5.7664E-05  3.6845E+04  3.6845E+04
5.7691E-05  3.6808E+04  3.6808E+04
5.7718E-05  3.6771E+04  3.6771E+04
5.7746E-05  3.6734E+04  3.6733E+04
5.7773E-05  3.6697E+04  3.6696E+04
5.7801E-05  3.6659E+04  3.6659E+04
5.7828E-05  3.6622E+04  3.6622E+04
5.7856E-05  3.6585E+04  3.6585E+04
5.7883E-05  3.6549E+04  3.6548E+04
5.7911E-05  3.6512E+04  3.6511E+04
5.7938E-05  3.6475E+04  3.6475E+04
5.7966E-05  3.6438E+04  3.6438E+04
5.7993E-05  3.6401E+04  3.6401E+04
5.8021E-05  3.6364E+04  3.6364E+04
5.8049E-05  3.6328E+04  3.6327E+04
5.8076E-05  3.6291E+04  3.6291E+04
5.8104E-05  3.6254E+04  3.6254E+04
5.8131E-05  3.6218E+04  3.6217E+04
5.8159E-05  3.6181E+04  3.6181E+04
5.8187E-05  3.6144E+04  3.6144E+04
5.8214E-05  3.6108E+04  3.6108E+04
5.8242E-05  3.6071E+04  3.6071E+04
5.8270E-05  3.6035E+04  3.6035E+04
5.8297E-05  3.5999E+04  3.5998E+04
5.8325E-05  3.5962E+04  3.5962E+04
5.8353E-05  3.5926E+04  3.5926E+04
5.8381E-05  3.5890E+04  3.5889E+04
5.8408E-05  3.5853E+04  3.5853E+04
5.8436E-05  3.5817E+04  3.5817E+04
5.8464E-05  3.5781E+04  3.5781E+04
5.8492E-05  3.5745E+04  3.5745E+04
5.8520E-05  3.5709E+04  3.5708E+04
5.8547E-05  3.5673E+04  3.5672E+04
5.8575E-05  3.5636E+04  3.5636E+04
5.8603E-05  3.5600E+04  3.5600E+04
5.8631E-05  3.5564E+04  3.5564E+04
5.8659E-05  3.5529E+04  3.5528E+04
5.8687E-05  3.5493E+04  3.5492E+04
5.8715E-05  3.5457E+04  3.5457E+04
5.8742E-05  3.5421E+04  3.5421E+04
5.8770E-05  3.5385E+04  3.5385E+04
5.8798E-05  3.5349E+04  3.5349E+04
5.8826E-05  3.5314E+04  3.5313E+04
5.8854E-05  3.5278E+04  3.5278E+04
5.8882E-05  3.5242E+04  3.5242E+04
5.8910E-05  3.5207E+04  3.5206E+04
5.8938E-05  3.5171E+04  3.5171E+04
5.8966E-05  3.5135E+04  3.5135E+04
5.8994E-05  3.5100E+04  3.5100E+04
5.9022E-05  3.5064E+04  3.5064E+04
5.9050E-05  3.5029E+04  3.5029E+04
5.9078E-05  3.4993E+04  3.4993E+04
5.9107E-05  3.4958E+04  3.4958E+04
5.9135E-05  3.4923E+04  3.4923E+04
5.9163E-05  3.4887E+04  3.4887E+04
5.9191E-05  3.4852E+04  3.4852E+04
5.9219E-05  3.4817E+04  3.4817E+04
5.9247E-05  3.4782E+04  3.4781E+04
5.9275E-05  3.4746E+04  3.4746E+04
5.9304E-05  3.4711E+04  3.4711E+04
5.9332E-05  3.4676E+04  3.4676E+04
5.9360E-05  3.4641E+04  3.4641E+04
5.9388E-05  3.4606E+04  3.4606E+04
5.9416E-05  3.4571E+04  3.4571E+04
5.9445E-05  3.4536E+04  3.4536E+04
5.9473E-05  3.4501E+04  3.4501E+04
5.9501E-05  3.4466E+04  3.4466E+04
5.9529E-05  3.4431E+04  3.4431E+04
5.9558E-05  3.4397E+04  3.4396E+04
5.9586E-05  3.4362E+04  3.4362E+04
5.9614E-05  3.4327E+04  3.4327E+04
5.9643E-05  3.4292E+04  3.4292E+04
5.9671E-05  3.4258E+04  3.4257E+04
5.9699E-05  3.4223E+04  3.4223E+04
5.9728E-05  3.4188E+04  3.4188E+04
5.9756E-05  3.4154E+04  3.4153E+04
5.9785E-05  3.4119E+04  3.4119E+04
5.9813E-05  3.4085E+04  3.4084E+04
5.9841E-05  3.4050E+04  3.4050E+04
5.9870E-05  3.4016E+04  3.4015E+04
5.9898E-05  3.3981E+04  3.3981E+04
5.9927E-05  3.3947E+04  3.3947E+04
5.9955E-05  3.3912E+04  3.3912E+04
5.9984E-05  3.3879E+04  3.3878E+04
6.0012E-05  3.3849E+04  3.3849E+04
6.0041E-05  3.3820E+04  3.3820E+04
6.0069E-05  3.3791E+04  3.3791E+04
6.0098E-05  3.3763E+04  3.3763E+04
6.0127E-05  3.3734E+04  3.3734E+04
6.0155E-05  3.3706E+04  3.3705E+04
6.0184E-05  3.3677E+04  3.3677E+04
6.0212E-05  3.3648E+04  3.3648E+04
6.0241E-05  3.3620E+04  3.3620E+04
6.0270E-05  3.3591E+04  3.3591E+04
6.0298E-05  3.3563E+04  3.3563E+04
6.0327E-05  3.3534E+04  3.3534E+04
6.0356E-05  3.3506E+04  3.3506E+04
6.0384E-05  3.3477E+04  3.3477E+04
6.0413E-05  3.3449E+04  3.3449E+04
6.0442E-05  3.3421E+04  3.3420E+04
6.0470E-05  3.3392E+04  3.3392E+04
6.0499E-05  3.3364E+04  3.3364E+04
6.0528E-05  3.3336E+04  3.3335E+04
6.0557E-05  3.3307E+04  3.3307E+04
6.0586E-05  3.3279E+04  3.3279E+04
6.0614E-05  3.3251E+04  3.3251E+04
6.0643E-05  3.3223E+04  3.3223E+04
6.0672E-05  3.3195E+04  3.3194E+04
6.0701E-05  3.3166E+04  3.3166E+04
6.0730E-05  3.3138E+04  3.3138E+04
6.0759E-05  3.3110E+04  3.3110E+04
6.0787E-05  3.3082E+04  3.3082E+04
6.0816E-05  3.3054E+04  3.3054E+04
6.0845E-05  3.3026E+04  3.3026E+04
6.0874E-05  3.2998E+04  3.2998E+04
6.0903E-05  3.2970E+04  3.2970E+04
6.0932E-05  3.2942E+04  3.2942E+04
6.0961E-05  3.2914E+04  3.2914E+04
6.0990E-05  3.2886E+04  3.2886E+04
6.1019E-05  3.2858E+04  3.2858E+04
6.1048E-05  3.2831E+04  3.2830E+04
6.1077E-05  3.2803E+04  3.2803E+04
6.1106E-05  3.2775E+04  3.2775E+04
6.1135E-05  3.2747E+04  3.2747E+04
6.1164E-05  3.2719E+04  3.2719E+04
6.1193E-05  3.2692E+04  3.2692E+04
6.1222E-05  3.2664E+04  3.2664E+04
6.1251E-05  3.2636E+04  3.2636E+04
6.1281E-05  3.2609E+04  3.2609E+04
6.1310E-05  3.2581E+04  3.2581E+04
6.1339E-05  3.2553E+04  3.2553E+04
6.1368E-05  3.2526E+04  3.2526E+04
6.1397E-05  3.2498E+04  3.2498E+04
6.1426E-05  3.2471E+04  3.2471E+04
6.1456E-05  3.2443E+04  3.2443E+04
6.1485E-05  3.2416E+04  3.2416E+04
6.1514E-05  3.2388E+04  3.2388E+04
6.1543E-05  3.2361E+04  3.2361E+04
6.1573E-05  3.2334E+04  3.2333E+04
6.1602E-05  3.2306E+04  3.2306E+04
6.1631E-05  3.2279E+04  3.2279E+04
6.1660E-05  3.2251E+04  3.2251E+04
6.1690E-05  3.2224E+04  3.2224E+04
6.1719E-05  3.2197E+04  3.2197E+04
6.1748E-05  3.2170E+04  3.2169E+04
6.1778E-05  3.2142E+04  3.2142E+04
6.1807E-05  3.2115E+04  3.2115E+04
6.1836E-05  3.2088E+04  3.2088E+04
6.1866E-05  3.2061E+04  3.2061E+04
6.1895E-05  3.2034E+04  3.2033E+04
6.1925E-05  3.2007E+04  3.2006E+04
6.1954E-05  3.1979E+04  3.1979E+04
6.1984E-05  3.1952E+04  3.1952E+04
6.2013E-05  3.1925E+04  3.1925E+04
6.2043E-05  3.1898E+04  3.1898E+04
6.2072E-05  3.1871E+04  3.1871E+04
6.2102E-05  3.1844E+04  3.1844E+04
6.2131E-05  3.1817E+04  3.1817E+04
6.2161E-05  3.1791E+04  3.1790E+04
6.2190E-05  3.1764E+04  3.1763E+04
6.2220E-05  3.1737E+04  3.1737E+04
6.2249E-05  3.1710E+04  3.1710E+04
6.2279E-05  3.1683E+04  3.1683E+04
6.2309E-05  3.1656E+04  3.1656E+04
6.2338E-05  3.1629E+04  3.1629E+04
6.2368E-05  3.1603E+04  3.1603E+04
6.2397E-05  3.1576E+04  3.1576E+04
6.2427E-05  3.1549E+04  3.1549E+04
6.2457E-05  3.1523E+04  3.1522E+04
6.2486E-05  3.1507E+04  3.1507E+04
6.2516E-05  3.1546E+04  3.1546E+04
6.2546E-05  3.1593E+04  3.1593E+04
6.2576E-05  3.1640E+04  3.1640E+04
6.2605E-05  3.1687E+04  3.1687E+04
6.2635E-05  3.1734E+04  3.1734E+04
6.2665E-05  3.1781E+04  3.1781E+04
6.2695E-05  3.1828E+04  3.1827E+04
6.2724E-05  3.1874E+04  3.1874E+04
6.2754E-05  3.1921E+04  3.1921E+04
6.2784E-05  3.1967E+04  3.1967E+04
6.2814E-05  3.2013E+04  3.2013E+04
6.2844E-05  3.2060E+04  3.2060E+04
6.2874E-05  3.2106E+04  3.2106E+04
6.2904E-05  3.2152E+04  3.2152E+04
6.2934E-05  3.2198E+04  3.2198E+04
6.2963E-05  3.2244E+04  3.2244E+04
6.2993E-05  3.2290E+04  3.2290E+04
6.3023E-05  3.2336E+04  3.2335E+04
6.3053E-05  3.2381E+04  3.2381E+04
6.3083E-05  3.2427E+04  3.2427E+04
6.3113E-05  3.2472E+04  3.2472E+04
6.3143E-05  3.2518E+04  3.2518E+04
6.3173E-05  3.2563E+04  3.2563E+04
6.3203E-05  3.2609E+04  3.2608E+04
6.3233E-05  3.2654E+04  3.2654E+04
6.3263E-05  3.2699E+04  3.2699E+04
6.3293E-05  3.2744E+04  3.2744E+04
6.3324E-05  3.2789E+04  3.2789E+04
6.3354E-05  3.2834E+04  3.2834E+04
6.3384E-05  3.2879E+04  3.2878E+04
6.3414E-05  3.2923E+04  3.2923E+04
6.3444E-05  3.2968E+04  3.2968E+04
6.3474E-05  3.3013E+04  3.3012E+04
6.3504E-05  3.3057E+04  3.3057E+04
6.3535E-05  3.3102E+04  3.3101E+04
6.3565E-05  3.3146E+04  3.3146E+04
6.3595E-05  3.3190E+04  3.3190E+04
6.3625E-05  3.3234E+04  3.3234E+04
6.3655E-05  3.3278E+04  3.3278E+04
6.3686E-05  3.3322E+04  3.3322E+04
6.3716E-05  3.3366E+04  3.3366E+04
6.3746E-05  3.3410E+04  3.3410E+04
6.3777E-05  3.3454E+04  3.3454E+04
6.3807E-05  3.3498E+04  3.3497E+04
6.3837E-05  3.3541E+04  3.3541E+04
6.3868E-05  3.3585E+04  3.3585E+04
6.3898E-05  3.3628E+04  3.3628E+04
6.3928E-05  3.3672E+04  3.3672E+04
6.3959E-05  3.3715E+04  3.3715E+04
6.3989E-05  3.3758E+04  3.3758E+04
6.4020E-05  3.3801E+04  3.3801E+04
6.4050E-05  3.3844E+04  3.3844E+04
6.4080E-05  3.3887E+04  3.3887E+04
6.4111E-05  3.3930E+04  3.3930E+04
6.4141E-05  3.3973E+04  3.3973E+04
6.4172E-05  3.4016E+04  3.4016E+04
6.4202E-05  3.4059E+04  3.4059E+04
6.4233E-05  3.4101E+04  3.4101E+04
6.4263E-05  3.4144E+04  3.4144E+04
6.4294E-05  3.4186E+04  3.4186E+04
6.4325E-05  3.4229E+04  3.4228E+04
6.4355E-05  3.4271E+04  3.4271E+04
6.4386E-05  3.4313E+04  3.4313E+04
6.4416E-05  3.4355E+04  3.4355E+04
6.4447E-05  3.4397E+04  3.4397E+04
6.4478E-05  3.4439E+04  3.4439E+04
6.4508E-05  3.4481E+04  3.4481E+04
6.4539E-05  3.4523E+04  3.4523E+04
6.4570E-05  3.4565E+04  3.4565E+04
6.4600E-05  3.4607E+04  3.4606E+04
6.4631E-05  3.4648E+04  3.4648E+04
6.4662E-05  3.4690E+04  3.4690E+04
6.4692E-05  3.4731E+04  3.4731E+04
6.4723E-05  3.4773E+04  3.4772E+04
6.4754E-05  3.4814E+04  3.4814E+04
6.4785E-05  3.4855E+04  3.4855E+04
6.4816E-05  3.4896E+04  3.4896E+04
6.4846E-05  3.4937E+04  3.4937E+04
6.4877E-05  3.4978E+04  3.4978E+04
6.4908E-05  3.5019E+04  3.5019E+04
6.4939E-05  3.5060E+04  3.5060E+04
6.4970E-05  3.5101E+04  3.5101E+04
6.5001E-05  3.5064E+04  3.5064E+04
6.5032E-05  3.4956E+04  3.4956E+04
6.5063E-05  3.4849E+04  3.4849E+04
6.5093E-05  3.4741E+04  3.4741E+04
6.5124E-05  3.4634E+04  3.4634E+04
6.5155E-05  3.4527E+04  3.4527E+04
6.5186E-05  3.4420E+04  3.4420E+04
6.5217E-05  3.4313E+04  3.4313E+04
6.5248E-05  3.4206E+04  3.4206E+04
6.5279E-05  3.4100E+04  3.4100E+04
6.5310E-05  3.3993E+04  3.3993E+04
6.5341E-05  3.3887E+04  3.3887E+04
6.5372E-05  3.3781E+04  3.3781E+04
6.5404E-05  3.3675E+04  3.3675E+04
6.5435E-05  3.3569E+04  3.3569E+04
6.5466E-05  3.3463E+04  3.3463E+04
6.5497E-05  3.3358E+04  3.3358E+04
6.5528E-05  3.3252E+04  3.3252E+04
6.5559E-05  3.3147E+04  3.3147E+04
6.5590E-05  3.3042E+04  3.3042E+04
6.5622E-05  3.2937E+04  3.2937E+04
6.5653E-05  3.2832E+04  3.2832E+04
6.5684E-05  3.2727E+04  3.2727E+04
6.5715E-05  3.2622E+04  3.2622E+04
6.5746E-05  3.2518E+04  3.2518E+04
6.5778E-05  3.2413E+04  3.2413E+04
6.5809E-05  3.2309E+04  3.2309E+04
6.5840E-05  3.2205E+04  3.2205E+04
6.5872E-05  3.2101E+04  3.2101E+04
6.5903E-05  3.1997E+04  3.1997E+04
6.5934E-05  3.1893E+04  3.1893E+04
6.5965E-05  3.1790E+04  3.1790E+04
6.5997E-05  3.1686E+04  3.1686E+04
6.6028E-05  3.1583E+04  3.1583E+04
6.6060E-05  3.1480E+04  3.1480E+04
6.6091E-05  3.1377E+04  3.1377E+04
6.6122E-05  3.1274E+04  3.1274E+04
6.6154E-05  3.1171E+04  3.1171E+04
6.6185E-05  3.1069E+04  3.1068E+04
6.6217E-05  3.0966E+04  3.0966E+04
6.6248E-05  3.0864E+04  3.0864E+04
6.6280E-05  3.0761E+04  3.0761E+04
6.6311E-05  3.0659E+04  3.0659E+04
6.6343E-05  3.0557E+04  3.0557E+04
6.6374E-05  3.0456E+04  3.0455E+04
6.6406E-05  3.0354E+04  3.0354E+04
6.6437E-05  3.0252E+04  3.0252E+04
6.6469E-05  3.0151E+04  3.0151E+04
6.6501E-05  3.0049E+04  3.0049E+04
6.6532E-05  2.9948E+04  2.9948E+04
6.6564E-05  2.9847E+04  2.9847E+04
6.6596E-05  2.9746E+04  2.9746E+04
6.6627E-05  2.9646E+04  2.9645E+04
6.6659E-05  2.9545E+04  2.9545E+04
6.6691E-05  2.9444E+04  2.9444E+04
6.6722E-05  2.9344E+04  2.9344E+04
6.6754E-05  2.9244E+04  2.9244E+04
6.6786E-05  2.9144E+04  2.9143E+04
6.6817E-05  2.9044E+04  2.9043E+04
6.6849E-05  2.8944E+04  2.8944E+04
6.6881E-05  2.8844E+04  2.8844E+04
6.6913E-05  2.8744E+04  2.8744E+04
6.6945E-05  2.8645E+04  2.8645E+04
6.6976E-05  2.8545E+04  2.8545E+04
6.7008E-05  2.8446E+04  2.8446E+04
6.7040E-05  2.8347E+04  2.8347E+04
6.7072E-05  2.8248E+04  2.8248E+04
6.7104E-05  2.8149E+04  2.8149E+04
6.7136E-05  2.8051E+04  2.8051E+04
6.7168E-05  2.7952E+04  2.7952E+04
6.7200E-05  2.7854E+04  2.7854E+04
6.7232E-05  2.7755E+04  2.7755E+04
6.7264E-05  2.7657E+04  2.7657E+04
6.7296E-05  2.7559E+04  2.7559E+04
6.7328E-05  2.7461E+04  2.7461E+04
6.7360E-05  2.7363E+04  2.7363E+04
6.7392E-05  2.7266E+04  2.7266E+04
6.7424E-05  2.7168E+04  2.7168E+04
6.7456E-05  2.7071E+04  2.7071E+04
6.7488E-05  2.6985E+04  2.6985E+04
6.7520E-05  2.6944E+04  2.6944E+04
6.7552E-05  2.6908E+04  2.6908E+04
6.7584E-05  2.6872E+04  2.6872E+04
6.7616E-05  2.6836E+04  2.6836E+04
6.7648E-05  2.6800E+04  2.6800E+04
6.7680E-05  2.6764E+04  2.6764E+04
6.7713E-05  2.6728E+04  2.6728E+04
6.7745E-05  2.6693E+04  2.6692E+04
6.7777E-05  2.6657E+04  2.6657E+04
6.7809E-05  2.6621E+04  2.6621E+04
6.7841E-05  2.6585E+04  2.6585E+04
6.7874E-05  2.6549E+04  2.6549E+04
6.7906E-05  2.6514E+04  2.6514E+04
6.7938E-05  2.6478E+04  2.6478E+04
6.7971E-05  2.6443E+04  2.6442E+04
6.8003E-05  2.6407E+04  2.6407E+04
6.8035E-05  2.6371E+04  2.6371E+04
6.8068E-05  2.6336E+04  2.6336E+04
6.8100E-05  2.6301E+04  2.6300E+04
6.8132E-05  2.6265E+04  2.6265E+04
6.8165E-05  2.6230E+04  2.6230E+04
6.8197E-05  2.6194E+04  2.6194E+04
6.8229E-05  2.6159E+04  2.6159E+04
6.8262E-05  2.6124E+04  2.6124E+04
6.8294E-05  2.6089E+04  2.6089E+04
6.8327E-05  2.6054E+04  2.6053E+04
6.8359E-05  2.6018E+04  2.6018E+04
6.8392E-05  2.5983E+04  2.5983E+04
6.8424E-05  2.5948E+04  2.5948E+04
6.8457E-05  2.5913E+04  2.5913E+04
6.8489E-05  2.5878E+04  2.5878E+04
6.8522E-05  2.5843E+04  2.5843E+04
6.8555E-05  2.5808E+04  2.5808E+04
6.8587E-05  2.5774E+04  2.5773E+04
6.8620E-05  2.5739E+04  2.5739E+04
6.8652E-05  2.5704E+04  2.5704E+04
6.8685E-05  2.5669E+04  2.5669E+04
6.8718E-05  2.5635E+04  2.5634E+04
6.8750E-05  2.5600E+04  2.5600E+04
6.8783E-05  2.5565E+04  2.5565E+04
6.8816E-05  2.5531E+04  2.5530E+04
6.8848E-05  2.5496E+04  2.5496E+04
6.8881E-05  2.5462E+04  2.5461E+04
6.8914E-05  2.5427E+04  2.5427E+04
6.8947E-05  2.5393E+04  2.5392E+04
6.8979E-05  2.5358E+04  2.5358E+04
6.9012E-05  2.5324E+04  2.5324E+04
6.9045E-05  2.5290E+04  2.5289E+04
6.9078E-05  2.5255E+04  2.5255E+04
6.9111E-05  2.5221E+04  2.5221E+04
6.9144E-05  2.5187E+04  2.5187E+04
6.9176E-05  2.5153E+04  2.5152E+04
6.9209E-05  2.5118E+04  2.5118E+04
6.9242E-05  2.5084E+04  2.5084E+04
6.9275E-05  2.5050E+04  2.5050E+04
6.9308E-05  2.5016E+04  2.5016E+04
6.9341E-05  2.4982E+04  2.4982E+04
6.9374E-05  2.4948E+04  2.4948E+04
6.9407E-05  2.4914E+04  2.4914E+04
6.9440E-05  2.4880E+04  2.4880E+04
6.9473E-05  2.4847E+04  2.4846E+04
6.9506E-05  2.4813E+04  2.4813E+04
6.9539E-05  2.4779E+04  2.4779E+04
6.9572E-05  2.4745E+04  2.4745E+04
6.9605E-05  2.4712E+04  2.4711E+04
6.9638E-05  2.4678E+04  2.4678E+04
6.9671E-05  2.4644E+04  2.4644E+04
6.9704E-05  2.4611E+04  2.4611E+04
6.9738E-05  2.4577E+04  2.4577E+04
6.9771E-05  2.4544E+04  2.4544E+04
6.9804E-05  2.4510E+04  2.4510E+04
6.9837E-05  2.4477E+04  2.4477E+04
6.9870E-05  2.4443E+04  2.4443E+04
6.9904E-05  2.4410E+04  2.4410E+04
6.9937E-05  2.4377E+04  2.4376E+04
6.9970E-05  2.4343E+04  2.4343E+04
7.0003E-05  2.4314E+04  2.4314E+04
7.0037E-05  2.4288E+04  2.4287E+04
7.0070E-05  2.4261E+04  2.4261E+04
7.0103E-05  2.4235E+04  2.4234E+04
7.0136E-05  2.4208E+04  2.4208E+04
7.0170E-05  2.4182E+04  2.4181E+04
7.0203E-05  2.4155E+04  2.4155E+04
7.0237E-05  2.4129E+04  2.4129E+04
7.0270E-05  2.4102E+04  2.4102E+04
7.0303E-05  2.4076E+04  2.4076E+04
7.0337E-05  2.4050E+04  2.4050E+04
7.0370E-05  2.4023E+04  2.4023E+04
7.0404E-05  2.3997E+04  2.3997E+04
7.0437E-05  2.3971E+04  2.3971E+04
7.0471E-05  2.3945E+04  2.3945E+04
7.0504E-05  2.3919E+04  2.3918E+04
7.0538E-05  2.3892E+04  2.3892E+04
7.0571E-05  2.3866E+04  2.3866E+04
7.0605E-05  2.3840E+04  2.3840E+04
7.0638E-05  2.3814E+04  2.3814E+04
7.0672E-05  2.3788E+04  2.3788E+04
7.0705E-05  2.3762E+04  2.3762E+04
7.0739E-05  2.3736E+04  2.3736E+04
7.0773E-05  2.3710E+04  2.3710E+04
7.0806E-05  2.3684E+04  2.3684E+04
7.0840E-05  2.3658E+04  2.3658E+04
7.0874E-05  2.3632E+04  2.3632E+04
7.0907E-05  2.3606E+04  2.3606E+04
7.0941E-05  2.3581E+04  2.3580E+04
7.0975E-05  2.3555E+04  2.3555E+04
7.1009E-05  2.3529E+04  2.3529E+04
7.1042E-05  2.3503E+04  2.3503E+04
7.1076E-05  2.3478E+04  2.3477E+04
7.1110E-05  2.3452E+04  2.3452E+04
7.1144E-05  2.3426E+04  2.3426E+04
7.1178E-05  2.3401E+04  2.3400E+04
7.1211E-05  2.3375E+04  2.3375E+04
7.1245E-05  2.3349E+04  2.3349E+04
7.1279E-05  2.3324E+04  2.3324E+04
7.1313E-05  2.3298E+04  2.3298E+04
7.1347E-05  2.3273E+04  2.3272E+04
7.1381E-05  2.3247E+04  2.3247E+04
7.1415E-05  2.3222E+04  2.3221E+04
7.1449E-05  2.3196E+04  2.3196E+04
7.1483E-05  2.3171E+04  2.3171E+04
7.1517E-05  2.3145E+04  2.3145E+04
7.1551E-05  2.3120E+04  2.3120E+04
7.1585E-05  2.3095E+04  2.3094E+04
7.1619E-05  2.3069E+04  2.3069E+04
7.1653E-05  2.3044E+04  2.3044E+04
7.1687E-05  2.3019E+04  2.3019E+04
7.1721E-05  2.2994E+04  2.2993E+04
7.1755E-05  2.2968E+04  2.2968E+04
7.1789E-05  2.2943E+04  2.2943E+04
7.1823E-05  2.2918E+04  2.2918E+04
7.1857E-05  2.2893E+04  2.2893E+04
7.1891E-05  2.2868E+04  2.2868E+04
7.1926E-05  2.2843E+04  2.2842E+04
7.1960E-05  2.2818E+04  2.2817E+04
7.1994E-05  2.2793E+04  2.2792E+04
7.2028E-05  2.2768E+04  2.2767E+04
7.2063E-05  2.2743E+04  2.2742E+04
7.2097E-05  2.2718E+04  2.2717E+04
7.2131E-05  2.2693E+04  2.2692E+04
7.2165E-05  2.2668E+04  2.2668E+04
7.2200E-05  2.2643E+04  2.2643E+04
7.2234E-05  2.2618E+04  2.2618E+04
7.2268E-05  2.2593E+04  2.2593E+04
7.2303E-05  2.2568E+04  2.2568E+04
7.2337E-05  2.2544E+04  2.2543E+04
7.2371E-05  2.2519E+04  2.2519E+04
7.2406E-05  2.2494E+04  2.2494E+04
7.2440E-05  2.2469E+04  2.2469E+04
7.2475E-05  2.2445E+04  2.2445E+04
7.2509E-05  2.2423E+04  2.2423E+04
7.2544E-05  2.2402E+04  2.2402E+04
7.2578E-05  2.2381E+04  2.2381E+04
7.2613E-05  2.2360E+04  2.2360E+04
7.2647E-05  2.2339E+04  2.2339E+04
7.2682E-05  2.2319E+04  2.2318E+04
7.2716E-05  2.2298E+04  2.2298E+04
7.2751E-05  2.2277E+04  2.2277E+04
7.2785E-05  2.2256E+04  2.2256E+04
7.2820E-05  2.2236E+04  2.2235E+04
7.2855E-05  2.2215E+04  2.2215E+04
7.2889E-05  2.2194E+04  2.2194E+04
7.2924E-05  2.2174E+04  2.2173E+04
7.2959E-05  2.2153E+04  2.2153E+04
7.2993E-05  2.2132E+04  2.2132E+04
7.3028E-05  2.2112E+04  2.2112E+04
7.3063E-05  2.2091E+04  2.2091E+04
7.3097E-05  2.2071E+04  2.2070E+04
7.3132E-05  2.2050E+04  2.2050E+04
7.3167E-05  2.2029E+04  2.2029E+04
7.3202E-05  2.2009E+04  2.2009E+04
7.3237E-05  2.1988E+04  2.1988E+04
7.3271E-05  2.1968E+04  2.1968E+04
7.3306E-05  2.1948E+04  2.1947E+04
7.3341E-05  2.1927E+04  2.1927E+04
7.3376E-05  2.1907E+04  2.1906E+04
7.3411E-05  2.1886E+04  2.1886E+04
7.3446E-05  2.1866E+04  2.1866E+04
7.3481E-05  2.1846E+04  2.1845E+04
7.3515E-05  2.1825E+04  2.1825E+04
7.3550E-05  2.1805E+04  2.1805E+04
7.3585E-05  2.1785E+04  2.1784E+04
7.3620E-05  2.1764E+04  2.1764E+04
7.3655E-05  2.1744E+04  2.1744E+04
7.3690E-05  2.1724E+04  2.1724E+04
7.3725E-05  2.1704E+04  2.1703E+04
7.3760E-05  2.1683E+04  2.1683E+04
7.3796E-05  2.1663E+04  2.1663E+04
7.3831E-05  2.1643E+04  2.1643E+04
7.3866E-05  2.1623E+04  2.1623E+04
7.3901E-05  2.1603E+04  2.1603E+04
7.3936E-05  2.1583E+04  2.1582E+04
7.3971E-05  2.1563E+04  2.1562E+04
7.4006E-05  2.1542E+04  2.1542E+04
7.4041E-05  2.1522E+04  2.1522E+04
7.4077E-05  2.1502E+04  2.1502E+04
7.4112E-05  2.1482E+04  2.1482E+04
7.4147E-05  2.1462E+04  2.1462E+04
7.4182E-05  2.1442E+04  2.1442E+04
7.4218E-05  2.1422E+04  2.1422E+04
7.4253E-05  2.1402E+04  2.1402E+04
7.4288E-05  2.1383E+04  2.1382E+04
7.4324E-05  2.1363E+04  2.1362E+04
7.4359E-05  2.1343E+04  2.1343E+04
7.4394E-05  2.1323E+04  2.1323E+04
7.4430E-05  2.1303E+04  2.1303E+04
7.4465E-05  2.1283E+04  2.1283E+04
7.4500E-05  2.1263E+04  2.1263E+04
7.4536E-05  2.1244E+04  2.1243E+04
7.4571E-05  2.1224E+04  2.1224E+04
7.4607E-05  2.1204E+04  2.1204E+04
7.4642E-05  2.1184E+04  2.1184E+04
7.4678E-05  2.1165E+04  2.1164E+04
7.4713E-05  2.1145E+04  2.1145E+04
7.4749E-05  2.1125E+04  2.1125E+04
7.4784E-05  2.1106E+04  2.1105E+04
7.4820E-05  2.1086E+04  2.1086E+04
7.4855E-05  2.1066E+04  2.1066E+04
7.4891E-05  2.1047E+04  2.1046E+04
7.4926E-05  2.1027E+04  2.1027E+04
7.4962E-05  2.1007E+04  2.1007E+04
7.4998E-05  2.0988E+04  2.0988E+04
7.5033E-05  2.0968E+04  2.0968E+04
7.5069E-05  2.0948E+04  2.0948E+04
7.5105E-05  2.0929E+04  2.0929E+04
7.5140E-05  2.0909E+04  2.0909E+04
7.5176E-05  2.0889E+04  2.0889E+04
7.5212E-05  2.0870E+04  2.0870E+04
7.5248E-05  2.0850E+04  2.0850E+04
7.5283E-05  2.0830E+04  2.0830E+04
7.5319E-05  2.0811E+04  2.0811E+04
7.5355E-05  2.0791E+04  2.0791E+04
7.5391E-05  2.0772E+04  2.0772E+04
7.5427E-05  2.0752E+04  2.0752E+04
7.5463E-05  2.0733E+04  2.0733E+04
7.5498E-05  2.0713E+04  2.0713E+04
7.5534E-05  2.0694E+04  2.0694E+04
7.5570E-05  2.0674E+04  2.0674E+04
7.5606E-05  2.0655E+04  2.0655E+04
7.5642E-05  2.0635E+04  2.0635E+04
7.5678E-05  2.0616E+04  2.0616E+04
7.5714E-05  2.0597E+04  2.0596E+04
7.5750E-05  2.0577E+04  2.0577E+04
7.5786E-05  2.0558E+04  2.0558E+04
7.5822E-05  2.0539E+04  2.0538E+04
7.5858E-05  2.0519E+04  2.0519E+04
7.5894E-05  2.0500E+04  2.0500E+04
7.5930E-05  2.0481E+04  2.0481E+04
7.5966E-05  2.0461E+04  2.0461E+04
7.6002E-05  2.0442E+04  2.0442E+04
7.6039E-05  2.0423E+04  2.0423E+04
7.6075E-05  2.0404E+04  2.0404E+04
7.6111E-05  2.0385E+04  2.0384E+04
7.6147E-05  2.0365E+04  2.0365E+04
7.6183E-05  2.0346E+04  2.0346E+04
7.6220E-05  2.0327E+04  2.0327E+04
7.6256E-05  2.0308E+04  2.0308E+04
7.6292E-05  2.0289E+04  2.0289E+04
7.6328E-05  2.0270E+04  2.0270E+04
7.6365E-05  2.0251E+04  2.0251E+04
7.6401E-05  2.0232E+04  2.0232E+04
7.6437E-05  2.0213E+04  2.0213E+04
7.6474E-05  2.0194E+04  2.0194E+04
7.6510E-05  2.0175E+04  2.0175E+04
7.6546E-05  2.0156E+04  2.0156E+04
7.6583E-05  2.0137E+04  2.0137E+04
7.6619E-05  2.0118E+04  2.0118E+04
7.6655E-05  2.0099E+04  2.0099E+04
7.6692E-05  2.0080E+04  2.0080E+04
7.6728E-05  2.0061E+04  2.0061E+04
7.6765E-05  2.0042E+04  2.0042E+04
7.6801E-05  2.0024E+04  2.0023E+04
7.6838E-05  2.0005E+04  2.0005E+04
7.6874E-05  1.9986E+04  1.9986E+04
7.6911E-05  1.9967E+04  1.9967E+04
7.6947E-05  1.9948E+04  1.9948E+04
7.6984E-05  1.9930E+04  1.9929E+04
7.7021E-05  1.9911E+04  1.9911E+04
7.7057E-05  1.9892E+04  1.9892E+04
7.7094E-05  1.9873E+04  1.9873E+04
7.7131E-05  1.9855E+04  1.9855E+04
7.7167E-05  1.9836E+04  1.9836E+04
7.7204E-05  1.9817E+04  1.9817E+04
7.7241E-05  1.9799E+04  1.9799E+04
7.7277E-05  1.9780E+04  1.9780E+04
7.7314E-05  1.9762E+04  1.9761E+04
7.7351E-05  1.9743E+04  1.9743E+04
7.7388E-05  1.9724E+04  1.9724E+04
7.7424E-05  1.9706E+04  1.9706E+04
7.7461E-05  1.9687E+04  1.9687E+04
7.7498E-05  1.9666E+04  1.9666E+04
7.7535E-05  1.9641E+04  1.9641E+04
7.7572E-05  1.9616E+04  1.9616E+04
7.7609E-05  1.9591E+04  1.9591E+04
7.7646E-05  1.9566E+04  1.9566E+04
7.7682E-05  1.9541E+04  1.9541E+04
7.7719E-05  1.9516E+04  1.9516E+04
7.7756E-05  1.9492E+04  1.9491E+04
7.7793E-05  1.9467E+04  1.9467E+04
7.7830E-05  1.9442E+04  1.9442E+04
7.7867E-05  1.9417E+04  1.9417E+04
7.7904E-05  1.9393E+04  1.9392E+04
7.7941E-05  1.9368E+04  1.9368E+04
7.7978E-05  1.9343E+04  1.9343E+04
7.8015E-05  1.9319E+04  1.9318E+04
7.8053E-05  1.9294E+04  1.9294E+04
7.8090E-05  1.9269E+04  1.9269E+04
7.8127E-05  1.9245E+04  1.9245E+04
7.8164E-05  1.9220E+04  1.9220E+04
7.8201E-05  1.9196E+04  1.9196E+04
7.8238E-05  1.9171E+04  1.9171E+04
7.8275E-05  1.9147E+04  1.9147E+04
7.8313E-05  1.9122E+04  1.9122E+04
7.8350E-05  1.9098E+04  1.9098E+04
7.8387E-05  1.9074E+04  1.9073E+04
7.8424E-05  1.9049E+04  1.9049E+04
7.8462E-05  1.9025E+04  1.9025E+04
7.8499E-05  1.9001E+04  1.9000E+04
7.8536E-05  1.8976E+04  1.8976E+04
7.8574E-05  1.8952E+04  1.8952E+04
7.8611E-05  1.8928E+04  1.8928E+04
7.8648E-05  1.8904E+04  1.8903E+04