Number of T =   1  Number of rho =   1  Number of materials =   9
TOPS results for  phW00T1         on Sep 19, 2026
Opacities in cm**2/gm, T in keV, density in gm/cc
Normalized composition for requested elements
No. Fraction Mass Fraction  At. No.  Chem. Sym.  Mat ID.
9.7044E-01   8.8941E-01      1         H         4525
2.9297E-02   1.0664E-01      2         He        4675
2.4325E-06   2.6953E-05      6         C         4387
1.1017E-04   1.4030E-03      7         N         4005
8.3156E-05   1.2116E-03      8         O         4105
2.5313E-09   4.3732E-08      9         F         4405
2.2228E-05   4.0413E-04     10         Ne        4145
4.1339E-05   9.0165E-04     12         Mg        4682
2.1699E-07   7.8856E-06     20         Ca        2302
Temperature grid used the following   1 points
2.0000E-03
Density grid used the following   1 points
1.9163E-09
Photon grid used the following 999 points
3.0443E-05  3.0457E-05  3.0472E-05  3.0486E-05  3.0501E-05  3.0515E-05
3.0530E-05  3.0544E-05  3.0559E-05  3.0573E-05  3.0588E-05  3.0602E-05
3.0617E-05  3.0631E-05  3.0646E-05  3.0661E-05  3.0675E-05  3.0690E-05
3.0704E-05  3.0719E-05  3.0733E-05  3.0748E-05  3.0763E-05  3.0777E-05
3.0792E-05  3.0807E-05  3.0821E-05  3.0836E-05  3.0851E-05  3.0865E-05
3.0880E-05  3.0895E-05  3.0909E-05  3.0924E-05  3.0939E-05  3.0953E-05
3.0968E-05  3.0983E-05  3.0998E-05  3.1012E-05  3.1027E-05  3.1042E-05
3.1057E-05  3.1071E-05  3.1086E-05  3.1101E-05  3.1116E-05  3.1130E-05
3.1145E-05  3.1160E-05  3.1175E-05  3.1190E-05  3.1204E-05  3.1219E-05
3.1234E-05  3.1249E-05  3.1264E-05  3.1279E-05  3.1294E-05  3.1308E-05
3.1323E-05  3.1338E-05  3.1353E-05  3.1368E-05  3.1383E-05  3.1398E-05
3.1413E-05  3.1428E-05  3.1443E-05  3.1458E-05  3.1473E-05  3.1488E-05
3.1503E-05  3.1517E-05  3.1532E-05  3.1547E-05  3.1562E-05  3.1577E-05
3.1592E-05  3.1607E-05  3.1623E-05  3.1638E-05  3.1653E-05  3.1668E-05
3.1683E-05  3.1698E-05  3.1713E-05  3.1728E-05  3.1743E-05  3.1758E-05
3.1773E-05  3.1788E-05  3.1803E-05  3.1819E-05  3.1834E-05  3.1849E-05
3.1864E-05  3.1879E-05  3.1894E-05  3.1909E-05  3.1925E-05  3.1940E-05
3.1955E-05  3.1970E-05  3.1985E-05  3.2001E-05  3.2016E-05  3.2031E-05
3.2046E-05  3.2061E-05  3.2077E-05  3.2092E-05  3.2107E-05  3.2122E-05
3.2138E-05  3.2153E-05  3.2168E-05  3.2184E-05  3.2199E-05  3.2214E-05
3.2229E-05  3.2245E-05  3.2260E-05  3.2275E-05  3.2291E-05  3.2306E-05
3.2321E-05  3.2337E-05  3.2352E-05  3.2368E-05  3.2383E-05  3.2398E-05
3.2414E-05  3.2429E-05  3.2445E-05  3.2460E-05  3.2475E-05  3.2491E-05
3.2506E-05  3.2522E-05  3.2537E-05  3.2553E-05  3.2568E-05  3.2584E-05
3.2599E-05  3.2615E-05  3.2630E-05  3.2646E-05  3.2661E-05  3.2677E-05
3.2692E-05  3.2708E-05  3.2723E-05  3.2739E-05  3.2755E-05  3.2770E-05
3.2786E-05  3.2801E-05  3.2817E-05  3.2832E-05  3.2848E-05  3.2864E-05
3.2879E-05  3.2895E-05  3.2911E-05  3.2926E-05  3.2942E-05  3.2958E-05
3.2973E-05  3.2989E-05  3.3005E-05  3.3020E-05  3.3036E-05  3.3052E-05
3.3067E-05  3.3083E-05  3.3099E-05  3.3115E-05  3.3130E-05  3.3146E-05
3.3162E-05  3.3178E-05  3.3193E-05  3.3209E-05  3.3225E-05  3.3241E-05
3.3256E-05  3.3272E-05  3.3288E-05  3.3304E-05  3.3320E-05  3.3336E-05
3.3351E-05  3.3367E-05  3.3383E-05  3.3399E-05  3.3415E-05  3.3431E-05
3.3447E-05  3.3463E-05  3.3479E-05  3.3494E-05  3.3510E-05  3.3526E-05
3.3542E-05  3.3558E-05  3.3574E-05  3.3590E-05  3.3606E-05  3.3622E-05
3.3638E-05  3.3654E-05  3.3670E-05  3.3686E-05  3.3702E-05  3.3718E-05
3.3734E-05  3.3750E-05  3.3766E-05  3.3782E-05  3.3798E-05  3.3814E-05
3.3830E-05  3.3846E-05  3.3863E-05  3.3879E-05  3.3895E-05  3.3911E-05
3.3927E-05  3.3943E-05  3.3959E-05  3.3975E-05  3.3992E-05  3.4008E-05
3.4024E-05  3.4040E-05  3.4056E-05  3.4072E-05  3.4089E-05  3.4105E-05
3.4121E-05  3.4137E-05  3.4154E-05  3.4170E-05  3.4186E-05  3.4202E-05
3.4219E-05  3.4235E-05  3.4251E-05  3.4267E-05  3.4284E-05  3.4300E-05
3.4316E-05  3.4333E-05  3.4349E-05  3.4365E-05  3.4382E-05  3.4398E-05
3.4414E-05  3.4431E-05  3.4447E-05  3.4463E-05  3.4480E-05  3.4496E-05
3.4512E-05  3.4529E-05  3.4545E-05  3.4562E-05  3.4578E-05  3.4595E-05
3.4611E-05  3.4628E-05  3.4644E-05  3.4660E-05  3.4677E-05  3.4693E-05
3.4710E-05  3.4726E-05  3.4743E-05  3.4759E-05  3.4776E-05  3.4792E-05
3.4809E-05  3.4826E-05  3.4842E-05  3.4859E-05  3.4875E-05  3.4892E-05
3.4908E-05  3.4925E-05  3.4942E-05  3.4958E-05  3.4975E-05  3.4991E-05
3.5008E-05  3.5025E-05  3.5041E-05  3.5058E-05  3.5075E-05  3.5091E-05
3.5108E-05  3.5125E-05  3.5141E-05  3.5158E-05  3.5175E-05  3.5192E-05
3.5208E-05  3.5225E-05  3.5242E-05  3.5259E-05  3.5275E-05  3.5292E-05
3.5309E-05  3.5326E-05  3.5342E-05  3.5359E-05  3.5376E-05  3.5393E-05
3.5410E-05  3.5427E-05  3.5443E-05  3.5460E-05  3.5477E-05  3.5494E-05
3.5511E-05  3.5528E-05  3.5545E-05  3.5562E-05  3.5578E-05  3.5595E-05
3.5612E-05  3.5629E-05  3.5646E-05  3.5663E-05  3.5680E-05  3.5697E-05
3.5714E-05  3.5731E-05  3.5748E-05  3.5765E-05  3.5782E-05  3.5799E-05
3.5816E-05  3.5833E-05  3.5850E-05  3.5867E-05  3.5884E-05  3.5901E-05
3.5918E-05  3.5935E-05  3.5952E-05  3.5969E-05  3.5987E-05  3.6004E-05
3.6021E-05  3.6038E-05  3.6055E-05  3.6072E-05  3.6089E-05  3.6107E-05
3.6124E-05  3.6141E-05  3.6158E-05  3.6175E-05  3.6192E-05  3.6210E-05
3.6227E-05  3.6244E-05  3.6261E-05  3.6279E-05  3.6296E-05  3.6313E-05
3.6330E-05  3.6348E-05  3.6365E-05  3.6382E-05  3.6399E-05  3.6417E-05
3.6434E-05  3.6451E-05  3.6469E-05  3.6486E-05  3.6503E-05  3.6521E-05
3.6538E-05  3.6555E-05  3.6573E-05  3.6590E-05  3.6608E-05  3.6625E-05
3.6642E-05  3.6660E-05  3.6677E-05  3.6695E-05  3.6712E-05  3.6730E-05
3.6747E-05  3.6765E-05  3.6782E-05  3.6800E-05  3.6817E-05  3.6835E-05
3.6852E-05  3.6870E-05  3.6887E-05  3.6905E-05  3.6922E-05  3.6940E-05
3.6957E-05  3.6975E-05  3.6992E-05  3.7010E-05  3.7028E-05  3.7045E-05
3.7063E-05  3.7080E-05  3.7098E-05  3.7116E-05  3.7133E-05  3.7151E-05
3.7169E-05  3.7186E-05  3.7204E-05  3.7222E-05  3.7239E-05  3.7257E-05
3.7275E-05  3.7293E-05  3.7310E-05  3.7328E-05  3.7346E-05  3.7363E-05
3.7381E-05  3.7399E-05  3.7417E-05  3.7435E-05  3.7452E-05  3.7470E-05
3.7488E-05  3.7506E-05  3.7524E-05  3.7541E-05  3.7559E-05  3.7577E-05
3.7595E-05  3.7613E-05  3.7631E-05  3.7649E-05  3.7667E-05  3.7684E-05
3.7702E-05  3.7720E-05  3.7738E-05  3.7756E-05  3.7774E-05  3.7792E-05
3.7810E-05  3.7828E-05  3.7846E-05  3.7864E-05  3.7882E-05  3.7900E-05
3.7918E-05  3.7936E-05  3.7954E-05  3.7972E-05  3.7990E-05  3.8008E-05
3.8026E-05  3.8044E-05  3.8063E-05  3.8081E-05  3.8099E-05  3.8117E-05
3.8135E-05  3.8153E-05  3.8171E-05  3.8189E-05  3.8208E-05  3.8226E-05
3.8244E-05  3.8262E-05  3.8280E-05  3.8298E-05  3.8317E-05  3.8335E-05
3.8353E-05  3.8371E-05  3.8390E-05  3.8408E-05  3.8426E-05  3.8444E-05
3.8463E-05  3.8481E-05  3.8499E-05  3.8517E-05  3.8536E-05  3.8554E-05
3.8572E-05  3.8591E-05  3.8609E-05  3.8627E-05  3.8646E-05  3.8664E-05
3.8683E-05  3.8701E-05  3.8719E-05  3.8738E-05  3.8756E-05  3.8775E-05
3.8793E-05  3.8811E-05  3.8830E-05  3.8848E-05  3.8867E-05  3.8885E-05
3.8904E-05  3.8922E-05  3.8941E-05  3.8959E-05  3.8978E-05  3.8996E-05
3.9015E-05  3.9033E-05  3.9052E-05  3.9071E-05  3.9089E-05  3.9108E-05
3.9126E-05  3.9145E-05  3.9164E-05  3.9182E-05  3.9201E-05  3.9219E-05
3.9238E-05  3.9257E-05  3.9275E-05  3.9294E-05  3.9313E-05  3.9331E-05
3.9350E-05  3.9369E-05  3.9388E-05  3.9406E-05  3.9425E-05  3.9444E-05
3.9463E-05  3.9481E-05  3.9500E-05  3.9519E-05  3.9538E-05  3.9556E-05
3.9575E-05  3.9594E-05  3.9613E-05  3.9632E-05  3.9651E-05  3.9669E-05
3.9688E-05  3.9707E-05  3.9726E-05  3.9745E-05  3.9764E-05  3.9783E-05
3.9802E-05  3.9820E-05  3.9839E-05  3.9858E-05  3.9877E-05  3.9896E-05
3.9915E-05  3.9934E-05  3.9953E-05  3.9972E-05  3.9991E-05  4.0010E-05
4.0029E-05  4.0048E-05  4.0067E-05  4.0086E-05  4.0105E-05  4.0124E-05
4.0144E-05  4.0163E-05  4.0182E-05  4.0201E-05  4.0220E-05  4.0239E-05
4.0258E-05  4.0277E-05  4.0296E-05  4.0316E-05  4.0335E-05  4.0354E-05
4.0373E-05  4.0392E-05  4.0412E-05  4.0431E-05  4.0450E-05  4.0469E-05
4.0488E-05  4.0508E-05  4.0527E-05  4.0546E-05  4.0565E-05  4.0585E-05
4.0604E-05  4.0623E-05  4.0643E-05  4.0662E-05  4.0681E-05  4.0701E-05
4.0720E-05  4.0739E-05  4.0759E-05  4.0778E-05  4.0798E-05  4.0817E-05
4.0836E-05  4.0856E-05  4.0875E-05  4.0895E-05  4.0914E-05  4.0933E-05
4.0953E-05  4.0972E-05  4.0992E-05  4.1011E-05  4.1031E-05  4.1050E-05
4.1070E-05  4.1089E-05  4.1109E-05  4.1128E-05  4.1148E-05  4.1168E-05
4.1187E-05  4.1207E-05  4.1226E-05  4.1246E-05  4.1266E-05  4.1285E-05
4.1305E-05  4.1324E-05  4.1344E-05  4.1364E-05  4.1383E-05  4.1403E-05
4.1423E-05  4.1442E-05  4.1462E-05  4.1482E-05  4.1502E-05  4.1521E-05
4.1541E-05  4.1561E-05  4.1581E-05  4.1600E-05  4.1620E-05  4.1640E-05
4.1660E-05  4.1679E-05  4.1699E-05  4.1719E-05  4.1739E-05  4.1759E-05
4.1779E-05  4.1799E-05  4.1818E-05  4.1838E-05  4.1858E-05  4.1878E-05
4.1898E-05  4.1918E-05  4.1938E-05  4.1958E-05  4.1978E-05  4.1998E-05
4.2018E-05  4.2038E-05  4.2058E-05  4.2078E-05  4.2098E-05  4.2118E-05
4.2138E-05  4.2158E-05  4.2178E-05  4.2198E-05  4.2218E-05  4.2238E-05
4.2258E-05  4.2278E-05  4.2298E-05  4.2318E-05  4.2338E-05  4.2358E-05
4.2379E-05  4.2399E-05  4.2419E-05  4.2439E-05  4.2459E-05  4.2479E-05
4.2500E-05  4.2520E-05  4.2540E-05  4.2560E-05  4.2581E-05  4.2601E-05
4.2621E-05  4.2641E-05  4.2662E-05  4.2682E-05  4.2702E-05  4.2722E-05
4.2743E-05  4.2763E-05  4.2783E-05  4.2804E-05  4.2824E-05  4.2844E-05
4.2865E-05  4.2885E-05  4.2906E-05  4.2926E-05  4.2946E-05  4.2967E-05
4.2987E-05  4.3008E-05  4.3028E-05  4.3049E-05  4.3069E-05  4.3089E-05
4.3110E-05  4.3130E-05  4.3151E-05  4.3171E-05  4.3192E-05  4.3213E-05
4.3233E-05  4.3254E-05  4.3274E-05  4.3295E-05  4.3315E-05  4.3336E-05
4.3357E-05  4.3377E-05  4.3398E-05  4.3418E-05  4.3439E-05  4.3460E-05
4.3480E-05  4.3501E-05  4.3522E-05  4.3542E-05  4.3563E-05  4.3584E-05
4.3605E-05  4.3625E-05  4.3646E-05  4.3667E-05  4.3687E-05  4.3708E-05
4.3729E-05  4.3750E-05  4.3771E-05  4.3791E-05  4.3812E-05  4.3833E-05
4.3854E-05  4.3875E-05  4.3896E-05  4.3916E-05  4.3937E-05  4.3958E-05
4.3979E-05  4.4000E-05  4.4021E-05  4.4042E-05  4.4063E-05  4.4084E-05
4.4105E-05  4.4126E-05  4.4147E-05  4.4168E-05  4.4189E-05  4.4210E-05
4.4231E-05  4.4252E-05  4.4273E-05  4.4294E-05  4.4315E-05  4.4336E-05
4.4357E-05  4.4378E-05  4.4399E-05  4.4420E-05  4.4441E-05  4.4463E-05
4.4484E-05  4.4505E-05  4.4526E-05  4.4547E-05  4.4568E-05  4.4590E-05
4.4611E-05  4.4632E-05  4.4653E-05  4.4674E-05  4.4696E-05  4.4717E-05
4.4738E-05  4.4759E-05  4.4781E-05  4.4802E-05  4.4823E-05  4.4845E-05
4.4866E-05  4.4887E-05  4.4909E-05  4.4930E-05  4.4951E-05  4.4973E-05
4.4994E-05  4.5015E-05  4.5037E-05  4.5058E-05  4.5080E-05  4.5101E-05
4.5122E-05  4.5144E-05  4.5165E-05  4.5187E-05  4.5208E-05  4.5230E-05
4.5251E-05  4.5273E-05  4.5294E-05  4.5316E-05  4.5337E-05  4.5359E-05
4.5381E-05  4.5402E-05  4.5424E-05  4.5445E-05  4.5467E-05  4.5489E-05
4.5510E-05  4.5532E-05  4.5553E-05  4.5575E-05  4.5597E-05  4.5618E-05
4.5640E-05  4.5662E-05  4.5684E-05  4.5705E-05  4.5727E-05  4.5749E-05
4.5770E-05  4.5792E-05  4.5814E-05  4.5836E-05  4.5858E-05  4.5879E-05
4.5901E-05  4.5923E-05  4.5945E-05  4.5967E-05  4.5989E-05  4.6010E-05
4.6032E-05  4.6054E-05  4.6076E-05  4.6098E-05  4.6120E-05  4.6142E-05
4.6164E-05  4.6186E-05  4.6208E-05  4.6230E-05  4.6252E-05  4.6274E-05
4.6296E-05  4.6318E-05  4.6340E-05  4.6362E-05  4.6384E-05  4.6406E-05
4.6428E-05  4.6450E-05  4.6472E-05  4.6494E-05  4.6516E-05  4.6538E-05
4.6560E-05  4.6582E-05  4.6605E-05  4.6627E-05  4.6649E-05  4.6671E-05
4.6693E-05  4.6716E-05  4.6738E-05  4.6760E-05  4.6782E-05  4.6804E-05
4.6827E-05  4.6849E-05  4.6871E-05  4.6893E-05  4.6916E-05  4.6938E-05
4.6960E-05  4.6983E-05  4.7005E-05  4.7027E-05  4.7050E-05  4.7072E-05
4.7095E-05  4.7117E-05  4.7139E-05  4.7162E-05  4.7184E-05  4.7207E-05
4.7229E-05  4.7251E-05  4.7274E-05  4.7296E-05  4.7319E-05  4.7341E-05
4.7364E-05  4.7386E-05  4.7409E-05  4.7431E-05  4.7454E-05  4.7477E-05
4.7499E-05  4.7522E-05  4.7544E-05  4.7567E-05  4.7590E-05  4.7612E-05
4.7635E-05  4.7657E-05  4.7680E-05  4.7703E-05  4.7725E-05  4.7748E-05
4.7771E-05  4.7794E-05  4.7816E-05  4.7839E-05  4.7862E-05  4.7884E-05
4.7907E-05  4.7930E-05  4.7953E-05  4.7976E-05  4.7998E-05  4.8021E-05
4.8044E-05  4.8067E-05  4.8090E-05  4.8113E-05  4.8135E-05  4.8158E-05
4.8181E-05  4.8204E-05  4.8227E-05  4.8250E-05  4.8273E-05  4.8296E-05
4.8319E-05  4.8342E-05  4.8365E-05  4.8388E-05  4.8411E-05  4.8434E-05
4.8457E-05  4.8480E-05  4.8503E-05  4.8526E-05  4.8549E-05  4.8572E-05
4.8595E-05  4.8618E-05  4.8641E-05  4.8665E-05  4.8688E-05  4.8711E-05
4.8734E-05  4.8757E-05  4.8780E-05  4.8804E-05  4.8827E-05  4.8850E-05
4.8873E-05  4.8896E-05  4.8920E-05
Rosseland and Planck opacities and free electrons
Density     Ross opa    Planck opa  No. Free    Av Sq Free  T=  2.0000E-03
1.9163E-09  3.5530E+00  4.0076E+02  9.9982E-01  1.0002E+00
Multigroup opacities
Energy      Ross mg     Planck mg    for T, density =   2.0000E-03  1.9163E-09
3.0443E-05  1.4951E+05  1.4951E+05
3.0457E-05  1.4936E+05  1.4936E+05
3.0472E-05  1.4921E+05  1.4921E+05
3.0486E-05  1.4907E+05  1.4907E+05
3.0501E-05  1.4892E+05  1.4892E+05
3.0515E-05  1.4878E+05  1.4878E+05
3.0530E-05  1.4863E+05  1.4863E+05
3.0544E-05  1.4849E+05  1.4849E+05
3.0559E-05  1.4834E+05  1.4834E+05
3.0573E-05  1.4820E+05  1.4820E+05
3.0588E-05  1.4805E+05  1.4805E+05
3.0602E-05  1.4791E+05  1.4791E+05
3.0617E-05  1.4776E+05  1.4776E+05
3.0631E-05  1.4762E+05  1.4762E+05
3.0646E-05  1.4748E+05  1.4748E+05
3.0661E-05  1.4733E+05  1.4733E+05
3.0675E-05  1.4719E+05  1.4719E+05
3.0690E-05  1.4704E+05  1.4704E+05
3.0704E-05  1.4690E+05  1.4690E+05
3.0719E-05  1.4676E+05  1.4676E+05
3.0733E-05  1.4661E+05  1.4661E+05
3.0748E-05  1.4647E+05  1.4647E+05
3.0763E-05  1.4633E+05  1.4633E+05
3.0777E-05  1.4618E+05  1.4618E+05
3.0792E-05  1.4604E+05  1.4604E+05
3.0807E-05  1.4590E+05  1.4590E+05
3.0821E-05  1.4576E+05  1.4576E+05
3.0836E-05  1.4561E+05  1.4561E+05
3.0851E-05  1.4547E+05  1.4547E+05
3.0865E-05  1.4533E+05  1.4533E+05
3.0880E-05  1.4519E+05  1.4519E+05
3.0895E-05  1.4505E+05  1.4505E+05
3.0909E-05  1.4490E+05  1.4490E+05
3.0924E-05  1.4476E+05  1.4476E+05
3.0939E-05  1.4462E+05  1.4462E+05
3.0953E-05  1.4448E+05  1.4448E+05
3.0968E-05  1.4434E+05  1.4434E+05
3.0983E-05  1.4420E+05  1.4420E+05
3.0998E-05  1.4406E+05  1.4406E+05
3.1012E-05  1.4392E+05  1.4392E+05
3.1027E-05  1.4378E+05  1.4378E+05
3.1042E-05  1.4364E+05  1.4364E+05
3.1057E-05  1.4350E+05  1.4350E+05
3.1071E-05  1.4336E+05  1.4335E+05
3.1086E-05  1.4322E+05  1.4321E+05
3.1101E-05  1.4308E+05  1.4307E+05
3.1116E-05  1.4294E+05  1.4294E+05
3.1130E-05  1.4280E+05  1.4280E+05
3.1145E-05  1.4266E+05  1.4266E+05
3.1160E-05  1.4252E+05  1.4252E+05
3.1175E-05  1.4238E+05  1.4238E+05
3.1190E-05  1.4224E+05  1.4224E+05
3.1204E-05  1.4210E+05  1.4210E+05
3.1219E-05  1.4196E+05  1.4196E+05
3.1234E-05  1.4182E+05  1.4182E+05
3.1249E-05  1.4168E+05  1.4168E+05
3.1264E-05  1.4154E+05  1.4154E+05
3.1279E-05  1.4141E+05  1.4141E+05
3.1294E-05  1.4127E+05  1.4127E+05
3.1308E-05  1.4113E+05  1.4113E+05
3.1323E-05  1.4099E+05  1.4099E+05
3.1338E-05  1.4085E+05  1.4085E+05
3.1353E-05  1.4072E+05  1.4072E+05
3.1368E-05  1.4058E+05  1.4058E+05
3.1383E-05  1.4044E+05  1.4044E+05
3.1398E-05  1.4030E+05  1.4030E+05
3.1413E-05  1.4017E+05  1.4017E+05
3.1428E-05  1.4003E+05  1.4003E+05
3.1443E-05  1.3989E+05  1.3989E+05
3.1458E-05  1.3976E+05  1.3976E+05
3.1473E-05  1.3962E+05  1.3962E+05
3.1488E-05  1.3948E+05  1.3948E+05
3.1503E-05  1.3935E+05  1.3935E+05
3.1517E-05  1.3921E+05  1.3921E+05
3.1532E-05  1.3908E+05  1.3908E+05
3.1547E-05  1.3894E+05  1.3894E+05
3.1562E-05  1.3880E+05  1.3880E+05
3.1577E-05  1.3867E+05  1.3867E+05
3.1592E-05  1.3853E+05  1.3853E+05
3.1607E-05  1.3840E+05  1.3840E+05
3.1623E-05  1.3826E+05  1.3826E+05
3.1638E-05  1.3813E+05  1.3813E+05
3.1653E-05  1.3799E+05  1.3799E+05
3.1668E-05  1.3786E+05  1.3786E+05
3.1683E-05  1.3772E+05  1.3772E+05
3.1698E-05  1.3759E+05  1.3759E+05
3.1713E-05  1.3745E+05  1.3745E+05
3.1728E-05  1.3732E+05  1.3732E+05
3.1743E-05  1.3718E+05  1.3718E+05
3.1758E-05  1.3705E+05  1.3705E+05
3.1773E-05  1.3692E+05  1.3692E+05
3.1788E-05  1.3678E+05  1.3678E+05
3.1803E-05  1.3665E+05  1.3665E+05
3.1819E-05  1.3652E+05  1.3652E+05
3.1834E-05  1.3638E+05  1.3638E+05
3.1849E-05  1.3625E+05  1.3625E+05
3.1864E-05  1.3612E+05  1.3612E+05
3.1879E-05  1.3598E+05  1.3598E+05
3.1894E-05  1.3585E+05  1.3585E+05
3.1909E-05  1.3572E+05  1.3572E+05
3.1925E-05  1.3558E+05  1.3558E+05
3.1940E-05  1.3545E+05  1.3545E+05
3.1955E-05  1.3532E+05  1.3532E+05
3.1970E-05  1.3519E+05  1.3519E+05
3.1985E-05  1.3505E+05  1.3505E+05
3.2001E-05  1.3492E+05  1.3492E+05
3.2016E-05  1.3479E+05  1.3479E+05
3.2031E-05  1.3466E+05  1.3466E+05
3.2046E-05  1.3453E+05  1.3453E+05
3.2061E-05  1.3440E+05  1.3440E+05
3.2077E-05  1.3426E+05  1.3426E+05
3.2092E-05  1.3413E+05  1.3413E+05
3.2107E-05  1.3400E+05  1.3400E+05
3.2122E-05  1.3387E+05  1.3387E+05
3.2138E-05  1.3374E+05  1.3374E+05
3.2153E-05  1.3361E+05  1.3361E+05
3.2168E-05  1.3348E+05  1.3348E+05
3.2184E-05  1.3335E+05  1.3335E+05
3.2199E-05  1.3322E+05  1.3322E+05
3.2214E-05  1.3309E+05  1.3309E+05
3.2229E-05  1.3296E+05  1.3296E+05
3.2245E-05  1.3283E+05  1.3283E+05
3.2260E-05  1.3270E+05  1.3270E+05
3.2275E-05  1.3257E+05  1.3257E+05
3.2291E-05  1.3244E+05  1.3244E+05
3.2306E-05  1.3231E+05  1.3231E+05
3.2321E-05  1.3218E+05  1.3218E+05
3.2337E-05  1.3205E+05  1.3205E+05
3.2352E-05  1.3192E+05  1.3192E+05
3.2368E-05  1.3179E+05  1.3179E+05
3.2383E-05  1.3166E+05  1.3166E+05
3.2398E-05  1.3153E+05  1.3153E+05
3.2414E-05  1.3140E+05  1.3140E+05
3.2429E-05  1.3128E+05  1.3128E+05
3.2445E-05  1.3115E+05  1.3115E+05
3.2460E-05  1.3102E+05  1.3102E+05
3.2475E-05  1.3089E+05  1.3089E+05
3.2491E-05  1.3076E+05  1.3076E+05
3.2506E-05  1.3062E+05  1.3062E+05
3.2522E-05  1.3048E+05  1.3048E+05
3.2537E-05  1.3034E+05  1.3034E+05
3.2553E-05  1.3020E+05  1.3020E+05
3.2568E-05  1.3006E+05  1.3006E+05
3.2584E-05  1.2991E+05  1.2991E+05
3.2599E-05  1.2977E+05  1.2977E+05
3.2615E-05  1.2963E+05  1.2963E+05
3.2630E-05  1.2949E+05  1.2949E+05
3.2646E-05  1.2935E+05  1.2935E+05
3.2661E-05  1.2921E+05  1.2921E+05
3.2677E-05  1.2907E+05  1.2907E+05
3.2692E-05  1.2893E+05  1.2893E+05
3.2708E-05  1.2879E+05  1.2879E+05
3.2723E-05  1.2865E+05  1.2865E+05
3.2739E-05  1.2851E+05  1.2851E+05
3.2755E-05  1.2837E+05  1.2837E+05
3.2770E-05  1.2823E+05  1.2823E+05
3.2786E-05  1.2809E+05  1.2809E+05
3.2801E-05  1.2795E+05  1.2795E+05
3.2817E-05  1.2781E+05  1.2781E+05
3.2832E-05  1.2767E+05  1.2767E+05
3.2848E-05  1.2754E+05  1.2754E+05
3.2864E-05  1.2740E+05  1.2740E+05
3.2879E-05  1.2726E+05  1.2726E+05
3.2895E-05  1.2712E+05  1.2712E+05
3.2911E-05  1.2698E+05  1.2698E+05
3.2926E-05  1.2684E+05  1.2684E+05
3.2942E-05  1.2671E+05  1.2670E+05
3.2958E-05  1.2657E+05  1.2657E+05
3.2973E-05  1.2643E+05  1.2643E+05
3.2989E-05  1.2629E+05  1.2629E+05
3.3005E-05  1.2615E+05  1.2615E+05
3.3020E-05  1.2602E+05  1.2602E+05
3.3036E-05  1.2588E+05  1.2588E+05
3.3052E-05  1.2574E+05  1.2574E+05
3.3067E-05  1.2561E+05  1.2561E+05
3.3083E-05  1.2547E+05  1.2547E+05
3.3099E-05  1.2533E+05  1.2533E+05
3.3115E-05  1.2520E+05  1.2520E+05
3.3130E-05  1.2506E+05  1.2506E+05
3.3146E-05  1.2492E+05  1.2492E+05
3.3162E-05  1.2479E+05  1.2479E+05
3.3178E-05  1.2465E+05  1.2465E+05
3.3193E-05  1.2452E+05  1.2452E+05
3.3209E-05  1.2438E+05  1.2438E+05
3.3225E-05  1.2424E+05  1.2424E+05
3.3241E-05  1.2411E+05  1.2411E+05
3.3256E-05  1.2397E+05  1.2397E+05
3.3272E-05  1.2384E+05  1.2384E+05
3.3288E-05  1.2370E+05  1.2370E+05
3.3304E-05  1.2357E+05  1.2357E+05
3.3320E-05  1.2343E+05  1.2343E+05
3.3336E-05  1.2330E+05  1.2330E+05
3.3351E-05  1.2317E+05  1.2317E+05
3.3367E-05  1.2303E+05  1.2303E+05
3.3383E-05  1.2290E+05  1.2290E+05
3.3399E-05  1.2276E+05  1.2276E+05
3.3415E-05  1.2263E+05  1.2263E+05
3.3431E-05  1.2250E+05  1.2250E+05
3.3447E-05  1.2236E+05  1.2236E+05
3.3463E-05  1.2223E+05  1.2223E+05
3.3479E-05  1.2210E+05  1.2210E+05
3.3494E-05  1.2196E+05  1.2196E+05
3.3510E-05  1.2183E+05  1.2183E+05
3.3526E-05  1.2170E+05  1.2170E+05
3.3542E-05  1.2156E+05  1.2156E+05
3.3558E-05  1.2143E+05  1.2143E+05
3.3574E-05  1.2130E+05  1.2130E+05
3.3590E-05  1.2117E+05  1.2117E+05
3.3606E-05  1.2103E+05  1.2103E+05
3.3622E-05  1.2090E+05  1.2090E+05
3.3638E-05  1.2077E+05  1.2077E+05
3.3654E-05  1.2064E+05  1.2064E+05
3.3670E-05  1.2051E+05  1.2051E+05
3.3686E-05  1.2037E+05  1.2037E+05
3.3702E-05  1.2024E+05  1.2024E+05
3.3718E-05  1.2011E+05  1.2011E+05
3.3734E-05  1.1998E+05  1.1998E+05
3.3750E-05  1.1985E+05  1.1985E+05
3.3766E-05  1.1972E+05  1.1972E+05
3.3782E-05  1.1959E+05  1.1959E+05
3.3798E-05  1.1946E+05  1.1946E+05
3.3814E-05  1.1933E+05  1.1933E+05
3.3830E-05  1.1920E+05  1.1920E+05
3.3846E-05  1.1907E+05  1.1907E+05
3.3863E-05  1.1894E+05  1.1894E+05
3.3879E-05  1.1881E+05  1.1881E+05
3.3895E-05  1.1868E+05  1.1868E+05
3.3911E-05  1.1855E+05  1.1855E+05
3.3927E-05  1.1842E+05  1.1842E+05
3.3943E-05  1.1829E+05  1.1829E+05
3.3959E-05  1.1816E+05  1.1816E+05
3.3975E-05  1.1803E+05  1.1803E+05
3.3992E-05  1.1790E+05  1.1790E+05
3.4008E-05  1.1777E+05  1.1777E+05
3.4024E-05  1.1764E+05  1.1764E+05
3.4040E-05  1.1751E+05  1.1751E+05
3.4056E-05  1.1738E+05  1.1738E+05
3.4072E-05  1.1726E+05  1.1726E+05
3.4089E-05  1.1713E+05  1.1713E+05
3.4105E-05  1.1700E+05  1.1700E+05
3.4121E-05  1.1687E+05  1.1687E+05
3.4137E-05  1.1674E+05  1.1674E+05
3.4154E-05  1.1662E+05  1.1662E+05
3.4170E-05  1.1649E+05  1.1649E+05
3.4186E-05  1.1636E+05  1.1636E+05
3.4202E-05  1.1623E+05  1.1623E+05
3.4219E-05  1.1611E+05  1.1611E+05
3.4235E-05  1.1598E+05  1.1598E+05
3.4251E-05  1.1585E+05  1.1585E+05
3.4267E-05  1.1572E+05  1.1572E+05
3.4284E-05  1.1560E+05  1.1560E+05
3.4300E-05  1.1547E+05  1.1547E+05
3.4316E-05  1.1535E+05  1.1534E+05
3.4333E-05  1.1522E+05  1.1522E+05
3.4349E-05  1.1509E+05  1.1509E+05
3.4365E-05  1.1497E+05  1.1497E+05
3.4382E-05  1.1484E+05  1.1484E+05
3.4398E-05  1.1471E+05  1.1471E+05
3.4414E-05  1.1459E+05  1.1459E+05
3.4431E-05  1.1446E+05  1.1446E+05
3.4447E-05  1.1434E+05  1.1434E+05
3.4463E-05  1.1421E+05  1.1421E+05
3.4480E-05  1.1409E+05  1.1409E+05
3.4496E-05  1.1396E+05  1.1396E+05
3.4512E-05  1.1384E+05  1.1384E+05
3.4529E-05  1.1371E+05  1.1371E+05
3.4545E-05  1.1359E+05  1.1359E+05
3.4562E-05  1.1346E+05  1.1346E+05
3.4578E-05  1.1334E+05  1.1334E+05
3.4595E-05  1.1321E+05  1.1321E+05
3.4611E-05  1.1309E+05  1.1309E+05
3.4628E-05  1.1297E+05  1.1297E+05
3.4644E-05  1.1284E+05  1.1284E+05
3.4660E-05  1.1272E+05  1.1272E+05
3.4677E-05  1.1259E+05  1.1259E+05
3.4693E-05  1.1247E+05  1.1247E+05
3.4710E-05  1.1235E+05  1.1235E+05
3.4726E-05  1.1222E+05  1.1222E+05
3.4743E-05  1.1210E+05  1.1210E+05
3.4759E-05  1.1198E+05  1.1198E+05
3.4776E-05  1.1186E+05  1.1186E+05
3.4792E-05  1.1173E+05  1.1173E+05
3.4809E-05  1.1161E+05  1.1161E+05
3.4826E-05  1.1149E+05  1.1149E+05
3.4842E-05  1.1136E+05  1.1136E+05
3.4859E-05  1.1124E+05  1.1124E+05
3.4875E-05  1.1112E+05  1.1112E+05
3.4892E-05  1.1100E+05  1.1100E+05
3.4908E-05  1.1088E+05  1.1088E+05
3.4925E-05  1.1075E+05  1.1075E+05
3.4942E-05  1.1063E+05  1.1063E+05
3.4958E-05  1.1051E+05  1.1051E+05
3.4975E-05  1.1039E+05  1.1039E+05
3.4991E-05  1.1027E+05  1.1027E+05
3.5008E-05  1.1015E+05  1.1015E+05
3.5025E-05  1.1004E+05  1.1004E+05
3.5041E-05  1.0992E+05  1.0992E+05
3.5058E-05  1.0981E+05  1.0981E+05
3.5075E-05  1.0969E+05  1.0969E+05
3.5091E-05  1.0958E+05  1.0958E+05
3.5108E-05  1.0946E+05  1.0946E+05
3.5125E-05  1.0935E+05  1.0935E+05
3.5141E-05  1.0923E+05  1.0923E+05
3.5158E-05  1.0912E+05  1.0912E+05
3.5175E-05  1.0900E+05  1.0900E+05
3.5192E-05  1.0889E+05  1.0889E+05
3.5208E-05  1.0877E+05  1.0877E+05
3.5225E-05  1.0866E+05  1.0866E+05
3.5242E-05  1.0854E+05  1.0854E+05
3.5259E-05  1.0843E+05  1.0843E+05
3.5275E-05  1.0832E+05  1.0832E+05
3.5292E-05  1.0820E+05  1.0820E+05
3.5309E-05  1.0809E+05  1.0809E+05
3.5326E-05  1.0798E+05  1.0797E+05
3.5342E-05  1.0786E+05  1.0786E+05
3.5359E-05  1.0775E+05  1.0775E+05
3.5376E-05  1.0764E+05  1.0763E+05
3.5393E-05  1.0752E+05  1.0752E+05
3.5410E-05  1.0741E+05  1.0741E+05
3.5427E-05  1.0730E+05  1.0730E+05
3.5443E-05  1.0718E+05  1.0718E+05
3.5460E-05  1.0707E+05  1.0707E+05
3.5477E-05  1.0696E+05  1.0696E+05
3.5494E-05  1.0685E+05  1.0685E+05
3.5511E-05  1.0673E+05  1.0673E+05
3.5528E-05  1.0662E+05  1.0662E+05
3.5545E-05  1.0651E+05  1.0651E+05
3.5562E-05  1.0640E+05  1.0640E+05
3.5578E-05  1.0628E+05  1.0628E+05
3.5595E-05  1.0617E+05  1.0617E+05
3.5612E-05  1.0606E+05  1.0606E+05
3.5629E-05  1.0595E+05  1.0595E+05
3.5646E-05  1.0584E+05  1.0584E+05
3.5663E-05  1.0573E+05  1.0573E+05
3.5680E-05  1.0562E+05  1.0562E+05
3.5697E-05  1.0550E+05  1.0550E+05
3.5714E-05  1.0539E+05  1.0539E+05
3.5731E-05  1.0528E+05  1.0528E+05
3.5748E-05  1.0517E+05  1.0517E+05
3.5765E-05  1.0506E+05  1.0506E+05
3.5782E-05  1.0495E+05  1.0495E+05
3.5799E-05  1.0484E+05  1.0484E+05
3.5816E-05  1.0473E+05  1.0473E+05
3.5833E-05  1.0462E+05  1.0462E+05
3.5850E-05  1.0451E+05  1.0451E+05
3.5867E-05  1.0440E+05  1.0440E+05
3.5884E-05  1.0429E+05  1.0429E+05
3.5901E-05  1.0418E+05  1.0418E+05
3.5918E-05  1.0407E+05  1.0407E+05
3.5935E-05  1.0396E+05  1.0396E+05
3.5952E-05  1.0385E+05  1.0385E+05
3.5969E-05  1.0374E+05  1.0374E+05
3.5987E-05  1.0363E+05  1.0363E+05
3.6004E-05  1.0352E+05  1.0352E+05
3.6021E-05  1.0341E+05  1.0341E+05
3.6038E-05  1.0331E+05  1.0331E+05
3.6055E-05  1.0320E+05  1.0320E+05
3.6072E-05  1.0309E+05  1.0309E+05
3.6089E-05  1.0298E+05  1.0298E+05
3.6107E-05  1.0287E+05  1.0287E+05
3.6124E-05  1.0276E+05  1.0276E+05
3.6141E-05  1.0265E+05  1.0265E+05
3.6158E-05  1.0255E+05  1.0255E+05
3.6175E-05  1.0244E+05  1.0244E+05
3.6192E-05  1.0233E+05  1.0233E+05
3.6210E-05  1.0222E+05  1.0222E+05
3.6227E-05  1.0211E+05  1.0211E+05
3.6244E-05  1.0201E+05  1.0201E+05
3.6261E-05  1.0190E+05  1.0190E+05
3.6279E-05  1.0179E+05  1.0179E+05
3.6296E-05  1.0168E+05  1.0168E+05
3.6313E-05  1.0158E+05  1.0158E+05
3.6330E-05  1.0147E+05  1.0147E+05
3.6348E-05  1.0136E+05  1.0136E+05
3.6365E-05  1.0126E+05  1.0126E+05
3.6382E-05  1.0115E+05  1.0115E+05
3.6399E-05  1.0104E+05  1.0104E+05
3.6417E-05  1.0094E+05  1.0094E+05
3.6434E-05  1.0083E+05  1.0083E+05
3.6451E-05  1.0072E+05  1.0072E+05
3.6469E-05  1.0062E+05  1.0062E+05
3.6486E-05  1.0051E+05  1.0051E+05
3.6503E-05  1.0041E+05  1.0041E+05
3.6521E-05  1.0030E+05  1.0030E+05
3.6538E-05  1.0019E+05  1.0019E+05
3.6555E-05  1.0009E+05  1.0009E+05
3.6573E-05  9.9983E+04  9.9982E+04
3.6590E-05  9.9877E+04  9.9877E+04
3.6608E-05  9.9772E+04  9.9772E+04
3.6625E-05  9.9666E+04  9.9666E+04
3.6642E-05  9.9561E+04  9.9561E+04
3.6660E-05  9.9456E+04  9.9456E+04
3.6677E-05  9.9351E+04  9.9351E+04
3.6695E-05  9.9246E+04  9.9246E+04
3.6712E-05  9.9142E+04  9.9141E+04
3.6730E-05  9.9037E+04  9.9037E+04
3.6747E-05  9.8932E+04  9.8932E+04
3.6765E-05  9.8828E+04  9.8828E+04
3.6782E-05  9.8724E+04  9.8724E+04
3.6800E-05  9.8619E+04  9.8619E+04
3.6817E-05  9.8515E+04  9.8515E+04
3.6835E-05  9.8411E+04  9.8411E+04
3.6852E-05  9.8307E+04  9.8307E+04
3.6870E-05  9.8204E+04  9.8203E+04
3.6887E-05  9.8100E+04  9.8100E+04
3.6905E-05  9.7996E+04  9.7996E+04
3.6922E-05  9.7893E+04  9.7893E+04
3.6940E-05  9.7789E+04  9.7789E+04
3.6957E-05  9.7686E+04  9.7686E+04
3.6975E-05  9.7583E+04  9.7583E+04
3.6992E-05  9.7480E+04  9.7480E+04
3.7010E-05  9.7377E+04  9.7377E+04
3.7028E-05  9.7274E+04  9.7274E+04
3.7045E-05  9.7171E+04  9.7171E+04
3.7063E-05  9.7068E+04  9.7068E+04
3.7080E-05  9.6966E+04  9.6966E+04
3.7098E-05  9.6863E+04  9.6863E+04
3.7116E-05  9.6761E+04  9.6761E+04
3.7133E-05  9.6659E+04  9.6658E+04
3.7151E-05  9.6556E+04  9.6556E+04
3.7169E-05  9.6454E+04  9.6454E+04
3.7186E-05  9.6352E+04  9.6352E+04
3.7204E-05  9.6251E+04  9.6250E+04
3.7222E-05  9.6149E+04  9.6149E+04
3.7239E-05  9.6047E+04  9.6047E+04
3.7257E-05  9.5946E+04  9.5945E+04
3.7275E-05  9.5844E+04  9.5844E+04
3.7293E-05  9.5743E+04  9.5743E+04
3.7310E-05  9.5641E+04  9.5641E+04
3.7328E-05  9.5540E+04  9.5540E+04
3.7346E-05  9.5439E+04  9.5439E+04
3.7363E-05  9.5338E+04  9.5338E+04
3.7381E-05  9.5237E+04  9.5237E+04
3.7399E-05  9.5137E+04  9.5137E+04
3.7417E-05  9.5036E+04  9.5036E+04
3.7435E-05  9.4935E+04  9.4935E+04
3.7452E-05  9.4835E+04  9.4835E+04
3.7470E-05  9.4735E+04  9.4735E+04
3.7488E-05  9.4635E+04  9.4634E+04
3.7506E-05  9.4536E+04  9.4536E+04
3.7524E-05  9.4439E+04  9.4439E+04
3.7541E-05  9.4342E+04  9.4342E+04
3.7559E-05  9.4245E+04  9.4244E+04
3.7577E-05  9.4147E+04  9.4147E+04
3.7595E-05  9.4050E+04  9.4050E+04
3.7613E-05  9.3954E+04  9.3953E+04
3.7631E-05  9.3857E+04  9.3857E+04
3.7649E-05  9.3760E+04  9.3760E+04
3.7667E-05  9.3663E+04  9.3663E+04
3.7684E-05  9.3567E+04  9.3567E+04
3.7702E-05  9.3470E+04  9.3470E+04
3.7720E-05  9.3374E+04  9.3374E+04
3.7738E-05  9.3278E+04  9.3278E+04
3.7756E-05  9.3182E+04  9.3182E+04
3.7774E-05  9.3086E+04  9.3085E+04
3.7792E-05  9.2990E+04  9.2990E+04
3.7810E-05  9.2894E+04  9.2894E+04
3.7828E-05  9.2798E+04  9.2798E+04
3.7846E-05  9.2702E+04  9.2702E+04
3.7864E-05  9.2607E+04  9.2607E+04
3.7882E-05  9.2511E+04  9.2511E+04
3.7900E-05  9.2416E+04  9.2416E+04
3.7918E-05  9.2321E+04  9.2320E+04
3.7936E-05  9.2225E+04  9.2225E+04
3.7954E-05  9.2130E+04  9.2130E+04
3.7972E-05  9.2035E+04  9.2035E+04
3.7990E-05  9.1940E+04  9.1940E+04
3.8008E-05  9.1846E+04  9.1845E+04
3.8026E-05  9.1751E+04  9.1751E+04
3.8044E-05  9.1656E+04  9.1656E+04
3.8063E-05  9.1562E+04  9.1561E+04
3.8081E-05  9.1467E+04  9.1467E+04
3.8099E-05  9.1373E+04  9.1373E+04
3.8117E-05  9.1279E+04  9.1278E+04
3.8135E-05  9.1184E+04  9.1184E+04
3.8153E-05  9.1090E+04  9.1090E+04
3.8171E-05  9.0996E+04  9.0996E+04
3.8189E-05  9.0902E+04  9.0902E+04
3.8208E-05  9.0809E+04  9.0808E+04
3.8226E-05  9.0715E+04  9.0715E+04
3.8244E-05  9.0621E+04  9.0621E+04
3.8262E-05  9.0528E+04  9.0528E+04
3.8280E-05  9.0434E+04  9.0434E+04
3.8298E-05  9.0341E+04  9.0341E+04
3.8317E-05  9.0248E+04  9.0248E+04
3.8335E-05  9.0155E+04  9.0154E+04
3.8353E-05  9.0062E+04  9.0061E+04
3.8371E-05  8.9969E+04  8.9968E+04
3.8390E-05  8.9876E+04  8.9876E+04
3.8408E-05  8.9783E+04  8.9783E+04
3.8426E-05  8.9690E+04  8.9690E+04
3.8444E-05  8.9598E+04  8.9597E+04
3.8463E-05  8.9505E+04  8.9505E+04
3.8481E-05  8.9413E+04  8.9413E+04
3.8499E-05  8.9320E+04  8.9320E+04
3.8517E-05  8.9228E+04  8.9228E+04
3.8536E-05  8.9136E+04  8.9136E+04
3.8554E-05  8.9044E+04  8.9044E+04
3.8572E-05  8.8952E+04  8.8952E+04
3.8591E-05  8.8860E+04  8.8860E+04
3.8609E-05  8.8768E+04  8.8768E+04
3.8627E-05  8.8677E+04  8.8676E+04
3.8646E-05  8.8585E+04  8.8585E+04
3.8664E-05  8.8493E+04  8.8493E+04
3.8683E-05  8.8402E+04  8.8402E+04
3.8701E-05  8.8311E+04  8.8311E+04
3.8719E-05  8.8219E+04  8.8219E+04
3.8738E-05  8.8128E+04  8.8128E+04
3.8756E-05  8.8037E+04  8.8037E+04
3.8775E-05  8.7946E+04  8.7946E+04
3.8793E-05  8.7855E+04  8.7855E+04
3.8811E-05  8.7765E+04  8.7764E+04
3.8830E-05  8.7674E+04  8.7674E+04
3.8848E-05  8.7583E+04  8.7583E+04
3.8867E-05  8.7493E+04  8.7493E+04
3.8885E-05  8.7402E+04  8.7402E+04
3.8904E-05  8.7312E+04  8.7312E+04
3.8922E-05  8.7222E+04  8.7222E+04
3.8941E-05  8.7132E+04  8.7131E+04
3.8959E-05  8.7042E+04  8.7041E+04
3.8978E-05  8.6952E+04  8.6951E+04
3.8996E-05  8.6862E+04  8.6862E+04
3.9015E-05  8.6772E+04  8.6772E+04
3.9033E-05  8.6682E+04  8.6682E+04
3.9052E-05  8.6593E+04  8.6592E+04
3.9071E-05  8.6503E+04  8.6503E+04
3.9089E-05  8.6414E+04  8.6413E+04
3.9108E-05  8.6324E+04  8.6324E+04
3.9126E-05  8.6235E+04  8.6235E+04
3.9145E-05  8.6146E+04  8.6146E+04
3.9164E-05  8.6057E+04  8.6056E+04
3.9182E-05  8.5968E+04  8.5967E+04
3.9201E-05  8.5879E+04  8.5879E+04
3.9219E-05  8.5790E+04  8.5790E+04
3.9238E-05  8.5701E+04  8.5701E+04
3.9257E-05  8.5612E+04  8.5612E+04
3.9275E-05  8.5524E+04  8.5524E+04
3.9294E-05  8.5435E+04  8.5435E+04
3.9313E-05  8.5347E+04  8.5347E+04
3.9331E-05  8.5259E+04  8.5259E+04
3.9350E-05  8.5170E+04  8.5170E+04
3.9369E-05  8.5082E+04  8.5082E+04
3.9388E-05  8.4994E+04  8.4994E+04
3.9406E-05  8.4906E+04  8.4906E+04
3.9425E-05  8.4818E+04  8.4818E+04
3.9444E-05  8.4731E+04  8.4731E+04
3.9463E-05  8.4643E+04  8.4643E+04
3.9481E-05  8.4555E+04  8.4555E+04
3.9500E-05  8.4468E+04  8.4468E+04
3.9519E-05  8.4380E+04  8.4380E+04
3.9538E-05  8.4293E+04  8.4293E+04
3.9556E-05  8.4206E+04  8.4206E+04
3.9575E-05  8.4119E+04  8.4118E+04
3.9594E-05  8.4032E+04  8.4031E+04
3.9613E-05  8.3945E+04  8.3944E+04
3.9632E-05  8.3858E+04  8.3857E+04
3.9651E-05  8.3771E+04  8.3771E+04
3.9669E-05  8.3684E+04  8.3684E+04
3.9688E-05  8.3597E+04  8.3597E+04
3.9707E-05  8.3511E+04  8.3511E+04
3.9726E-05  8.3424E+04  8.3424E+04
3.9745E-05  8.3338E+04  8.3338E+04
3.9764E-05  8.3252E+04  8.3251E+04
3.9783E-05  8.3165E+04  8.3165E+04
3.9802E-05  8.3079E+04  8.3079E+04
3.9820E-05  8.2993E+04  8.2993E+04
3.9839E-05  8.2907E+04  8.2907E+04
3.9858E-05  8.2821E+04  8.2821E+04
3.9877E-05  8.2735E+04  8.2735E+04
3.9896E-05  8.2650E+04  8.2650E+04
3.9915E-05  8.2564E+04  8.2564E+04
3.9934E-05  8.2479E+04  8.2478E+04
3.9953E-05  8.2393E+04  8.2393E+04
3.9972E-05  8.2308E+04  8.2308E+04
3.9991E-05  8.2223E+04  8.2223E+04
4.0010E-05  8.2143E+04  8.2143E+04
4.0029E-05  8.2064E+04  8.2064E+04
4.0048E-05  8.1984E+04  8.1984E+04
4.0067E-05  8.1905E+04  8.1905E+04
4.0086E-05  8.1826E+04  8.1826E+04
4.0105E-05  8.1747E+04  8.1747E+04
4.0124E-05  8.1668E+04  8.1668E+04
4.0144E-05  8.1589E+04  8.1589E+04
4.0163E-05  8.1510E+04  8.1510E+04
4.0182E-05  8.1431E+04  8.1431E+04
4.0201E-05  8.1352E+04  8.1352E+04
4.0220E-05  8.1274E+04  8.1273E+04
4.0239E-05  8.1195E+04  8.1195E+04
4.0258E-05  8.1116E+04  8.1116E+04
4.0277E-05  8.1038E+04  8.1038E+04
4.0296E-05  8.0960E+04  8.0959E+04
4.0316E-05  8.0881E+04  8.0881E+04
4.0335E-05  8.0803E+04  8.0803E+04
4.0354E-05  8.0725E+04  8.0725E+04
4.0373E-05  8.0647E+04  8.0647E+04
4.0392E-05  8.0569E+04  8.0569E+04
4.0412E-05  8.0491E+04  8.0491E+04
4.0431E-05  8.0413E+04  8.0413E+04
4.0450E-05  8.0335E+04  8.0335E+04
4.0469E-05  8.0258E+04  8.0257E+04
4.0488E-05  8.0180E+04  8.0180E+04
4.0508E-05  8.0102E+04  8.0102E+04
4.0527E-05  8.0025E+04  8.0025E+04
4.0546E-05  7.9948E+04  7.9947E+04
4.0565E-05  7.9870E+04  7.9870E+04
4.0585E-05  7.9793E+04  7.9793E+04
4.0604E-05  7.9716E+04  7.9716E+04
4.0623E-05  7.9639E+04  7.9639E+04
4.0643E-05  7.9562E+04  7.9561E+04
4.0662E-05  7.9485E+04  7.9485E+04
4.0681E-05  7.9408E+04  7.9408E+04
4.0701E-05  7.9331E+04  7.9331E+04
4.0720E-05  7.9254E+04  7.9254E+04
4.0739E-05  7.9178E+04  7.9177E+04
4.0759E-05  7.9101E+04  7.9101E+04
4.0778E-05  7.9025E+04  7.9024E+04
4.0798E-05  7.8948E+04  7.8948E+04
4.0817E-05  7.8872E+04  7.8872E+04
4.0836E-05  7.8795E+04  7.8795E+04
4.0856E-05  7.8719E+04  7.8719E+04
4.0875E-05  7.8643E+04  7.8643E+04
4.0895E-05  7.8567E+04  7.8567E+04
4.0914E-05  7.8491E+04  7.8491E+04
4.0933E-05  7.8415E+04  7.8415E+04
4.0953E-05  7.8339E+04  7.8339E+04
4.0972E-05  7.8263E+04  7.8263E+04
4.0992E-05  7.8188E+04  7.8187E+04
4.1011E-05  7.8112E+04  7.8112E+04
4.1031E-05  7.8036E+04  7.8036E+04
4.1050E-05  7.7961E+04  7.7961E+04
4.1070E-05  7.7886E+04  7.7885E+04
4.1089E-05  7.7810E+04  7.7810E+04
4.1109E-05  7.7735E+04  7.7735E+04
4.1128E-05  7.7660E+04  7.7660E+04
4.1148E-05  7.7585E+04  7.7584E+04
4.1168E-05  7.7509E+04  7.7509E+04
4.1187E-05  7.7434E+04  7.7434E+04
4.1207E-05  7.7360E+04  7.7359E+04
4.1226E-05  7.7285E+04  7.7285E+04
4.1246E-05  7.7210E+04  7.7210E+04
4.1266E-05  7.7135E+04  7.7135E+04
4.1285E-05  7.7061E+04  7.7060E+04
4.1305E-05  7.6986E+04  7.6986E+04
4.1324E-05  7.6912E+04  7.6911E+04
4.1344E-05  7.6837E+04  7.6837E+04
4.1364E-05  7.6763E+04  7.6763E+04
4.1383E-05  7.6689E+04  7.6688E+04
4.1403E-05  7.6614E+04  7.6614E+04
4.1423E-05  7.6540E+04  7.6540E+04
4.1442E-05  7.6466E+04  7.6466E+04
4.1462E-05  7.6392E+04  7.6392E+04
4.1482E-05  7.6318E+04  7.6318E+04
4.1502E-05  7.6244E+04  7.6244E+04
4.1521E-05  7.6171E+04  7.6170E+04
4.1541E-05  7.6097E+04  7.6097E+04
4.1561E-05  7.6023E+04  7.6023E+04
4.1581E-05  7.5950E+04  7.5950E+04
4.1600E-05  7.5876E+04  7.5876E+04
4.1620E-05  7.5803E+04  7.5803E+04
4.1640E-05  7.5729E+04  7.5729E+04
4.1660E-05  7.5656E+04  7.5656E+04
4.1679E-05  7.5583E+04  7.5583E+04
4.1699E-05  7.5510E+04  7.5510E+04
4.1719E-05  7.5437E+04  7.5437E+04
4.1739E-05  7.5364E+04  7.5364E+04
4.1759E-05  7.5291E+04  7.5291E+04
4.1779E-05  7.5218E+04  7.5218E+04
4.1799E-05  7.5145E+04  7.5145E+04
4.1818E-05  7.5072E+04  7.5072E+04
4.1838E-05  7.5000E+04  7.5000E+04
4.1858E-05  7.4927E+04  7.4927E+04
4.1878E-05  7.4855E+04  7.4854E+04
4.1898E-05  7.4782E+04  7.4782E+04
4.1918E-05  7.4710E+04  7.4710E+04
4.1938E-05  7.4638E+04  7.4637E+04
4.1958E-05  7.4565E+04  7.4565E+04
4.1978E-05  7.4493E+04  7.4493E+04
4.1998E-05  7.4421E+04  7.4421E+04
4.2018E-05  7.4349E+04  7.4349E+04
4.2038E-05  7.4277E+04  7.4277E+04
4.2058E-05  7.4205E+04  7.4205E+04
4.2078E-05  7.4133E+04  7.4133E+04
4.2098E-05  7.4062E+04  7.4061E+04
4.2118E-05  7.3990E+04  7.3990E+04
4.2138E-05  7.3918E+04  7.3918E+04
4.2158E-05  7.3847E+04  7.3847E+04
4.2178E-05  7.3775E+04  7.3775E+04
4.2198E-05  7.3704E+04  7.3704E+04
4.2218E-05  7.3632E+04  7.3632E+04
4.2238E-05  7.3561E+04  7.3561E+04
4.2258E-05  7.3490E+04  7.3490E+04
4.2278E-05  7.3419E+04  7.3419E+04
4.2298E-05  7.3348E+04  7.3348E+04
4.2318E-05  7.3277E+04  7.3277E+04
4.2338E-05  7.3206E+04  7.3206E+04
4.2358E-05  7.3135E+04  7.3135E+04
4.2379E-05  7.3064E+04  7.3064E+04
4.2399E-05  7.2993E+04  7.2993E+04
4.2419E-05  7.2923E+04  7.2923E+04
4.2439E-05  7.2852E+04  7.2852E+04
4.2459E-05  7.2782E+04  7.2782E+04
4.2479E-05  7.2711E+04  7.2711E+04
4.2500E-05  7.2650E+04  7.2650E+04
4.2520E-05  7.2599E+04  7.2599E+04
4.2540E-05  7.2548E+04  7.2548E+04
4.2560E-05  7.2498E+04  7.2497E+04
4.2581E-05  7.2447E+04  7.2447E+04
4.2601E-05  7.2396E+04  7.2396E+04
4.2621E-05  7.2345E+04  7.2345E+04
4.2641E-05  7.2295E+04  7.2295E+04
4.2662E-05  7.2244E+04  7.2244E+04
4.2682E-05  7.2194E+04  7.2193E+04
4.2702E-05  7.2143E+04  7.2143E+04
4.2722E-05  7.2093E+04  7.2092E+04
4.2743E-05  7.2042E+04  7.2042E+04
4.2763E-05  7.1992E+04  7.1992E+04
4.2783E-05  7.1941E+04  7.1941E+04
4.2804E-05  7.1891E+04  7.1891E+04
4.2824E-05  7.1841E+04  7.1840E+04
4.2844E-05  7.1790E+04  7.1790E+04
4.2865E-05  7.1740E+04  7.1740E+04
4.2885E-05  7.1690E+04  7.1690E+04
4.2906E-05  7.1640E+04  7.1640E+04
4.2926E-05  7.1590E+04  7.1590E+04
4.2946E-05  7.1540E+04  7.1539E+04
4.2967E-05  7.1490E+04  7.1489E+04
4.2987E-05  7.1440E+04  7.1439E+04
4.3008E-05  7.1390E+04  7.1389E+04
4.3028E-05  7.1340E+04  7.1340E+04
4.3049E-05  7.1290E+04  7.1290E+04
4.3069E-05  7.1240E+04  7.1240E+04
4.3089E-05  7.1190E+04  7.1190E+04
4.3110E-05  7.1140E+04  7.1140E+04
4.3130E-05  7.1091E+04  7.1091E+04
4.3151E-05  7.1041E+04  7.1041E+04
4.3171E-05  7.0991E+04  7.0991E+04
4.3192E-05  7.0942E+04  7.0942E+04
4.3213E-05  7.0892E+04  7.0892E+04
4.3233E-05  7.0843E+04  7.0843E+04
4.3254E-05  7.0793E+04  7.0793E+04
4.3274E-05  7.0744E+04  7.0744E+04
4.3295E-05  7.0694E+04  7.0694E+04
4.3315E-05  7.0645E+04  7.0645E+04
4.3336E-05  7.0596E+04  7.0595E+04
4.3357E-05  7.0546E+04  7.0546E+04
4.3377E-05  7.0497E+04  7.0497E+04
4.3398E-05  7.0448E+04  7.0448E+04
4.3418E-05  7.0399E+04  7.0398E+04
4.3439E-05  7.0349E+04  7.0349E+04
4.3460E-05  7.0300E+04  7.0300E+04
4.3480E-05  7.0251E+04  7.0251E+04
4.3501E-05  7.0202E+04  7.0202E+04
4.3522E-05  7.0153E+04  7.0153E+04
4.3542E-05  7.0104E+04  7.0104E+04
4.3563E-05  7.0055E+04  7.0055E+04
4.3584E-05  7.0007E+04  7.0006E+04
4.3605E-05  6.9958E+04  6.9958E+04
4.3625E-05  6.9909E+04  6.9909E+04
4.3646E-05  6.9860E+04  6.9860E+04
4.3667E-05  6.9811E+04  6.9811E+04
4.3687E-05  6.9763E+04  6.9763E+04
4.3708E-05  6.9714E+04  6.9714E+04
4.3729E-05  6.9665E+04  6.9665E+04
4.3750E-05  6.9617E+04  6.9617E+04
4.3771E-05  6.9568E+04  6.9568E+04
4.3791E-05  6.9520E+04  6.9520E+04
4.3812E-05  6.9471E+04  6.9471E+04
4.3833E-05  6.9423E+04  6.9423E+04
4.3854E-05  6.9374E+04  6.9374E+04
4.3875E-05  6.9326E+04  6.9326E+04
4.3896E-05  6.9278E+04  6.9278E+04
4.3916E-05  6.9230E+04  6.9229E+04
4.3937E-05  6.9181E+04  6.9181E+04
4.3958E-05  6.9133E+04  6.9133E+04
4.3979E-05  6.9085E+04  6.9085E+04
4.4000E-05  6.9037E+04  6.9037E+04
4.4021E-05  6.8989E+04  6.8989E+04
4.4042E-05  6.8941E+04  6.8940E+04
4.4063E-05  6.8893E+04  6.8892E+04
4.4084E-05  6.8845E+04  6.8844E+04
4.4105E-05  6.8797E+04  6.8797E+04
4.4126E-05  6.8749E+04  6.8749E+04
4.4147E-05  6.8701E+04  6.8701E+04
4.4168E-05  6.8653E+04  6.8653E+04
4.4189E-05  6.8605E+04  6.8605E+04
4.4210E-05  6.8558E+04  6.8557E+04
4.4231E-05  6.8510E+04  6.8510E+04
4.4252E-05  6.8462E+04  6.8462E+04
4.4273E-05  6.8414E+04  6.8414E+04
4.4294E-05  6.8367E+04  6.8367E+04
4.4315E-05  6.8319E+04  6.8319E+04
4.4336E-05  6.8272E+04  6.8272E+04
4.4357E-05  6.8224E+04  6.8224E+04
4.4378E-05  6.8177E+04  6.8177E+04
4.4399E-05  6.8129E+04  6.8129E+04
4.4420E-05  6.8082E+04  6.8082E+04
4.4441E-05  6.8035E+04  6.8034E+04
4.4463E-05  6.7987E+04  6.7987E+04
4.4484E-05  6.7940E+04  6.7940E+04
4.4505E-05  6.7893E+04  6.7893E+04
4.4526E-05  6.7846E+04  6.7845E+04
4.4547E-05  6.7798E+04  6.7798E+04
4.4568E-05  6.7751E+04  6.7751E+04
4.4590E-05  6.7704E+04  6.7704E+04
4.4611E-05  6.7657E+04  6.7657E+04
4.4632E-05  6.7610E+04  6.7610E+04
4.4653E-05  6.7563E+04  6.7563E+04
4.4674E-05  6.7516E+04  6.7516E+04
4.4696E-05  6.7469E+04  6.7469E+04
4.4717E-05  6.7422E+04  6.7422E+04
4.4738E-05  6.7375E+04  6.7375E+04
4.4759E-05  6.7329E+04  6.7328E+04
4.4781E-05  6.7282E+04  6.7282E+04
4.4802E-05  6.7235E+04  6.7235E+04
4.4823E-05  6.7188E+04  6.7188E+04
4.4845E-05  6.7142E+04  6.7142E+04
4.4866E-05  6.7095E+04  6.7095E+04
4.4887E-05  6.7049E+04  6.7048E+04
4.4909E-05  6.7002E+04  6.7002E+04
4.4930E-05  6.6955E+04  6.6955E+04
4.4951E-05  6.6909E+04  6.6909E+04
4.4973E-05  6.6863E+04  6.6862E+04
4.4994E-05  6.6804E+04  6.6804E+04
4.5015E-05  6.6715E+04  6.6715E+04
4.5037E-05  6.6624E+04  6.6624E+04
4.5058E-05  6.6533E+04  6.6533E+04
4.5080E-05  6.6442E+04  6.6442E+04
4.5101E-05  6.6351E+04  6.6351E+04
4.5122E-05  6.6261E+04  6.6260E+04
4.5144E-05  6.6170E+04  6.6170E+04
4.5165E-05  6.6079E+04  6.6079E+04
4.5187E-05  6.5989E+04  6.5989E+04
4.5208E-05  6.5899E+04  6.5899E+04
4.5230E-05  6.5809E+04  6.5808E+04
4.5251E-05  6.5719E+04  6.5718E+04
4.5273E-05  6.5629E+04  6.5628E+04
4.5294E-05  6.5539E+04  6.5538E+04
4.5316E-05  6.5449E+04  6.5449E+04
4.5337E-05  6.5359E+04  6.5359E+04
4.5359E-05  6.5270E+04  6.5269E+04
4.5381E-05  6.5180E+04  6.5180E+04
4.5402E-05  6.5091E+04  6.5090E+04
4.5424E-05  6.5001E+04  6.5001E+04
4.5445E-05  6.4912E+04  6.4912E+04
4.5467E-05  6.4823E+04  6.4823E+04
4.5489E-05  6.4734E+04  6.4734E+04
4.5510E-05  6.4645E+04  6.4645E+04
4.5532E-05  6.4556E+04  6.4556E+04
4.5553E-05  6.4468E+04  6.4467E+04
4.5575E-05  6.4379E+04  6.4379E+04
4.5597E-05  6.4290E+04  6.4290E+04
4.5618E-05  6.4202E+04  6.4202E+04
4.5640E-05  6.4114E+04  6.4113E+04
4.5662E-05  6.4025E+04  6.4025E+04
4.5684E-05  6.3937E+04  6.3937E+04
4.5705E-05  6.3849E+04  6.3849E+04
4.5727E-05  6.3761E+04  6.3761E+04
4.5749E-05  6.3673E+04  6.3673E+04
4.5770E-05  6.3586E+04  6.3586E+04
4.5792E-05  6.3498E+04  6.3498E+04
4.5814E-05  6.3410E+04  6.3410E+04
4.5836E-05  6.3323E+04  6.3323E+04
4.5858E-05  6.3236E+04  6.3236E+04
4.5879E-05  6.3148E+04  6.3148E+04
4.5901E-05  6.3061E+04  6.3061E+04
4.5923E-05  6.2974E+04  6.2974E+04
4.5945E-05  6.2887E+04  6.2887E+04
4.5967E-05  6.2800E+04  6.2800E+04
4.5989E-05  6.2714E+04  6.2713E+04
4.6010E-05  6.2627E+04  6.2627E+04
4.6032E-05  6.2540E+04  6.2540E+04
4.6054E-05  6.2454E+04  6.2454E+04
4.6076E-05  6.2367E+04  6.2367E+04
4.6098E-05  6.2281E+04  6.2281E+04
4.6120E-05  6.2195E+04  6.2195E+04
4.6142E-05  6.2109E+04  6.2109E+04
4.6164E-05  6.2023E+04  6.2023E+04
4.6186E-05  6.1937E+04  6.1937E+04
4.6208E-05  6.1851E+04  6.1851E+04
4.6230E-05  6.1765E+04  6.1765E+04
4.6252E-05  6.1680E+04  6.1679E+04
4.6274E-05  6.1594E+04  6.1594E+04
4.6296E-05  6.1509E+04  6.1508E+04
4.6318E-05  6.1423E+04  6.1423E+04
4.6340E-05  6.1338E+04  6.1338E+04
4.6362E-05  6.1253E+04  6.1253E+04
4.6384E-05  6.1168E+04  6.1167E+04
4.6406E-05  6.1083E+04  6.1083E+04
4.6428E-05  6.0998E+04  6.0998E+04
4.6450E-05  6.0913E+04  6.0913E+04
4.6472E-05  6.0828E+04  6.0828E+04
4.6494E-05  6.0744E+04  6.0744E+04
4.6516E-05  6.0659E+04  6.0659E+04
4.6538E-05  6.0575E+04  6.0575E+04
4.6560E-05  6.0490E+04  6.0490E+04
4.6582E-05  6.0406E+04  6.0406E+04
4.6605E-05  6.0322E+04  6.0322E+04
4.6627E-05  6.0238E+04  6.0238E+04
4.6649E-05  6.0154E+04  6.0154E+04
4.6671E-05  6.0070E+04  6.0070E+04
4.6693E-05  5.9986E+04  5.9986E+04
4.6716E-05  5.9903E+04  5.9903E+04
4.6738E-05  5.9819E+04  5.9819E+04
4.6760E-05  5.9736E+04  5.9735E+04
4.6782E-05  5.9652E+04  5.9652E+04
4.6804E-05  5.9569E+04  5.9569E+04
4.6827E-05  5.9486E+04  5.9486E+04
4.6849E-05  5.9403E+04  5.9402E+04
4.6871E-05  5.9320E+04  5.9319E+04
4.6893E-05  5.9237E+04  5.9236E+04
4.6916E-05  5.9154E+04  5.9154E+04
4.6938E-05  5.9071E+04  5.9071E+04
4.6960E-05  5.8988E+04  5.8988E+04
4.6983E-05  5.8906E+04  5.8906E+04
4.7005E-05  5.8823E+04  5.8823E+04
4.7027E-05  5.8741E+04  5.8741E+04
4.7050E-05  5.8659E+04  5.8658E+04
4.7072E-05  5.8576E+04  5.8576E+04
4.7095E-05  5.8494E+04  5.8494E+04
4.7117E-05  5.8412E+04  5.8412E+04
4.7139E-05  5.8330E+04  5.8330E+04
4.7162E-05  5.8248E+04  5.8248E+04
4.7184E-05  5.8167E+04  5.8166E+04
4.7207E-05  5.8085E+04  5.8085E+04
4.7229E-05  5.8003E+04  5.8003E+04
4.7251E-05  5.7922E+04  5.7922E+04
4.7274E-05  5.7840E+04  5.7840E+04
4.7296E-05  5.7759E+04  5.7759E+04
4.7319E-05  5.7678E+04  5.7678E+04
4.7341E-05  5.7597E+04  5.7597E+04
4.7364E-05  5.7516E+04  5.7516E+04
4.7386E-05  5.7435E+04  5.7435E+04
4.7409E-05  5.7354E+04  5.7354E+04
4.7431E-05  5.7273E+04  5.7273E+04
4.7454E-05  5.7193E+04  5.7192E+04
4.7477E-05  5.7112E+04  5.7112E+04
4.7499E-05  5.7039E+04  5.7039E+04
4.7522E-05  5.6976E+04  5.6976E+04
4.7544E-05  5.6913E+04  5.6913E+04
4.7567E-05  5.6850E+04  5.6849E+04
4.7590E-05  5.6786E+04  5.6786E+04
4.7612E-05  5.6723E+04  5.6723E+04
4.7635E-05  5.6660E+04  5.6660E+04
4.7657E-05  5.6597E+04  5.6597E+04
4.7680E-05  5.6535E+04  5.6534E+04
4.7703E-05  5.6472E+04  5.6472E+04
4.7725E-05  5.6409E+04  5.6409E+04
4.7748E-05  5.6346E+04  5.6346E+04
4.7771E-05  5.6284E+04  5.6284E+04
4.7794E-05  5.6221E+04  5.6221E+04
4.7816E-05  5.6159E+04  5.6159E+04
4.7839E-05  5.6096E+04  5.6096E+04
4.7862E-05  5.6034E+04  5.6034E+04
4.7884E-05  5.5972E+04  5.5971E+04
4.7907E-05  5.5909E+04  5.5909E+04
4.7930E-05  5.5847E+04  5.5847E+04
4.7953E-05  5.5785E+04  5.5785E+04
4.7976E-05  5.5723E+04  5.5723E+04
4.7998E-05  5.5661E+04  5.5661E+04
4.8021E-05  5.5599E+04  5.5599E+04
4.8044E-05  5.5537E+04  5.5537E+04
4.8067E-05  5.5476E+04  5.5475E+04
4.8090E-05  5.5414E+04  5.5414E+04
4.8113E-05  5.5352E+04  5.5352E+04
4.8135E-05  5.5291E+04  5.5290E+04
4.8158E-05  5.5229E+04  5.5229E+04
4.8181E-05  5.5168E+04  5.5167E+04
4.8204E-05  5.5106E+04  5.5106E+04
4.8227E-05  5.5045E+04  5.5045E+04
4.8250E-05  5.4984E+04  5.4983E+04
4.8273E-05  5.4922E+04  5.4922E+04
4.8296E-05  5.4861E+04  5.4861E+04
4.8319E-05  5.4800E+04  5.4800E+04
4.8342E-05  5.4739E+04  5.4739E+04
4.8365E-05  5.4678E+04  5.4678E+04
4.8388E-05  5.4617E+04  5.4617E+04
4.8411E-05  5.4556E+04  5.4556E+04
4.8434E-05  5.4495E+04  5.4495E+04
4.8457E-05  5.4435E+04  5.4435E+04
4.8480E-05  5.4374E+04  5.4374E+04
4.8503E-05  5.4314E+04  5.4313E+04
4.8526E-05  5.4253E+04  5.4253E+04
4.8549E-05  5.4192E+04  5.4192E+04
4.8572E-05  5.4132E+04  5.4132E+04
4.8595E-05  5.4072E+04  5.4072E+04
4.8618E-05  5.4011E+04  5.4011E+04
4.8641E-05  5.3951E+04  5.3951E+04
4.8665E-05  5.3891E+04  5.3891E+04
4.8688E-05  5.3831E+04  5.3831E+04
4.8711E-05  5.3771E+04  5.3771E+04
4.8734E-05  5.3711E+04  5.3711E+04
4.8757E-05  5.3651E+04  5.3651E+04
4.8780E-05  5.3591E+04  5.3591E+04
4.8804E-05  5.3531E+04  5.3531E+04
4.8827E-05  5.3472E+04  5.3471E+04
4.8850E-05  5.3412E+04  5.3412E+04
4.8873E-05  5.3352E+04  5.3352E+04
4.8896E-05  5.3293E+04  5.3293E+04
4.8920E-05  5.3233E+04  5.3233E+04