Number of T =   1  Number of rho =   1  Number of materials =   9
TOPS results for  phW03T0         on Sep 19, 2026
Opacities in cm**2/gm, T in keV, density in gm/cc
Normalized composition for requested elements
No. Fraction Mass Fraction  At. No.  Chem. Sym.  Mat ID.
9.7044E-01   8.8941E-01      1         H         4525
2.9297E-02   1.0664E-01      2         He        4675
2.4325E-06   2.6953E-05      6         C         4387
1.1017E-04   1.4030E-03      7         N         4005
8.3156E-05   1.2116E-03      8         O         4105
2.5313E-09   4.3732E-08      9         F         4405
2.2228E-05   4.0413E-04     10         Ne        4145
4.1339E-05   9.0165E-04     12         Mg        4682
2.1699E-07   7.8856E-06     20         Ca        2302
Temperature grid used the following   1 points
1.5000E-03
Density grid used the following   1 points
1.9163E-09
Photon grid used the following 999 points
1.2650E-04  1.2656E-04  1.2662E-04  1.2668E-04  1.2674E-04  1.2680E-04
1.2686E-04  1.2692E-04  1.2699E-04  1.2705E-04  1.2711E-04  1.2717E-04
1.2723E-04  1.2729E-04  1.2735E-04  1.2741E-04  1.2747E-04  1.2753E-04
1.2759E-04  1.2765E-04  1.2771E-04  1.2777E-04  1.2783E-04  1.2789E-04
1.2795E-04  1.2802E-04  1.2808E-04  1.2814E-04  1.2820E-04  1.2826E-04
1.2832E-04  1.2838E-04  1.2844E-04  1.2850E-04  1.2856E-04  1.2863E-04
1.2869E-04  1.2875E-04  1.2881E-04  1.2887E-04  1.2893E-04  1.2899E-04
1.2905E-04  1.2912E-04  1.2918E-04  1.2924E-04  1.2930E-04  1.2936E-04
1.2942E-04  1.2948E-04  1.2955E-04  1.2961E-04  1.2967E-04  1.2973E-04
1.2979E-04  1.2985E-04  1.2992E-04  1.2998E-04  1.3004E-04  1.3010E-04
1.3016E-04  1.3022E-04  1.3029E-04  1.3035E-04  1.3041E-04  1.3047E-04
1.3053E-04  1.3060E-04  1.3066E-04  1.3072E-04  1.3078E-04  1.3085E-04
1.3091E-04  1.3097E-04  1.3103E-04  1.3109E-04  1.3116E-04  1.3122E-04
1.3128E-04  1.3134E-04  1.3141E-04  1.3147E-04  1.3153E-04  1.3159E-04
1.3166E-04  1.3172E-04  1.3178E-04  1.3184E-04  1.3191E-04  1.3197E-04
1.3203E-04  1.3209E-04  1.3216E-04  1.3222E-04  1.3228E-04  1.3235E-04
1.3241E-04  1.3247E-04  1.3253E-04  1.3260E-04  1.3266E-04  1.3272E-04
1.3279E-04  1.3285E-04  1.3291E-04  1.3298E-04  1.3304E-04  1.3310E-04
1.3317E-04  1.3323E-04  1.3329E-04  1.3336E-04  1.3342E-04  1.3348E-04
1.3355E-04  1.3361E-04  1.3367E-04  1.3374E-04  1.3380E-04  1.3386E-04
1.3393E-04  1.3399E-04  1.3406E-04  1.3412E-04  1.3418E-04  1.3425E-04
1.3431E-04  1.3437E-04  1.3444E-04  1.3450E-04  1.3457E-04  1.3463E-04
1.3469E-04  1.3476E-04  1.3482E-04  1.3489E-04  1.3495E-04  1.3501E-04
1.3508E-04  1.3514E-04  1.3521E-04  1.3527E-04  1.3534E-04  1.3540E-04
1.3546E-04  1.3553E-04  1.3559E-04  1.3566E-04  1.3572E-04  1.3579E-04
1.3585E-04  1.3592E-04  1.3598E-04  1.3605E-04  1.3611E-04  1.3617E-04
1.3624E-04  1.3630E-04  1.3637E-04  1.3643E-04  1.3650E-04  1.3656E-04
1.3663E-04  1.3669E-04  1.3676E-04  1.3682E-04  1.3689E-04  1.3695E-04
1.3702E-04  1.3708E-04  1.3715E-04  1.3721E-04  1.3728E-04  1.3734E-04
1.3741E-04  1.3748E-04  1.3754E-04  1.3761E-04  1.3767E-04  1.3774E-04
1.3780E-04  1.3787E-04  1.3793E-04  1.3800E-04  1.3806E-04  1.3813E-04
1.3820E-04  1.3826E-04  1.3833E-04  1.3839E-04  1.3846E-04  1.3852E-04
1.3859E-04  1.3866E-04  1.3872E-04  1.3879E-04  1.3885E-04  1.3892E-04
1.3899E-04  1.3905E-04  1.3912E-04  1.3918E-04  1.3925E-04  1.3932E-04
1.3938E-04  1.3945E-04  1.3952E-04  1.3958E-04  1.3965E-04  1.3971E-04
1.3978E-04  1.3985E-04  1.3991E-04  1.3998E-04  1.4005E-04  1.4011E-04
1.4018E-04  1.4025E-04  1.4031E-04  1.4038E-04  1.4045E-04  1.4051E-04
1.4058E-04  1.4065E-04  1.4071E-04  1.4078E-04  1.4085E-04  1.4092E-04
1.4098E-04  1.4105E-04  1.4112E-04  1.4118E-04  1.4125E-04  1.4132E-04
1.4138E-04  1.4145E-04  1.4152E-04  1.4159E-04  1.4165E-04  1.4172E-04
1.4179E-04  1.4186E-04  1.4192E-04  1.4199E-04  1.4206E-04  1.4213E-04
1.4219E-04  1.4226E-04  1.4233E-04  1.4240E-04  1.4246E-04  1.4253E-04
1.4260E-04  1.4267E-04  1.4274E-04  1.4280E-04  1.4287E-04  1.4294E-04
1.4301E-04  1.4307E-04  1.4314E-04  1.4321E-04  1.4328E-04  1.4335E-04
1.4342E-04  1.4348E-04  1.4355E-04  1.4362E-04  1.4369E-04  1.4376E-04
1.4382E-04  1.4389E-04  1.4396E-04  1.4403E-04  1.4410E-04  1.4417E-04
1.4424E-04  1.4430E-04  1.4437E-04  1.4444E-04  1.4451E-04  1.4458E-04
1.4465E-04  1.4472E-04  1.4478E-04  1.4485E-04  1.4492E-04  1.4499E-04
1.4506E-04  1.4513E-04  1.4520E-04  1.4527E-04  1.4534E-04  1.4541E-04
1.4547E-04  1.4554E-04  1.4561E-04  1.4568E-04  1.4575E-04  1.4582E-04
1.4589E-04  1.4596E-04  1.4603E-04  1.4610E-04  1.4617E-04  1.4624E-04
1.4631E-04  1.4638E-04  1.4645E-04  1.4652E-04  1.4659E-04  1.4665E-04
1.4672E-04  1.4679E-04  1.4686E-04  1.4693E-04  1.4700E-04  1.4707E-04
1.4714E-04  1.4721E-04  1.4728E-04  1.4735E-04  1.4742E-04  1.4749E-04
1.4756E-04  1.4763E-04  1.4770E-04  1.4777E-04  1.4784E-04  1.4791E-04
1.4799E-04  1.4806E-04  1.4813E-04  1.4820E-04  1.4827E-04  1.4834E-04
1.4841E-04  1.4848E-04  1.4855E-04  1.4862E-04  1.4869E-04  1.4876E-04
1.4883E-04  1.4890E-04  1.4897E-04  1.4904E-04  1.4911E-04  1.4919E-04
1.4926E-04  1.4933E-04  1.4940E-04  1.4947E-04  1.4954E-04  1.4961E-04
1.4968E-04  1.4975E-04  1.4983E-04  1.4990E-04  1.4997E-04  1.5004E-04
1.5011E-04  1.5018E-04  1.5025E-04  1.5032E-04  1.5040E-04  1.5047E-04
1.5054E-04  1.5061E-04  1.5068E-04  1.5075E-04  1.5083E-04  1.5090E-04
1.5097E-04  1.5104E-04  1.5111E-04  1.5118E-04  1.5126E-04  1.5133E-04
1.5140E-04  1.5147E-04  1.5154E-04  1.5162E-04  1.5169E-04  1.5176E-04
1.5183E-04  1.5190E-04  1.5198E-04  1.5205E-04  1.5212E-04  1.5219E-04
1.5227E-04  1.5234E-04  1.5241E-04  1.5248E-04  1.5256E-04  1.5263E-04
1.5270E-04  1.5277E-04  1.5285E-04  1.5292E-04  1.5299E-04  1.5306E-04
1.5314E-04  1.5321E-04  1.5328E-04  1.5336E-04  1.5343E-04  1.5350E-04
1.5357E-04  1.5365E-04  1.5372E-04  1.5379E-04  1.5387E-04  1.5394E-04
1.5401E-04  1.5409E-04  1.5416E-04  1.5423E-04  1.5431E-04  1.5438E-04
1.5445E-04  1.5453E-04  1.5460E-04  1.5467E-04  1.5475E-04  1.5482E-04
1.5489E-04  1.5497E-04  1.5504E-04  1.5511E-04  1.5519E-04  1.5526E-04
1.5534E-04  1.5541E-04  1.5548E-04  1.5556E-04  1.5563E-04  1.5571E-04
1.5578E-04  1.5585E-04  1.5593E-04  1.5600E-04  1.5608E-04  1.5615E-04
1.5622E-04  1.5630E-04  1.5637E-04  1.5645E-04  1.5652E-04  1.5660E-04
1.5667E-04  1.5675E-04  1.5682E-04  1.5689E-04  1.5697E-04  1.5704E-04
1.5712E-04  1.5719E-04  1.5727E-04  1.5734E-04  1.5742E-04  1.5749E-04
1.5757E-04  1.5764E-04  1.5772E-04  1.5779E-04  1.5787E-04  1.5794E-04
1.5802E-04  1.5809E-04  1.5817E-04  1.5824E-04  1.5832E-04  1.5839E-04
1.5847E-04  1.5854E-04  1.5862E-04  1.5869E-04  1.5877E-04  1.5885E-04
1.5892E-04  1.5900E-04  1.5907E-04  1.5915E-04  1.5922E-04  1.5930E-04
1.5937E-04  1.5945E-04  1.5953E-04  1.5960E-04  1.5968E-04  1.5975E-04
1.5983E-04  1.5991E-04  1.5998E-04  1.6006E-04  1.6013E-04  1.6021E-04
1.6029E-04  1.6036E-04  1.6044E-04  1.6051E-04  1.6059E-04  1.6067E-04
1.6074E-04  1.6082E-04  1.6090E-04  1.6097E-04  1.6105E-04  1.6113E-04
1.6120E-04  1.6128E-04  1.6136E-04  1.6143E-04  1.6151E-04  1.6159E-04
1.6166E-04  1.6174E-04  1.6182E-04  1.6189E-04  1.6197E-04  1.6205E-04
1.6212E-04  1.6220E-04  1.6228E-04  1.6236E-04  1.6243E-04  1.6251E-04
1.6259E-04  1.6267E-04  1.6274E-04  1.6282E-04  1.6290E-04  1.6297E-04
1.6305E-04  1.6313E-04  1.6321E-04  1.6328E-04  1.6336E-04  1.6344E-04
1.6352E-04  1.6360E-04  1.6367E-04  1.6375E-04  1.6383E-04  1.6391E-04
1.6398E-04  1.6406E-04  1.6414E-04  1.6422E-04  1.6430E-04  1.6437E-04
1.6445E-04  1.6453E-04  1.6461E-04  1.6469E-04  1.6477E-04  1.6484E-04
1.6492E-04  1.6500E-04  1.6508E-04  1.6516E-04  1.6524E-04  1.6532E-04
1.6539E-04  1.6547E-04  1.6555E-04  1.6563E-04  1.6571E-04  1.6579E-04
1.6587E-04  1.6594E-04  1.6602E-04  1.6610E-04  1.6618E-04  1.6626E-04
1.6634E-04  1.6642E-04  1.6650E-04  1.6658E-04  1.6666E-04  1.6674E-04
1.6681E-04  1.6689E-04  1.6697E-04  1.6705E-04  1.6713E-04  1.6721E-04
1.6729E-04  1.6737E-04  1.6745E-04  1.6753E-04  1.6761E-04  1.6769E-04
1.6777E-04  1.6785E-04  1.6793E-04  1.6801E-04  1.6809E-04  1.6817E-04
1.6825E-04  1.6833E-04  1.6841E-04  1.6849E-04  1.6857E-04  1.6865E-04
1.6873E-04  1.6881E-04  1.6889E-04  1.6897E-04  1.6905E-04  1.6913E-04
1.6921E-04  1.6929E-04  1.6937E-04  1.6945E-04  1.6953E-04  1.6961E-04
1.6969E-04  1.6977E-04  1.6985E-04  1.6994E-04  1.7002E-04  1.7010E-04
1.7018E-04  1.7026E-04  1.7034E-04  1.7042E-04  1.7050E-04  1.7058E-04
1.7066E-04  1.7075E-04  1.7083E-04  1.7091E-04  1.7099E-04  1.7107E-04
1.7115E-04  1.7123E-04  1.7131E-04  1.7140E-04  1.7148E-04  1.7156E-04
1.7164E-04  1.7172E-04  1.7180E-04  1.7189E-04  1.7197E-04  1.7205E-04
1.7213E-04  1.7221E-04  1.7229E-04  1.7238E-04  1.7246E-04  1.7254E-04
1.7262E-04  1.7270E-04  1.7279E-04  1.7287E-04  1.7295E-04  1.7303E-04
1.7311E-04  1.7320E-04  1.7328E-04  1.7336E-04  1.7344E-04  1.7353E-04
1.7361E-04  1.7369E-04  1.7377E-04  1.7386E-04  1.7394E-04  1.7402E-04
1.7411E-04  1.7419E-04  1.7427E-04  1.7435E-04  1.7444E-04  1.7452E-04
1.7460E-04  1.7469E-04  1.7477E-04  1.7485E-04  1.7493E-04  1.7502E-04
1.7510E-04  1.7518E-04  1.7527E-04  1.7535E-04  1.7543E-04  1.7552E-04
1.7560E-04  1.7568E-04  1.7577E-04  1.7585E-04  1.7594E-04  1.7602E-04
1.7610E-04  1.7619E-04  1.7627E-04  1.7635E-04  1.7644E-04  1.7652E-04
1.7661E-04  1.7669E-04  1.7677E-04  1.7686E-04  1.7694E-04  1.7703E-04
1.7711E-04  1.7719E-04  1.7728E-04  1.7736E-04  1.7745E-04  1.7753E-04
1.7762E-04  1.7770E-04  1.7778E-04  1.7787E-04  1.7795E-04  1.7804E-04
1.7812E-04  1.7821E-04  1.7829E-04  1.7838E-04  1.7846E-04  1.7855E-04
1.7863E-04  1.7872E-04  1.7880E-04  1.7889E-04  1.7897E-04  1.7906E-04
1.7914E-04  1.7923E-04  1.7931E-04  1.7940E-04  1.7948E-04  1.7957E-04
1.7965E-04  1.7974E-04  1.7982E-04  1.7991E-04  1.7999E-04  1.8008E-04
1.8017E-04  1.8025E-04  1.8034E-04  1.8042E-04  1.8051E-04  1.8059E-04
1.8068E-04  1.8077E-04  1.8085E-04  1.8094E-04  1.8102E-04  1.8111E-04
1.8120E-04  1.8128E-04  1.8137E-04  1.8146E-04  1.8154E-04  1.8163E-04
1.8171E-04  1.8180E-04  1.8189E-04  1.8197E-04  1.8206E-04  1.8215E-04
1.8223E-04  1.8232E-04  1.8241E-04  1.8249E-04  1.8258E-04  1.8267E-04
1.8275E-04  1.8284E-04  1.8293E-04  1.8301E-04  1.8310E-04  1.8319E-04
1.8328E-04  1.8336E-04  1.8345E-04  1.8354E-04  1.8362E-04  1.8371E-04
1.8380E-04  1.8389E-04  1.8397E-04  1.8406E-04  1.8415E-04  1.8424E-04
1.8432E-04  1.8441E-04  1.8450E-04  1.8459E-04  1.8467E-04  1.8476E-04
1.8485E-04  1.8494E-04  1.8503E-04  1.8511E-04  1.8520E-04  1.8529E-04
1.8538E-04  1.8547E-04  1.8555E-04  1.8564E-04  1.8573E-04  1.8582E-04
1.8591E-04  1.8600E-04  1.8608E-04  1.8617E-04  1.8626E-04  1.8635E-04
1.8644E-04  1.8653E-04  1.8662E-04  1.8670E-04  1.8679E-04  1.8688E-04
1.8697E-04  1.8706E-04  1.8715E-04  1.8724E-04  1.8733E-04  1.8742E-04
1.8750E-04  1.8759E-04  1.8768E-04  1.8777E-04  1.8786E-04  1.8795E-04
1.8804E-04  1.8813E-04  1.8822E-04  1.8831E-04  1.8840E-04  1.8849E-04
1.8858E-04  1.8867E-04  1.8876E-04  1.8885E-04  1.8894E-04  1.8903E-04
1.8912E-04  1.8921E-04  1.8930E-04  1.8939E-04  1.8948E-04  1.8957E-04
1.8966E-04  1.8975E-04  1.8984E-04  1.8993E-04  1.9002E-04  1.9011E-04
1.9020E-04  1.9029E-04  1.9038E-04  1.9047E-04  1.9056E-04  1.9065E-04
1.9074E-04  1.9083E-04  1.9092E-04  1.9101E-04  1.9110E-04  1.9119E-04
1.9129E-04  1.9138E-04  1.9147E-04  1.9156E-04  1.9165E-04  1.9174E-04
1.9183E-04  1.9192E-04  1.9201E-04  1.9211E-04  1.9220E-04  1.9229E-04
1.9238E-04  1.9247E-04  1.9256E-04  1.9265E-04  1.9275E-04  1.9284E-04
1.9293E-04  1.9302E-04  1.9311E-04  1.9320E-04  1.9330E-04  1.9339E-04
1.9348E-04  1.9357E-04  1.9366E-04  1.9376E-04  1.9385E-04  1.9394E-04
1.9403E-04  1.9412E-04  1.9422E-04  1.9431E-04  1.9440E-04  1.9449E-04
1.9459E-04  1.9468E-04  1.9477E-04  1.9486E-04  1.9496E-04  1.9505E-04
1.9514E-04  1.9523E-04  1.9533E-04  1.9542E-04  1.9551E-04  1.9561E-04
1.9570E-04  1.9579E-04  1.9589E-04  1.9598E-04  1.9607E-04  1.9616E-04
1.9626E-04  1.9635E-04  1.9644E-04  1.9654E-04  1.9663E-04  1.9672E-04
1.9682E-04  1.9691E-04  1.9701E-04  1.9710E-04  1.9719E-04  1.9729E-04
1.9738E-04  1.9747E-04  1.9757E-04  1.9766E-04  1.9776E-04  1.9785E-04
1.9794E-04  1.9804E-04  1.9813E-04  1.9823E-04  1.9832E-04  1.9842E-04
1.9851E-04  1.9860E-04  1.9870E-04  1.9879E-04  1.9889E-04  1.9898E-04
1.9908E-04  1.9917E-04  1.9927E-04  1.9936E-04  1.9946E-04  1.9955E-04
1.9964E-04  1.9974E-04  1.9983E-04  1.9993E-04  2.0002E-04  2.0012E-04
2.0022E-04  2.0031E-04  2.0041E-04  2.0050E-04  2.0060E-04  2.0069E-04
2.0079E-04  2.0088E-04  2.0098E-04  2.0107E-04  2.0117E-04  2.0126E-04
2.0136E-04  2.0146E-04  2.0155E-04  2.0165E-04  2.0174E-04  2.0184E-04
2.0194E-04  2.0203E-04  2.0213E-04  2.0222E-04  2.0232E-04  2.0242E-04
2.0251E-04  2.0261E-04  2.0270E-04  2.0280E-04  2.0290E-04  2.0299E-04
2.0309E-04  2.0319E-04  2.0328E-04
Rosseland and Planck opacities and free electrons
Density     Ross opa    Planck opa  No. Free    Av Sq Free  T=  1.5000E-03
1.9163E-09  9.1378E+00  1.1273E+03  9.8847E-01  9.8856E-01
Multigroup opacities
Energy      Ross mg     Planck mg    for T, density =   1.5000E-03  1.9163E-09
1.2650E-04  9.1587E+03  9.1585E+03
1.2656E-04  9.1488E+03  9.1486E+03
1.2662E-04  9.1389E+03  9.1387E+03
1.2668E-04  9.1290E+03  9.1288E+03
1.2674E-04  9.1191E+03  9.1189E+03
1.2680E-04  9.1092E+03  9.1090E+03
1.2686E-04  9.0994E+03  9.0992E+03
1.2692E-04  9.0895E+03  9.0893E+03
1.2699E-04  9.0797E+03  9.0795E+03
1.2705E-04  9.0698E+03  9.0696E+03
1.2711E-04  9.0600E+03  9.0598E+03
1.2717E-04  9.0502E+03  9.0500E+03
1.2723E-04  9.0404E+03  9.0402E+03
1.2729E-04  9.0306E+03  9.0304E+03
1.2735E-04  9.0208E+03  9.0206E+03
1.2741E-04  9.0111E+03  9.0109E+03
1.2747E-04  9.0013E+03  9.0011E+03
1.2753E-04  8.9918E+03  8.9916E+03
1.2759E-04  8.9822E+03  8.9820E+03
1.2765E-04  8.9727E+03  8.9725E+03
1.2771E-04  8.9632E+03  8.9630E+03
1.2777E-04  8.9537E+03  8.9535E+03
1.2783E-04  8.9442E+03  8.9440E+03
1.2789E-04  8.9347E+03  8.9345E+03
1.2795E-04  8.9253E+03  8.9251E+03
1.2802E-04  8.9158E+03  8.9156E+03
1.2808E-04  8.9063E+03  8.9062E+03
1.2814E-04  8.8969E+03  8.8967E+03
1.2820E-04  8.8875E+03  8.8873E+03
1.2826E-04  8.8780E+03  8.8779E+03
1.2832E-04  8.8686E+03  8.8684E+03
1.2838E-04  8.8592E+03  8.8590E+03
1.2844E-04  8.8498E+03  8.8496E+03
1.2850E-04  8.8404E+03  8.8403E+03
1.2856E-04  8.8311E+03  8.8309E+03
1.2863E-04  8.8217E+03  8.8215E+03
1.2869E-04  8.8123E+03  8.8122E+03
1.2875E-04  8.8030E+03  8.8028E+03
1.2881E-04  8.7937E+03  8.7935E+03
1.2887E-04  8.7843E+03  8.7841E+03
1.2893E-04  8.7750E+03  8.7748E+03
1.2899E-04  8.7657E+03  8.7655E+03
1.2905E-04  8.7564E+03  8.7562E+03
1.2912E-04  8.7471E+03  8.7469E+03
1.2918E-04  8.7378E+03  8.7376E+03
1.2924E-04  8.7285E+03  8.7284E+03
1.2930E-04  8.7193E+03  8.7191E+03
1.2936E-04  8.7101E+03  8.7099E+03
1.2942E-04  8.7010E+03  8.7008E+03
1.2948E-04  8.6919E+03  8.6917E+03
1.2955E-04  8.6828E+03  8.6826E+03
1.2961E-04  8.6737E+03  8.6736E+03
1.2967E-04  8.6647E+03  8.6645E+03
1.2973E-04  8.6556E+03  8.6555E+03
1.2979E-04  8.6466E+03  8.6464E+03
1.2985E-04  8.6376E+03  8.6374E+03
1.2992E-04  8.6286E+03  8.6284E+03
1.2998E-04  8.6195E+03  8.6194E+03
1.3004E-04  8.6105E+03  8.6103E+03
1.3010E-04  8.6015E+03  8.6014E+03
1.3016E-04  8.5926E+03  8.5924E+03
1.3022E-04  8.5836E+03  8.5834E+03
1.3029E-04  8.5746E+03  8.5744E+03
1.3035E-04  8.5657E+03  8.5655E+03
1.3041E-04  8.5567E+03  8.5565E+03
1.3047E-04  8.5478E+03  8.5476E+03
1.3053E-04  8.5388E+03  8.5386E+03
1.3060E-04  8.5299E+03  8.5297E+03
1.3066E-04  8.5210E+03  8.5208E+03
1.3072E-04  8.5121E+03  8.5119E+03
1.3078E-04  8.5032E+03  8.5030E+03
1.3085E-04  8.4943E+03  8.4941E+03
1.3091E-04  8.4854E+03  8.4852E+03
1.3097E-04  8.4766E+03  8.4764E+03
1.3103E-04  8.4677E+03  8.4675E+03
1.3109E-04  8.4589E+03  8.4587E+03
1.3116E-04  8.4500E+03  8.4498E+03
1.3122E-04  8.4412E+03  8.4410E+03
1.3128E-04  8.4326E+03  8.4324E+03
1.3134E-04  8.4240E+03  8.4238E+03
1.3141E-04  8.4154E+03  8.4152E+03
1.3147E-04  8.4068E+03  8.4067E+03
1.3153E-04  8.3983E+03  8.3981E+03
1.3159E-04  8.3897E+03  8.3895E+03
1.3166E-04  8.3812E+03  8.3810E+03
1.3172E-04  8.3727E+03  8.3725E+03
1.3178E-04  8.3641E+03  8.3639E+03
1.3184E-04  8.3556E+03  8.3554E+03
1.3191E-04  8.3471E+03  8.3469E+03
1.3197E-04  8.3386E+03  8.3384E+03
1.3203E-04  8.3301E+03  8.3299E+03
1.3209E-04  8.3216E+03  8.3214E+03
1.3216E-04  8.3131E+03  8.3130E+03
1.3222E-04  8.3047E+03  8.3045E+03
1.3228E-04  8.2962E+03  8.2960E+03
1.3235E-04  8.2878E+03  8.2876E+03
1.3241E-04  8.2793E+03  8.2791E+03
1.3247E-04  8.2709E+03  8.2707E+03
1.3253E-04  8.2625E+03  8.2623E+03
1.3260E-04  8.2540E+03  8.2538E+03
1.3266E-04  8.2456E+03  8.2454E+03
1.3272E-04  8.2372E+03  8.2370E+03
1.3279E-04  8.2288E+03  8.2286E+03
1.3285E-04  8.2204E+03  8.2203E+03
1.3291E-04  8.2121E+03  8.2119E+03
1.3298E-04  8.2037E+03  8.2035E+03
1.3304E-04  8.1953E+03  8.1952E+03
1.3310E-04  8.1871E+03  8.1869E+03
1.3317E-04  8.1791E+03  8.1789E+03
1.3323E-04  8.1712E+03  8.1710E+03
1.3329E-04  8.1633E+03  8.1631E+03
1.3336E-04  8.1554E+03  8.1552E+03
1.3342E-04  8.1475E+03  8.1473E+03
1.3348E-04  8.1396E+03  8.1394E+03
1.3355E-04  8.1317E+03  8.1315E+03
1.3361E-04  8.1238E+03  8.1236E+03
1.3367E-04  8.1160E+03  8.1158E+03
1.3374E-04  8.1081E+03  8.1079E+03
1.3380E-04  8.1003E+03  8.1001E+03
1.3386E-04  8.0924E+03  8.0922E+03
1.3393E-04  8.0846E+03  8.0844E+03
1.3399E-04  8.0767E+03  8.0766E+03
1.3406E-04  8.0689E+03  8.0687E+03
1.3412E-04  8.0611E+03  8.0609E+03
1.3418E-04  8.0533E+03  8.0531E+03
1.3425E-04  8.0455E+03  8.0453E+03
1.3431E-04  8.0377E+03  8.0375E+03
1.3437E-04  8.0299E+03  8.0297E+03
1.3444E-04  8.0221E+03  8.0220E+03
1.3450E-04  8.0144E+03  8.0142E+03
1.3457E-04  8.0066E+03  8.0064E+03
1.3463E-04  7.9989E+03  7.9987E+03
1.3469E-04  7.9911E+03  7.9909E+03
1.3476E-04  7.9834E+03  7.9832E+03
1.3482E-04  7.9756E+03  7.9755E+03
1.3489E-04  7.9679E+03  7.9677E+03
1.3495E-04  7.9603E+03  7.9601E+03
1.3501E-04  7.9545E+03  7.9543E+03
1.3508E-04  7.9496E+03  7.9495E+03
1.3514E-04  7.9448E+03  7.9446E+03
1.3521E-04  7.9399E+03  7.9397E+03
1.3527E-04  7.9350E+03  7.9348E+03
1.3534E-04  7.9301E+03  7.9299E+03
1.3540E-04  7.9253E+03  7.9251E+03
1.3546E-04  7.9204E+03  7.9202E+03
1.3553E-04  7.9155E+03  7.9153E+03
1.3559E-04  7.9107E+03  7.9105E+03
1.3566E-04  7.9058E+03  7.9056E+03
1.3572E-04  7.9010E+03  7.9008E+03
1.3579E-04  7.8961E+03  7.8959E+03
1.3585E-04  7.8913E+03  7.8911E+03
1.3592E-04  7.8864E+03  7.8862E+03
1.3598E-04  7.8816E+03  7.8814E+03
1.3605E-04  7.8767E+03  7.8765E+03
1.3611E-04  7.8719E+03  7.8717E+03
1.3617E-04  7.8671E+03  7.8669E+03
1.3624E-04  7.8622E+03  7.8621E+03
1.3630E-04  7.8574E+03  7.8572E+03
1.3637E-04  7.8526E+03  7.8524E+03
1.3643E-04  7.8478E+03  7.8476E+03
1.3650E-04  7.8430E+03  7.8428E+03
1.3656E-04  7.8382E+03  7.8380E+03
1.3663E-04  7.8333E+03  7.8332E+03
1.3669E-04  7.8285E+03  7.8283E+03
1.3676E-04  7.8237E+03  7.8235E+03
1.3682E-04  7.8189E+03  7.8187E+03
1.3689E-04  7.8142E+03  7.8140E+03
1.3695E-04  7.8095E+03  7.8093E+03
1.3702E-04  7.8048E+03  7.8046E+03
1.3708E-04  7.8001E+03  7.7999E+03
1.3715E-04  7.7954E+03  7.7952E+03
1.3721E-04  7.7907E+03  7.7905E+03
1.3728E-04  7.7860E+03  7.7859E+03
1.3734E-04  7.7814E+03  7.7812E+03
1.3741E-04  7.7767E+03  7.7765E+03
1.3748E-04  7.7720E+03  7.7718E+03
1.3754E-04  7.7673E+03  7.7672E+03
1.3761E-04  7.7627E+03  7.7625E+03
1.3767E-04  7.7580E+03  7.7578E+03
1.3774E-04  7.7533E+03  7.7532E+03
1.3780E-04  7.7487E+03  7.7485E+03
1.3787E-04  7.7440E+03  7.7438E+03
1.3793E-04  7.7394E+03  7.7392E+03
1.3800E-04  7.7347E+03  7.7345E+03
1.3806E-04  7.7301E+03  7.7299E+03
1.3813E-04  7.7254E+03  7.7252E+03
1.3820E-04  7.7208E+03  7.7206E+03
1.3826E-04  7.7161E+03  7.7160E+03
1.3833E-04  7.7115E+03  7.7113E+03
1.3839E-04  7.7069E+03  7.7067E+03
1.3846E-04  7.7022E+03  7.7021E+03
1.3852E-04  7.6976E+03  7.6974E+03
1.3859E-04  7.6930E+03  7.6928E+03
1.3866E-04  7.6884E+03  7.6882E+03
1.3872E-04  7.6845E+03  7.6843E+03
1.3879E-04  7.6838E+03  7.6836E+03
1.3885E-04  7.6835E+03  7.6833E+03
1.3892E-04  7.6832E+03  7.6830E+03
1.3899E-04  7.6828E+03  7.6826E+03
1.3905E-04  7.6825E+03  7.6823E+03
1.3912E-04  7.6822E+03  7.6820E+03
1.3918E-04  7.6818E+03  7.6817E+03
1.3925E-04  7.6815E+03  7.6813E+03
1.3932E-04  7.6812E+03  7.6810E+03
1.3938E-04  7.6808E+03  7.6806E+03
1.3945E-04  7.6805E+03  7.6803E+03
1.3952E-04  7.6801E+03  7.6799E+03
1.3958E-04  7.6798E+03  7.6796E+03
1.3965E-04  7.6794E+03  7.6792E+03
1.3971E-04  7.6791E+03  7.6789E+03
1.3978E-04  7.6787E+03  7.6785E+03
1.3985E-04  7.6783E+03  7.6782E+03
1.3991E-04  7.6780E+03  7.6778E+03
1.3998E-04  7.6776E+03  7.6774E+03
1.4005E-04  7.6772E+03  7.6770E+03
1.4011E-04  7.6769E+03  7.6767E+03
1.4018E-04  7.6765E+03  7.6763E+03
1.4025E-04  7.6761E+03  7.6759E+03
1.4031E-04  7.6757E+03  7.6755E+03
1.4038E-04  7.6753E+03  7.6751E+03
1.4045E-04  7.6749E+03  7.6747E+03
1.4051E-04  7.6745E+03  7.6743E+03
1.4058E-04  7.6738E+03  7.6736E+03
1.4065E-04  7.6688E+03  7.6687E+03
1.4071E-04  7.6626E+03  7.6624E+03
1.4078E-04  7.6564E+03  7.6562E+03
1.4085E-04  7.6502E+03  7.6500E+03
1.4092E-04  7.6440E+03  7.6438E+03
1.4098E-04  7.6378E+03  7.6376E+03
1.4105E-04  7.6316E+03  7.6314E+03
1.4112E-04  7.6254E+03  7.6252E+03
1.4118E-04  7.6192E+03  7.6190E+03
1.4125E-04  7.6130E+03  7.6128E+03
1.4132E-04  7.6069E+03  7.6067E+03
1.4138E-04  7.6007E+03  7.6005E+03
1.4145E-04  7.5945E+03  7.5943E+03
1.4152E-04  7.5884E+03  7.5882E+03
1.4159E-04  7.5822E+03  7.5820E+03
1.4165E-04  7.5761E+03  7.5759E+03
1.4172E-04  7.5699E+03  7.5697E+03
1.4179E-04  7.5638E+03  7.5636E+03
1.4186E-04  7.5576E+03  7.5575E+03
1.4192E-04  7.5515E+03  7.5513E+03
1.4199E-04  7.5454E+03  7.5452E+03
1.4206E-04  7.5393E+03  7.5391E+03
1.4213E-04  7.5332E+03  7.5330E+03
1.4219E-04  7.5271E+03  7.5269E+03
1.4226E-04  7.5210E+03  7.5208E+03
1.4233E-04  7.5149E+03  7.5147E+03
1.4240E-04  7.5088E+03  7.5086E+03
1.4246E-04  7.5017E+03  7.5015E+03
1.4253E-04  7.4876E+03  7.4874E+03
1.4260E-04  7.4722E+03  7.4720E+03
1.4267E-04  7.4568E+03  7.4566E+03
1.4274E-04  7.4415E+03  7.4413E+03
1.4280E-04  7.4261E+03  7.4260E+03
1.4287E-04  7.4108E+03  7.4106E+03
1.4294E-04  7.3955E+03  7.3953E+03
1.4301E-04  7.3803E+03  7.3801E+03
1.4307E-04  7.3650E+03  7.3648E+03
1.4314E-04  7.3498E+03  7.3496E+03
1.4321E-04  7.3345E+03  7.3344E+03
1.4328E-04  7.3193E+03  7.3192E+03
1.4335E-04  7.3042E+03  7.3040E+03
1.4342E-04  7.2890E+03  7.2888E+03
1.4348E-04  7.2739E+03  7.2737E+03
1.4355E-04  7.2587E+03  7.2586E+03
1.4362E-04  7.2436E+03  7.2434E+03
1.4369E-04  7.2285E+03  7.2284E+03
1.4376E-04  7.2135E+03  7.2133E+03
1.4382E-04  7.1984E+03  7.1982E+03
1.4389E-04  7.1834E+03  7.1832E+03
1.4396E-04  7.1684E+03  7.1682E+03
1.4403E-04  7.1534E+03  7.1532E+03
1.4410E-04  7.1384E+03  7.1382E+03
1.4417E-04  7.1235E+03  7.1233E+03
1.4424E-04  7.1085E+03  7.1083E+03
1.4430E-04  7.0936E+03  7.0934E+03
1.4437E-04  7.0805E+03  7.0803E+03
1.4444E-04  7.0694E+03  7.0692E+03
1.4451E-04  7.0583E+03  7.0581E+03
1.4458E-04  7.0473E+03  7.0471E+03
1.4465E-04  7.0362E+03  7.0360E+03
1.4472E-04  7.0252E+03  7.0250E+03
1.4478E-04  7.0142E+03  7.0140E+03
1.4485E-04  7.0031E+03  7.0030E+03
1.4492E-04  6.9922E+03  6.9920E+03
1.4499E-04  6.9812E+03  6.9810E+03
1.4506E-04  6.9702E+03  6.9700E+03
1.4513E-04  6.9592E+03  6.9591E+03
1.4520E-04  6.9483E+03  6.9481E+03
1.4527E-04  6.9374E+03  6.9372E+03
1.4534E-04  6.9265E+03  6.9263E+03
1.4541E-04  6.9155E+03  6.9154E+03
1.4547E-04  6.9047E+03  6.9045E+03
1.4554E-04  6.8938E+03  6.8936E+03
1.4561E-04  6.8829E+03  6.8827E+03
1.4568E-04  6.8721E+03  6.8719E+03
1.4575E-04  6.8612E+03  6.8610E+03
1.4582E-04  6.8504E+03  6.8502E+03
1.4589E-04  6.8396E+03  6.8394E+03
1.4596E-04  6.8288E+03  6.8286E+03
1.4603E-04  6.8180E+03  6.8178E+03
1.4610E-04  6.8072E+03  6.8070E+03
1.4617E-04  6.7964E+03  6.7962E+03
1.4624E-04  6.7863E+03  6.7861E+03
1.4631E-04  6.7775E+03  6.7774E+03
1.4638E-04  6.7688E+03  6.7686E+03
1.4645E-04  6.7601E+03  6.7599E+03
1.4652E-04  6.7514E+03  6.7512E+03
1.4659E-04  6.7426E+03  6.7424E+03
1.4665E-04  6.7339E+03  6.7337E+03
1.4672E-04  6.7252E+03  6.7251E+03
1.4679E-04  6.7166E+03  6.7164E+03
1.4686E-04  6.7079E+03  6.7077E+03
1.4693E-04  6.6992E+03  6.6990E+03
1.4700E-04  6.6906E+03  6.6904E+03
1.4707E-04  6.6819E+03  6.6817E+03
1.4714E-04  6.6733E+03  6.6731E+03
1.4721E-04  6.6647E+03  6.6645E+03
1.4728E-04  6.6560E+03  6.6559E+03
1.4735E-04  6.6474E+03  6.6472E+03
1.4742E-04  6.6388E+03  6.6386E+03
1.4749E-04  6.6302E+03  6.6301E+03
1.4756E-04  6.6217E+03  6.6215E+03
1.4763E-04  6.6131E+03  6.6129E+03
1.4770E-04  6.6045E+03  6.6043E+03
1.4777E-04  6.5960E+03  6.5958E+03
1.4784E-04  6.5874E+03  6.5873E+03
1.4791E-04  6.5789E+03  6.5787E+03
1.4799E-04  6.5704E+03  6.5702E+03
1.4806E-04  6.5619E+03  6.5617E+03
1.4813E-04  6.5538E+03  6.5536E+03
1.4820E-04  6.5461E+03  6.5459E+03
1.4827E-04  6.5383E+03  6.5382E+03
1.4834E-04  6.5306E+03  6.5305E+03
1.4841E-04  6.5230E+03  6.5228E+03
1.4848E-04  6.5153E+03  6.5151E+03
1.4855E-04  6.5076E+03  6.5074E+03
1.4862E-04  6.4999E+03  6.4997E+03
1.4869E-04  6.4923E+03  6.4921E+03
1.4876E-04  6.4846E+03  6.4844E+03
1.4883E-04  6.4770E+03  6.4768E+03
1.4890E-04  6.4693E+03  6.4692E+03
1.4897E-04  6.4617E+03  6.4615E+03
1.4904E-04  6.4541E+03  6.4539E+03
1.4911E-04  6.4465E+03  6.4463E+03
1.4919E-04  6.4389E+03  6.4387E+03
1.4926E-04  6.4313E+03  6.4311E+03
1.4933E-04  6.4237E+03  6.4235E+03
1.4940E-04  6.4161E+03  6.4159E+03
1.4947E-04  6.4086E+03  6.4084E+03
1.4954E-04  6.4010E+03  6.4008E+03
1.4961E-04  6.3934E+03  6.3933E+03
1.4968E-04  6.3859E+03  6.3857E+03
1.4975E-04  6.3784E+03  6.3782E+03
1.4983E-04  6.3708E+03  6.3706E+03
1.4990E-04  6.3633E+03  6.3631E+03
1.4997E-04  6.3559E+03  6.3557E+03
1.5004E-04  6.3489E+03  6.3487E+03
1.5011E-04  6.3420E+03  6.3418E+03
1.5018E-04  6.3350E+03  6.3349E+03
1.5025E-04  6.3281E+03  6.3279E+03
1.5032E-04  6.3212E+03  6.3210E+03
1.5040E-04  6.3143E+03  6.3141E+03
1.5047E-04  6.3074E+03  6.3073E+03
1.5054E-04  6.3006E+03  6.3004E+03
1.5061E-04  6.2937E+03  6.2935E+03
1.5068E-04  6.2868E+03  6.2866E+03
1.5075E-04  6.2800E+03  6.2798E+03
1.5083E-04  6.2731E+03  6.2729E+03
1.5090E-04  6.2663E+03  6.2661E+03
1.5097E-04  6.2594E+03  6.2592E+03
1.5104E-04  6.2526E+03  6.2524E+03
1.5111E-04  6.2458E+03  6.2456E+03
1.5118E-04  6.2389E+03  6.2387E+03
1.5126E-04  6.2321E+03  6.2319E+03
1.5133E-04  6.2253E+03  6.2251E+03
1.5140E-04  6.2185E+03  6.2183E+03
1.5147E-04  6.2117E+03  6.2115E+03
1.5154E-04  6.2049E+03  6.2048E+03
1.5162E-04  6.1982E+03  6.1980E+03
1.5169E-04  6.1914E+03  6.1912E+03
1.5176E-04  6.1846E+03  6.1844E+03
1.5183E-04  6.1779E+03  6.1777E+03
1.5190E-04  6.1715E+03  6.1713E+03
1.5198E-04  6.1652E+03  6.1650E+03
1.5205E-04  6.1589E+03  6.1588E+03
1.5212E-04  6.1527E+03  6.1525E+03
1.5219E-04  6.1464E+03  6.1462E+03
1.5227E-04  6.1401E+03  6.1399E+03
1.5234E-04  6.1339E+03  6.1337E+03
1.5241E-04  6.1276E+03  6.1274E+03
1.5248E-04  6.1213E+03  6.1212E+03
1.5256E-04  6.1151E+03  6.1149E+03
1.5263E-04  6.1089E+03  6.1087E+03
1.5270E-04  6.1026E+03  6.1024E+03
1.5277E-04  6.0964E+03  6.0962E+03
1.5285E-04  6.0902E+03  6.0900E+03
1.5292E-04  6.0840E+03  6.0838E+03
1.5299E-04  6.0778E+03  6.0776E+03
1.5306E-04  6.0716E+03  6.0714E+03
1.5314E-04  6.0654E+03  6.0652E+03
1.5321E-04  6.0592E+03  6.0590E+03
1.5328E-04  6.0530E+03  6.0528E+03
1.5336E-04  6.0468E+03  6.0466E+03
1.5343E-04  6.0406E+03  6.0404E+03
1.5350E-04  6.0345E+03  6.0343E+03
1.5357E-04  6.0283E+03  6.0281E+03
1.5365E-04  6.0222E+03  6.0220E+03
1.5372E-04  6.0161E+03  6.0159E+03
1.5379E-04  6.0104E+03  6.0103E+03
1.5387E-04  6.0048E+03  6.0046E+03
1.5394E-04  5.9992E+03  5.9990E+03
1.5401E-04  5.9936E+03  5.9934E+03
1.5409E-04  5.9880E+03  5.9879E+03
1.5416E-04  5.9825E+03  5.9823E+03
1.5423E-04  5.9769E+03  5.9767E+03
1.5431E-04  5.9713E+03  5.9711E+03
1.5438E-04  5.9657E+03  5.9655E+03
1.5445E-04  5.9602E+03  5.9600E+03
1.5453E-04  5.9546E+03  5.9544E+03
1.5460E-04  5.9491E+03  5.9489E+03
1.5467E-04  5.9435E+03  5.9433E+03
1.5475E-04  5.9380E+03  5.9378E+03
1.5482E-04  5.9324E+03  5.9322E+03
1.5489E-04  5.9269E+03  5.9267E+03
1.5497E-04  5.9214E+03  5.9212E+03
1.5504E-04  5.9158E+03  5.9156E+03
1.5511E-04  5.9103E+03  5.9101E+03
1.5519E-04  5.9048E+03  5.9046E+03
1.5526E-04  5.8993E+03  5.8991E+03
1.5534E-04  5.8938E+03  5.8936E+03
1.5541E-04  5.8883E+03  5.8881E+03
1.5548E-04  5.8828E+03  5.8826E+03
1.5556E-04  5.8773E+03  5.8771E+03
1.5563E-04  5.8724E+03  5.8722E+03
1.5571E-04  5.8680E+03  5.8678E+03
1.5578E-04  5.8635E+03  5.8633E+03
1.5585E-04  5.8590E+03  5.8589E+03
1.5593E-04  5.8546E+03  5.8544E+03
1.5600E-04  5.8501E+03  5.8499E+03
1.5608E-04  5.8457E+03  5.8455E+03
1.5615E-04  5.8413E+03  5.8411E+03
1.5622E-04  5.8368E+03  5.8366E+03
1.5630E-04  5.8324E+03  5.8322E+03
1.5637E-04  5.8280E+03  5.8278E+03
1.5645E-04  5.8235E+03  5.8233E+03
1.5652E-04  5.8191E+03  5.8189E+03
1.5660E-04  5.8147E+03  5.8145E+03
1.5667E-04  5.8103E+03  5.8101E+03
1.5675E-04  5.8058E+03  5.8057E+03
1.5682E-04  5.8014E+03  5.8012E+03
1.5689E-04  5.7970E+03  5.7968E+03
1.5697E-04  5.7926E+03  5.7924E+03
1.5704E-04  5.7882E+03  5.7880E+03
1.5712E-04  5.7838E+03  5.7836E+03
1.5719E-04  5.7794E+03  5.7793E+03
1.5727E-04  5.7751E+03  5.7749E+03
1.5734E-04  5.7707E+03  5.7705E+03
1.5742E-04  5.7663E+03  5.7661E+03
1.5749E-04  5.7626E+03  5.7624E+03
1.5757E-04  5.7600E+03  5.7598E+03
1.5764E-04  5.7573E+03  5.7571E+03
1.5772E-04  5.7547E+03  5.7545E+03
1.5779E-04  5.7521E+03  5.7519E+03
1.5787E-04  5.7494E+03  5.7492E+03
1.5794E-04  5.7468E+03  5.7466E+03
1.5802E-04  5.7442E+03  5.7440E+03
1.5809E-04  5.7415E+03  5.7413E+03
1.5817E-04  5.7389E+03  5.7387E+03
1.5824E-04  5.7363E+03  5.7361E+03
1.5832E-04  5.7336E+03  5.7334E+03
1.5839E-04  5.7310E+03  5.7308E+03
1.5847E-04  5.7284E+03  5.7282E+03
1.5854E-04  5.7258E+03  5.7256E+03
1.5862E-04  5.7231E+03  5.7229E+03
1.5869E-04  5.7205E+03  5.7203E+03
1.5877E-04  5.7179E+03  5.7177E+03
1.5885E-04  5.7153E+03  5.7151E+03
1.5892E-04  5.7127E+03  5.7125E+03
1.5900E-04  5.7100E+03  5.7098E+03
1.5907E-04  5.7074E+03  5.7072E+03
1.5915E-04  5.7048E+03  5.7046E+03
1.5922E-04  5.7022E+03  5.7020E+03
1.5930E-04  5.6996E+03  5.6994E+03
1.5937E-04  5.6997E+03  5.6995E+03
1.5945E-04  5.7027E+03  5.7025E+03
1.5953E-04  5.7056E+03  5.7054E+03
1.5960E-04  5.7086E+03  5.7084E+03
1.5968E-04  5.7115E+03  5.7113E+03
1.5975E-04  5.7145E+03  5.7143E+03
1.5983E-04  5.7174E+03  5.7172E+03
1.5991E-04  5.7203E+03  5.7201E+03
1.5998E-04  5.7232E+03  5.7230E+03
1.6006E-04  5.7261E+03  5.7259E+03
1.6013E-04  5.7290E+03  5.7288E+03
1.6021E-04  5.7319E+03  5.7317E+03
1.6029E-04  5.7348E+03  5.7346E+03
1.6036E-04  5.7377E+03  5.7375E+03
1.6044E-04  5.7406E+03  5.7404E+03
1.6051E-04  5.7434E+03  5.7432E+03
1.6059E-04  5.7463E+03  5.7461E+03
1.6067E-04  5.7491E+03  5.7489E+03
1.6074E-04  5.7520E+03  5.7518E+03
1.6082E-04  5.7548E+03  5.7546E+03
1.6090E-04  5.7576E+03  5.7574E+03
1.6097E-04  5.7605E+03  5.7603E+03
1.6105E-04  5.7633E+03  5.7631E+03
1.6113E-04  5.7661E+03  5.7659E+03
1.6120E-04  5.7706E+03  5.7704E+03
1.6128E-04  5.7922E+03  5.7920E+03
1.6136E-04  5.8181E+03  5.8180E+03
1.6143E-04  5.8440E+03  5.8439E+03
1.6151E-04  5.8699E+03  5.8697E+03
1.6159E-04  5.8957E+03  5.8956E+03
1.6166E-04  5.9215E+03  5.9214E+03
1.6174E-04  5.9473E+03  5.9471E+03
1.6182E-04  5.9730E+03  5.9728E+03
1.6189E-04  5.9987E+03  5.9985E+03
1.6197E-04  6.0243E+03  6.0241E+03
1.6205E-04  6.0499E+03  6.0497E+03
1.6212E-04  6.0754E+03  6.0752E+03
1.6220E-04  6.1009E+03  6.1007E+03
1.6228E-04  6.1264E+03  6.1262E+03
1.6236E-04  6.1518E+03  6.1516E+03
1.6243E-04  6.1772E+03  6.1770E+03
1.6251E-04  6.2025E+03  6.2024E+03
1.6259E-04  6.2278E+03  6.2277E+03
1.6267E-04  6.2531E+03  6.2529E+03
1.6274E-04  6.2783E+03  6.2781E+03
1.6282E-04  6.3035E+03  6.3033E+03
1.6290E-04  6.3286E+03  6.3285E+03
1.6297E-04  6.3537E+03  6.3536E+03
1.6305E-04  6.3791E+03  6.3789E+03
1.6313E-04  6.5032E+03  6.5046E+03
1.6321E-04  6.7083E+03  6.7097E+03
1.6328E-04  6.9132E+03  6.9145E+03
1.6336E-04  7.1178E+03  7.1190E+03
1.6344E-04  7.3220E+03  7.3232E+03
1.6352E-04  7.5259E+03  7.5271E+03
1.6360E-04  7.7296E+03  7.7307E+03
1.6367E-04  7.9329E+03  7.9340E+03
1.6375E-04  8.1359E+03  8.1370E+03
1.6383E-04  8.3386E+03  8.3397E+03
1.6391E-04  8.5410E+03  8.5420E+03
1.6398E-04  8.7431E+03  8.7441E+03
1.6406E-04  8.9449E+03  8.9459E+03
1.6414E-04  9.1464E+03  9.1474E+03
1.6422E-04  9.3476E+03  9.3485E+03
1.6430E-04  9.5485E+03  9.5494E+03
1.6437E-04  9.7491E+03  9.7500E+03
1.6445E-04  9.9494E+03  9.9502E+03
1.6453E-04  1.0149E+04  1.0150E+04
1.6461E-04  1.0349E+04  1.0350E+04
1.6469E-04  1.0548E+04  1.0549E+04
1.6477E-04  1.0748E+04  1.0748E+04
1.6484E-04  1.0946E+04  1.0947E+04
1.6492E-04  1.1145E+04  1.1146E+04
1.6500E-04  1.1391E+04  1.1393E+04
1.6508E-04  1.1685E+04  1.1686E+04
1.6516E-04  1.1978E+04  1.1979E+04
1.6524E-04  1.2270E+04  1.2272E+04
1.6532E-04  1.2563E+04  1.2564E+04
1.6539E-04  1.2854E+04  1.2856E+04
1.6547E-04  1.3146E+04  1.3147E+04
1.6555E-04  1.3437E+04  1.3438E+04
1.6563E-04  1.3727E+04  1.3728E+04
1.6571E-04  1.4017E+04  1.4018E+04
1.6579E-04  1.4307E+04  1.4308E+04
1.6587E-04  1.4596E+04  1.4597E+04
1.6594E-04  1.4884E+04  1.4886E+04
1.6602E-04  1.5173E+04  1.5174E+04
1.6610E-04  1.5461E+04  1.5462E+04
1.6618E-04  1.5748E+04  1.5749E+04
1.6626E-04  1.6035E+04  1.6036E+04
1.6634E-04  1.6321E+04  1.6322E+04
1.6642E-04  1.6607E+04  1.6609E+04
1.6650E-04  1.6893E+04  1.6894E+04
1.6658E-04  1.7178E+04  1.7179E+04
1.6666E-04  1.7463E+04  1.7464E+04
1.6674E-04  1.7748E+04  1.7749E+04
1.6681E-04  1.8009E+04  1.8010E+04
1.6689E-04  1.7726E+04  1.7730E+04
1.6697E-04  1.7217E+04  1.7221E+04
1.6705E-04  1.6709E+04  1.6713E+04
1.6713E-04  1.6202E+04  1.6206E+04
1.6721E-04  1.5695E+04  1.5699E+04
1.6729E-04  1.5189E+04  1.5193E+04
1.6737E-04  1.4684E+04  1.4688E+04
1.6745E-04  1.4179E+04  1.4184E+04
1.6753E-04  1.3676E+04  1.3680E+04
1.6761E-04  1.3173E+04  1.3177E+04
1.6769E-04  1.2670E+04  1.2675E+04
1.6777E-04  1.2169E+04  1.2174E+04
1.6785E-04  1.1668E+04  1.1673E+04
1.6793E-04  1.1168E+04  1.1173E+04
1.6801E-04  1.0668E+04  1.0674E+04
1.6809E-04  1.0169E+04  1.0175E+04
1.6817E-04  9.6714E+03  9.6776E+03
1.6825E-04  9.1740E+03  9.1805E+03
1.6833E-04  8.6774E+03  8.6843E+03
1.6841E-04  8.1814E+03  8.1887E+03
1.6849E-04  7.6861E+03  7.6939E+03
1.6857E-04  7.1915E+03  7.1998E+03
1.6865E-04  6.6975E+03  6.7064E+03
1.6873E-04  6.3324E+03  6.3326E+03
1.6881E-04  6.2698E+03  6.2697E+03
1.6889E-04  6.2231E+03  6.2230E+03
1.6897E-04  6.1765E+03  6.1764E+03
1.6905E-04  6.1299E+03  6.1298E+03
1.6913E-04  6.0834E+03  6.0833E+03
1.6921E-04  6.0370E+03  6.0369E+03
1.6929E-04  5.9906E+03  5.9905E+03
1.6937E-04  5.9443E+03  5.9442E+03
1.6945E-04  5.8981E+03  5.8980E+03
1.6953E-04  5.8519E+03  5.8518E+03
1.6961E-04  5.8058E+03  5.8057E+03
1.6969E-04  5.7598E+03  5.7597E+03
1.6977E-04  5.7138E+03  5.7137E+03
1.6985E-04  5.6679E+03  5.6678E+03
1.6994E-04  5.6221E+03  5.6220E+03
1.7002E-04  5.5763E+03  5.5762E+03
1.7010E-04  5.5306E+03  5.5305E+03
1.7018E-04  5.4849E+03  5.4848E+03
1.7026E-04  5.4393E+03  5.4392E+03
1.7034E-04  5.3938E+03  5.3937E+03
1.7042E-04  5.3484E+03  5.3483E+03
1.7050E-04  5.3030E+03  5.3029E+03
1.7058E-04  5.2612E+03  5.2610E+03
1.7066E-04  5.2416E+03  5.2414E+03
1.7075E-04  5.2261E+03  5.2259E+03
1.7083E-04  5.2105E+03  5.2103E+03
1.7091E-04  5.1950E+03  5.1948E+03
1.7099E-04  5.1795E+03  5.1793E+03
1.7107E-04  5.1640E+03  5.1638E+03
1.7115E-04  5.1485E+03  5.1483E+03
1.7123E-04  5.1331E+03  5.1329E+03
1.7131E-04  5.1177E+03  5.1175E+03
1.7140E-04  5.1023E+03  5.1021E+03
1.7148E-04  5.0869E+03  5.0867E+03
1.7156E-04  5.0715E+03  5.0713E+03
1.7164E-04  5.0562E+03  5.0560E+03
1.7172E-04  5.0409E+03  5.0407E+03
1.7180E-04  5.0256E+03  5.0254E+03
1.7189E-04  5.0103E+03  5.0101E+03
1.7197E-04  4.9950E+03  4.9948E+03
1.7205E-04  4.9798E+03  4.9796E+03
1.7213E-04  4.9646E+03  4.9644E+03
1.7221E-04  4.9494E+03  4.9492E+03
1.7229E-04  4.9342E+03  4.9340E+03
1.7238E-04  4.9190E+03  4.9188E+03
1.7246E-04  4.9046E+03  4.9044E+03
1.7254E-04  4.8945E+03  4.8943E+03
1.7262E-04  4.8853E+03  4.8851E+03
1.7270E-04  4.8760E+03  4.8758E+03
1.7279E-04  4.8668E+03  4.8666E+03
1.7287E-04  4.8576E+03  4.8574E+03
1.7295E-04  4.8484E+03  4.8482E+03
1.7303E-04  4.8392E+03  4.8390E+03
1.7311E-04  4.8300E+03  4.8298E+03
1.7320E-04  4.8208E+03  4.8206E+03
1.7328E-04  4.8117E+03  4.8115E+03
1.7336E-04  4.8025E+03  4.8023E+03
1.7344E-04  4.7934E+03  4.7932E+03
1.7353E-04  4.7842E+03  4.7840E+03
1.7361E-04  4.7751E+03  4.7749E+03
1.7369E-04  4.7660E+03  4.7658E+03
1.7377E-04  4.7569E+03  4.7567E+03
1.7386E-04  4.7478E+03  4.7476E+03
1.7394E-04  4.7387E+03  4.7386E+03
1.7402E-04  4.7297E+03  4.7295E+03
1.7411E-04  4.7206E+03  4.7204E+03
1.7419E-04  4.7116E+03  4.7114E+03
1.7427E-04  4.7026E+03  4.7024E+03
1.7435E-04  4.6941E+03  4.6939E+03
1.7444E-04  4.6870E+03  4.6868E+03
1.7452E-04  4.6799E+03  4.6798E+03
1.7460E-04  4.6729E+03  4.6727E+03
1.7469E-04  4.6659E+03  4.6657E+03
1.7477E-04  4.6589E+03  4.6587E+03
1.7485E-04  4.6519E+03  4.6517E+03
1.7493E-04  4.6449E+03  4.6447E+03
1.7502E-04  4.6379E+03  4.6377E+03
1.7510E-04  4.6310E+03  4.6308E+03
1.7518E-04  4.6240E+03  4.6238E+03
1.7527E-04  4.6170E+03  4.6168E+03
1.7535E-04  4.6101E+03  4.6099E+03
1.7543E-04  4.6031E+03  4.6030E+03
1.7552E-04  4.5962E+03  4.5960E+03
1.7560E-04  4.5893E+03  4.5891E+03
1.7568E-04  4.5824E+03  4.5822E+03
1.7577E-04  4.5755E+03  4.5753E+03
1.7585E-04  4.5686E+03  4.5684E+03
1.7594E-04  4.5617E+03  4.5615E+03
1.7602E-04  4.5548E+03  4.5546E+03
1.7610E-04  4.5479E+03  4.5477E+03
1.7619E-04  4.5411E+03  4.5409E+03
1.7627E-04  4.5349E+03  4.5347E+03
1.7635E-04  4.5290E+03  4.5288E+03
1.7644E-04  4.5231E+03  4.5229E+03
1.7652E-04  4.5172E+03  4.5170E+03
1.7661E-04  4.5113E+03  4.5111E+03
1.7669E-04  4.5054E+03  4.5052E+03
1.7677E-04  4.4995E+03  4.4993E+03
1.7686E-04  4.4937E+03  4.4935E+03
1.7694E-04  4.4878E+03  4.4876E+03
1.7703E-04  4.4820E+03  4.4818E+03
1.7711E-04  4.4761E+03  4.4759E+03
1.7719E-04  4.4703E+03  4.4701E+03
1.7728E-04  4.4644E+03  4.4642E+03
1.7736E-04  4.4586E+03  4.4584E+03
1.7745E-04  4.4528E+03  4.4526E+03
1.7753E-04  4.4470E+03  4.4468E+03
1.7762E-04  4.4412E+03  4.4410E+03
1.7770E-04  4.4354E+03  4.4352E+03
1.7778E-04  4.4296E+03  4.4294E+03
1.7787E-04  4.4238E+03  4.4236E+03
1.7795E-04  4.4180E+03  4.4178E+03
1.7804E-04  4.4122E+03  4.4120E+03
1.7812E-04  4.4065E+03  4.4063E+03
1.7821E-04  4.4009E+03  4.4007E+03
1.7829E-04  4.3953E+03  4.3951E+03
1.7838E-04  4.3897E+03  4.3895E+03
1.7846E-04  4.3841E+03  4.3839E+03
1.7855E-04  4.3786E+03  4.3784E+03
1.7863E-04  4.3730E+03  4.3728E+03
1.7872E-04  4.3674E+03  4.3672E+03
1.7880E-04  4.3619E+03  4.3617E+03
1.7889E-04  4.3563E+03  4.3561E+03
1.7897E-04  4.3507E+03  4.3505E+03
1.7906E-04  4.3452E+03  4.3450E+03
1.7914E-04  4.3397E+03  4.3395E+03
1.7923E-04  4.3341E+03  4.3339E+03
1.7931E-04  4.3286E+03  4.3284E+03
1.7940E-04  4.3231E+03  4.3229E+03
1.7948E-04  4.3176E+03  4.3174E+03
1.7957E-04  4.3120E+03  4.3119E+03
1.7965E-04  4.3065E+03  4.3063E+03
1.7974E-04  4.3010E+03  4.3009E+03
1.7982E-04  4.2956E+03  4.2954E+03
1.7991E-04  4.2901E+03  4.2899E+03
1.7999E-04  4.2848E+03  4.2846E+03
1.8008E-04  4.2798E+03  4.2796E+03
1.8017E-04  4.2748E+03  4.2746E+03
1.8025E-04  4.2698E+03  4.2696E+03
1.8034E-04  4.2648E+03  4.2646E+03
1.8042E-04  4.2598E+03  4.2596E+03
1.8051E-04  4.2548E+03  4.2546E+03
1.8059E-04  4.2499E+03  4.2497E+03
1.8068E-04  4.2449E+03  4.2447E+03
1.8077E-04  4.2399E+03  4.2397E+03
1.8085E-04  4.2350E+03  4.2348E+03
1.8094E-04  4.2300E+03  4.2298E+03
1.8102E-04  4.2251E+03  4.2249E+03
1.8111E-04  4.2201E+03  4.2199E+03
1.8120E-04  4.2152E+03  4.2150E+03
1.8128E-04  4.2102E+03  4.2101E+03
1.8137E-04  4.2053E+03  4.2051E+03
1.8146E-04  4.2004E+03  4.2002E+03
1.8154E-04  4.1955E+03  4.1953E+03
1.8163E-04  4.1906E+03  4.1904E+03
1.8171E-04  4.1857E+03  4.1855E+03
1.8180E-04  4.1808E+03  4.1806E+03
1.8189E-04  4.1767E+03  4.1765E+03
1.8197E-04  4.1732E+03  4.1730E+03
1.8206E-04  4.1697E+03  4.1695E+03
1.8215E-04  4.1661E+03  4.1659E+03
1.8223E-04  4.1626E+03  4.1624E+03
1.8232E-04  4.1591E+03  4.1589E+03
1.8241E-04  4.1556E+03  4.1554E+03
1.8249E-04  4.1521E+03  4.1519E+03
1.8258E-04  4.1485E+03  4.1483E+03
1.8267E-04  4.1450E+03  4.1448E+03
1.8275E-04  4.1415E+03  4.1413E+03
1.8284E-04  4.1380E+03  4.1378E+03
1.8293E-04  4.1345E+03  4.1343E+03
1.8301E-04  4.1310E+03  4.1308E+03
1.8310E-04  4.1275E+03  4.1273E+03
1.8319E-04  4.1240E+03  4.1238E+03
1.8328E-04  4.1205E+03  4.1204E+03
1.8336E-04  4.1171E+03  4.1169E+03
1.8345E-04  4.1136E+03  4.1134E+03
1.8354E-04  4.1101E+03  4.1099E+03
1.8362E-04  4.1066E+03  4.1064E+03
1.8371E-04  4.1028E+03  4.1026E+03
1.8380E-04  4.0972E+03  4.0970E+03
1.8389E-04  4.0914E+03  4.0912E+03
1.8397E-04  4.0855E+03  4.0853E+03
1.8406E-04  4.0797E+03  4.0795E+03
1.8415E-04  4.0739E+03  4.0737E+03
1.8424E-04  4.0681E+03  4.0679E+03
1.8432E-04  4.0623E+03  4.0621E+03
1.8441E-04  4.0565E+03  4.0563E+03
1.8450E-04  4.0508E+03  4.0506E+03
1.8459E-04  4.0450E+03  4.0448E+03
1.8467E-04  4.0392E+03  4.0390E+03
1.8476E-04  4.0335E+03  4.0333E+03
1.8485E-04  4.0277E+03  4.0275E+03
1.8494E-04  4.0220E+03  4.0218E+03
1.8503E-04  4.0162E+03  4.0160E+03
1.8511E-04  4.0105E+03  4.0103E+03
1.8520E-04  4.0048E+03  4.0046E+03
1.8529E-04  3.9990E+03  3.9988E+03
1.8538E-04  3.9933E+03  3.9931E+03
1.8547E-04  3.9876E+03  3.9874E+03
1.8555E-04  3.9819E+03  3.9817E+03
1.8564E-04  3.9771E+03  3.9769E+03
1.8573E-04  3.9726E+03  3.9724E+03
1.8582E-04  3.9681E+03  3.9679E+03
1.8591E-04  3.9637E+03  3.9635E+03
1.8600E-04  3.9592E+03  3.9590E+03
1.8608E-04  3.9548E+03  3.9546E+03
1.8617E-04  3.9503E+03  3.9502E+03
1.8626E-04  3.9459E+03  3.9457E+03
1.8635E-04  3.9415E+03  3.9413E+03
1.8644E-04  3.9370E+03  3.9369E+03
1.8653E-04  3.9326E+03  3.9324E+03
1.8662E-04  3.9282E+03  3.9280E+03
1.8670E-04  3.9238E+03  3.9236E+03
1.8679E-04  3.9194E+03  3.9192E+03
1.8688E-04  3.9150E+03  3.9148E+03
1.8697E-04  3.9106E+03  3.9104E+03
1.8706E-04  3.9062E+03  3.9060E+03
1.8715E-04  3.9018E+03  3.9016E+03
1.8724E-04  3.8974E+03  3.8972E+03
1.8733E-04  3.8930E+03  3.8928E+03
1.8742E-04  3.8886E+03  3.8884E+03
1.8750E-04  3.8843E+03  3.8841E+03
1.8759E-04  3.8801E+03  3.8799E+03
1.8768E-04  3.8758E+03  3.8756E+03
1.8777E-04  3.8716E+03  3.8714E+03
1.8786E-04  3.8674E+03  3.8672E+03
1.8795E-04  3.8631E+03  3.8629E+03
1.8804E-04  3.8589E+03  3.8587E+03
1.8813E-04  3.8547E+03  3.8545E+03
1.8822E-04  3.8505E+03  3.8503E+03
1.8831E-04  3.8463E+03  3.8461E+03
1.8840E-04  3.8420E+03  3.8418E+03
1.8849E-04  3.8378E+03  3.8376E+03
1.8858E-04  3.8336E+03  3.8334E+03
1.8867E-04  3.8294E+03  3.8292E+03
1.8876E-04  3.8253E+03  3.8251E+03
1.8885E-04  3.8211E+03  3.8209E+03
1.8894E-04  3.8169E+03  3.8167E+03
1.8903E-04  3.8127E+03  3.8125E+03
1.8912E-04  3.8085E+03  3.8083E+03
1.8921E-04  3.8044E+03  3.8042E+03
1.8930E-04  3.8002E+03  3.8000E+03
1.8939E-04  3.7961E+03  3.7959E+03
1.8948E-04  3.7920E+03  3.7918E+03
1.8957E-04  3.7879E+03  3.7877E+03
1.8966E-04  3.7838E+03  3.7836E+03
1.8975E-04  3.7797E+03  3.7795E+03
1.8984E-04  3.7757E+03  3.7755E+03
1.8993E-04  3.7716E+03  3.7714E+03
1.9002E-04  3.7675E+03  3.7673E+03
1.9011E-04  3.7635E+03  3.7633E+03
1.9020E-04  3.7594E+03  3.7592E+03
1.9029E-04  3.7554E+03  3.7552E+03
1.9038E-04  3.7513E+03  3.7511E+03
1.9047E-04  3.7473E+03  3.7471E+03
1.9056E-04  3.7432E+03  3.7431E+03
1.9065E-04  3.7392E+03  3.7390E+03
1.9074E-04  3.7352E+03  3.7350E+03
1.9083E-04  3.7312E+03  3.7310E+03
1.9092E-04  3.7271E+03  3.7269E+03
1.9101E-04  3.7231E+03  3.7229E+03
1.9110E-04  3.7191E+03  3.7189E+03
1.9119E-04  3.7151E+03  3.7149E+03
1.9129E-04  3.7111E+03  3.7109E+03
1.9138E-04  3.7072E+03  3.7070E+03
1.9147E-04  3.7032E+03  3.7030E+03
1.9156E-04  3.6993E+03  3.6991E+03
1.9165E-04  3.6953E+03  3.6951E+03
1.9174E-04  3.6914E+03  3.6912E+03
1.9183E-04  3.6875E+03  3.6873E+03
1.9192E-04  3.6835E+03  3.6833E+03
1.9201E-04  3.6796E+03  3.6794E+03
1.9211E-04  3.6757E+03  3.6755E+03
1.9220E-04  3.6718E+03  3.6716E+03
1.9229E-04  3.6678E+03  3.6676E+03
1.9238E-04  3.6639E+03  3.6637E+03
1.9247E-04  3.6600E+03  3.6598E+03
1.9256E-04  3.6561E+03  3.6559E+03
1.9265E-04  3.6522E+03  3.6520E+03
1.9275E-04  3.6483E+03  3.6481E+03
1.9284E-04  3.6444E+03  3.6442E+03
1.9293E-04  3.6405E+03  3.6403E+03
1.9302E-04  3.6367E+03  3.6365E+03
1.9311E-04  3.6328E+03  3.6326E+03
1.9320E-04  3.6290E+03  3.6288E+03
1.9330E-04  3.6252E+03  3.6250E+03
1.9339E-04  3.6214E+03  3.6212E+03
1.9348E-04  3.6176E+03  3.6174E+03
1.9357E-04  3.6138E+03  3.6136E+03
1.9366E-04  3.6100E+03  3.6098E+03
1.9376E-04  3.6062E+03  3.6060E+03
1.9385E-04  3.6024E+03  3.6022E+03
1.9394E-04  3.5986E+03  3.5984E+03
1.9403E-04  3.5949E+03  3.5947E+03
1.9412E-04  3.5911E+03  3.5909E+03
1.9422E-04  3.5873E+03  3.5871E+03
1.9431E-04  3.5836E+03  3.5834E+03
1.9440E-04  3.5798E+03  3.5796E+03
1.9449E-04  3.5760E+03  3.5758E+03
1.9459E-04  3.5723E+03  3.5721E+03
1.9468E-04  3.5685E+03  3.5683E+03
1.9477E-04  3.5648E+03  3.5646E+03
1.9486E-04  3.5610E+03  3.5608E+03
1.9496E-04  3.5573E+03  3.5571E+03
1.9505E-04  3.5536E+03  3.5534E+03
1.9514E-04  3.5500E+03  3.5498E+03
1.9523E-04  3.5463E+03  3.5461E+03
1.9533E-04  3.5427E+03  3.5425E+03
1.9542E-04  3.5390E+03  3.5388E+03
1.9551E-04  3.5354E+03  3.5352E+03
1.9561E-04  3.5318E+03  3.5316E+03
1.9570E-04  3.5281E+03  3.5279E+03
1.9579E-04  3.5245E+03  3.5243E+03
1.9589E-04  3.5209E+03  3.5207E+03
1.9598E-04  3.5172E+03  3.5170E+03
1.9607E-04  3.5136E+03  3.5134E+03
1.9616E-04  3.5100E+03  3.5098E+03
1.9626E-04  3.5064E+03  3.5062E+03
1.9635E-04  3.5028E+03  3.5026E+03
1.9644E-04  3.4992E+03  3.4990E+03
1.9654E-04  3.4956E+03  3.4954E+03
1.9663E-04  3.4920E+03  3.4918E+03
1.9672E-04  3.4884E+03  3.4882E+03
1.9682E-04  3.4848E+03  3.4846E+03
1.9691E-04  3.4813E+03  3.4811E+03
1.9701E-04  3.4779E+03  3.4777E+03
1.9710E-04  3.4744E+03  3.4742E+03
1.9719E-04  3.4709E+03  3.4707E+03
1.9729E-04  3.4675E+03  3.4673E+03
1.9738E-04  3.4640E+03  3.4638E+03
1.9747E-04  3.4606E+03  3.4604E+03
1.9757E-04  3.4571E+03  3.4569E+03
1.9766E-04  3.4537E+03  3.4535E+03
1.9776E-04  3.4503E+03  3.4501E+03
1.9785E-04  3.4468E+03  3.4466E+03
1.9794E-04  3.4434E+03  3.4432E+03
1.9804E-04  3.4400E+03  3.4398E+03
1.9813E-04  3.4366E+03  3.4364E+03
1.9823E-04  3.4331E+03  3.4329E+03
1.9832E-04  3.4297E+03  3.4295E+03
1.9842E-04  3.4263E+03  3.4261E+03
1.9851E-04  3.4229E+03  3.4227E+03
1.9860E-04  3.4195E+03  3.4193E+03
1.9870E-04  3.4161E+03  3.4159E+03
1.9879E-04  3.4129E+03  3.4127E+03
1.9889E-04  3.4097E+03  3.4095E+03
1.9898E-04  3.4065E+03  3.4063E+03
1.9908E-04  3.4033E+03  3.4031E+03
1.9917E-04  3.4001E+03  3.3999E+03
1.9927E-04  3.3969E+03  3.3967E+03
1.9936E-04  3.3938E+03  3.3936E+03
1.9946E-04  3.3906E+03  3.3904E+03
1.9955E-04  3.3874E+03  3.3872E+03
1.9964E-04  3.3842E+03  3.3840E+03
1.9974E-04  3.3811E+03  3.3809E+03
1.9983E-04  3.3779E+03  3.3777E+03
1.9993E-04  3.3747E+03  3.3745E+03
2.0002E-04  3.3716E+03  3.3714E+03
2.0012E-04  3.3684E+03  3.3682E+03
2.0022E-04  3.3653E+03  3.3651E+03
2.0031E-04  3.3621E+03  3.3619E+03
2.0041E-04  3.3590E+03  3.3588E+03
2.0050E-04  3.3558E+03  3.3556E+03
2.0060E-04  3.3528E+03  3.3526E+03
2.0069E-04  3.3500E+03  3.3498E+03
2.0079E-04  3.3473E+03  3.3471E+03
2.0088E-04  3.3445E+03  3.3443E+03
2.0098E-04  3.3418E+03  3.3416E+03
2.0107E-04  3.3391E+03  3.3389E+03
2.0117E-04  3.3364E+03  3.3362E+03
2.0126E-04  3.3337E+03  3.3335E+03
2.0136E-04  3.3309E+03  3.3307E+03
2.0146E-04  3.3282E+03  3.3280E+03
2.0155E-04  3.3255E+03  3.3253E+03
2.0165E-04  3.3228E+03  3.3226E+03
2.0174E-04  3.3201E+03  3.3199E+03
2.0184E-04  3.3174E+03  3.3172E+03
2.0194E-04  3.3147E+03  3.3145E+03
2.0203E-04  3.3120E+03  3.3118E+03
2.0213E-04  3.3093E+03  3.3091E+03
2.0222E-04  3.3066E+03  3.3064E+03
2.0232E-04  3.3039E+03  3.3037E+03
2.0242E-04  3.3012E+03  3.3010E+03
2.0251E-04  3.2991E+03  3.2989E+03
2.0261E-04  3.2973E+03  3.2971E+03
2.0270E-04  3.2955E+03  3.2953E+03
2.0280E-04  3.2938E+03  3.2936E+03
2.0290E-04  3.2920E+03  3.2918E+03
2.0299E-04  3.2902E+03  3.2900E+03
2.0309E-04  3.2885E+03  3.2883E+03
2.0319E-04  3.2867E+03  3.2865E+03
2.0328E-04  3.2849E+03  3.2847E+03