Number of T =   1  Number of rho =   1  Number of materials =   9
TOPS results for  phW07T0         on Sep 19, 2026
Opacities in cm**2/gm, T in keV, density in gm/cc
Normalized composition for requested elements
No. Fraction Mass Fraction  At. No.  Chem. Sym.  Mat ID.
9.7044E-01   8.8941E-01      1         H         4525
2.9297E-02   1.0664E-01      2         He        4675
2.4325E-06   2.6953E-05      6         C         4387
1.1017E-04   1.4030E-03      7         N         4005
8.3156E-05   1.2116E-03      8         O         4105
2.5313E-09   4.3732E-08      9         F         4405
2.2228E-05   4.0413E-04     10         Ne        4145
4.1339E-05   9.0165E-04     12         Mg        4682
2.1699E-07   7.8856E-06     20         Ca        2302
Temperature grid used the following   1 points
1.5000E-03
Density grid used the following   1 points
1.9163E-09
Photon grid used the following 999 points
8.4514E-04  8.4554E-04  8.4594E-04  8.4634E-04  8.4674E-04  8.4715E-04
8.4755E-04  8.4795E-04  8.4836E-04  8.4876E-04  8.4916E-04  8.4957E-04
8.4997E-04  8.5037E-04  8.5078E-04  8.5118E-04  8.5159E-04  8.5199E-04
8.5240E-04  8.5280E-04  8.5321E-04  8.5361E-04  8.5402E-04  8.5443E-04
8.5483E-04  8.5524E-04  8.5565E-04  8.5605E-04  8.5646E-04  8.5687E-04
8.5727E-04  8.5768E-04  8.5809E-04  8.5850E-04  8.5890E-04  8.5931E-04
8.5972E-04  8.6013E-04  8.6054E-04  8.6095E-04  8.6136E-04  8.6177E-04
8.6218E-04  8.6259E-04  8.6300E-04  8.6341E-04  8.6382E-04  8.6423E-04
8.6464E-04  8.6505E-04  8.6546E-04  8.6587E-04  8.6628E-04  8.6670E-04
8.6711E-04  8.6752E-04  8.6793E-04  8.6835E-04  8.6876E-04  8.6917E-04
8.6958E-04  8.7000E-04  8.7041E-04  8.7083E-04  8.7124E-04  8.7165E-04
8.7207E-04  8.7248E-04  8.7290E-04  8.7331E-04  8.7373E-04  8.7414E-04
8.7456E-04  8.7497E-04  8.7539E-04  8.7581E-04  8.7622E-04  8.7664E-04
8.7706E-04  8.7747E-04  8.7789E-04  8.7831E-04  8.7872E-04  8.7914E-04
8.7956E-04  8.7998E-04  8.8040E-04  8.8082E-04  8.8123E-04  8.8165E-04
8.8207E-04  8.8249E-04  8.8291E-04  8.8333E-04  8.8375E-04  8.8417E-04
8.8459E-04  8.8501E-04  8.8543E-04  8.8585E-04  8.8627E-04  8.8670E-04
8.8712E-04  8.8754E-04  8.8796E-04  8.8838E-04  8.8881E-04  8.8923E-04
8.8965E-04  8.9007E-04  8.9050E-04  8.9092E-04  8.9134E-04  8.9177E-04
8.9219E-04  8.9262E-04  8.9304E-04  8.9346E-04  8.9389E-04  8.9431E-04
8.9474E-04  8.9516E-04  8.9559E-04  8.9602E-04  8.9644E-04  8.9687E-04
8.9729E-04  8.9772E-04  8.9815E-04  8.9857E-04  8.9900E-04  8.9943E-04
8.9986E-04  9.0028E-04  9.0071E-04  9.0114E-04  9.0157E-04  9.0200E-04
9.0243E-04  9.0286E-04  9.0328E-04  9.0371E-04  9.0414E-04  9.0457E-04
9.0500E-04  9.0543E-04  9.0586E-04  9.0629E-04  9.0673E-04  9.0716E-04
9.0759E-04  9.0802E-04  9.0845E-04  9.0888E-04  9.0932E-04  9.0975E-04
9.1018E-04  9.1061E-04  9.1105E-04  9.1148E-04  9.1191E-04  9.1235E-04
9.1278E-04  9.1321E-04  9.1365E-04  9.1408E-04  9.1452E-04  9.1495E-04
9.1539E-04  9.1582E-04  9.1626E-04  9.1669E-04  9.1713E-04  9.1756E-04
9.1800E-04  9.1844E-04  9.1887E-04  9.1931E-04  9.1975E-04  9.2018E-04
9.2062E-04  9.2106E-04  9.2150E-04  9.2194E-04  9.2237E-04  9.2281E-04
9.2325E-04  9.2369E-04  9.2413E-04  9.2457E-04  9.2501E-04  9.2545E-04
9.2589E-04  9.2633E-04  9.2677E-04  9.2721E-04  9.2765E-04  9.2809E-04
9.2853E-04  9.2897E-04  9.2941E-04  9.2986E-04  9.3030E-04  9.3074E-04
9.3118E-04  9.3163E-04  9.3207E-04  9.3251E-04  9.3296E-04  9.3340E-04
9.3384E-04  9.3429E-04  9.3473E-04  9.3517E-04  9.3562E-04  9.3606E-04
9.3651E-04  9.3695E-04  9.3740E-04  9.3785E-04  9.3829E-04  9.3874E-04
9.3918E-04  9.3963E-04  9.4008E-04  9.4052E-04  9.4097E-04  9.4142E-04
9.4187E-04  9.4231E-04  9.4276E-04  9.4321E-04  9.4366E-04  9.4411E-04
9.4456E-04  9.4500E-04  9.4545E-04  9.4590E-04  9.4635E-04  9.4680E-04
9.4725E-04  9.4770E-04  9.4815E-04  9.4860E-04  9.4906E-04  9.4951E-04
9.4996E-04  9.5041E-04  9.5086E-04  9.5131E-04  9.5177E-04  9.5222E-04
9.5267E-04  9.5312E-04  9.5358E-04  9.5403E-04  9.5448E-04  9.5494E-04
9.5539E-04  9.5585E-04  9.5630E-04  9.5675E-04  9.5721E-04  9.5766E-04
9.5812E-04  9.5858E-04  9.5903E-04  9.5949E-04  9.5994E-04  9.6040E-04
9.6086E-04  9.6131E-04  9.6177E-04  9.6223E-04  9.6268E-04  9.6314E-04
9.6360E-04  9.6406E-04  9.6452E-04  9.6497E-04  9.6543E-04  9.6589E-04
9.6635E-04  9.6681E-04  9.6727E-04  9.6773E-04  9.6819E-04  9.6865E-04
9.6911E-04  9.6957E-04  9.7003E-04  9.7049E-04  9.7096E-04  9.7142E-04
9.7188E-04  9.7234E-04  9.7280E-04  9.7327E-04  9.7373E-04  9.7419E-04
9.7465E-04  9.7512E-04  9.7558E-04  9.7605E-04  9.7651E-04  9.7697E-04
9.7744E-04  9.7790E-04  9.7837E-04  9.7883E-04  9.7930E-04  9.7976E-04
9.8023E-04  9.8070E-04  9.8116E-04  9.8163E-04  9.8209E-04  9.8256E-04
9.8303E-04  9.8350E-04  9.8396E-04  9.8443E-04  9.8490E-04  9.8537E-04
9.8584E-04  9.8630E-04  9.8677E-04  9.8724E-04  9.8771E-04  9.8818E-04
9.8865E-04  9.8912E-04  9.8959E-04  9.9006E-04  9.9053E-04  9.9100E-04
9.9147E-04  9.9195E-04  9.9242E-04  9.9289E-04  9.9336E-04  9.9383E-04
9.9431E-04  9.9478E-04  9.9525E-04  9.9572E-04  9.9620E-04  9.9667E-04
9.9715E-04  9.9762E-04  9.9809E-04  9.9857E-04  9.9904E-04  9.9952E-04
9.9999E-04  1.0005E-03  1.0009E-03  1.0014E-03  1.0019E-03  1.0024E-03
1.0028E-03  1.0033E-03  1.0038E-03  1.0043E-03  1.0048E-03  1.0052E-03
1.0057E-03  1.0062E-03  1.0067E-03  1.0071E-03  1.0076E-03  1.0081E-03
1.0086E-03  1.0091E-03  1.0095E-03  1.0100E-03  1.0105E-03  1.0110E-03
1.0115E-03  1.0119E-03  1.0124E-03  1.0129E-03  1.0134E-03  1.0139E-03
1.0144E-03  1.0148E-03  1.0153E-03  1.0158E-03  1.0163E-03  1.0168E-03
1.0173E-03  1.0177E-03  1.0182E-03  1.0187E-03  1.0192E-03  1.0197E-03
1.0202E-03  1.0206E-03  1.0211E-03  1.0216E-03  1.0221E-03  1.0226E-03
1.0231E-03  1.0236E-03  1.0240E-03  1.0245E-03  1.0250E-03  1.0255E-03
1.0260E-03  1.0265E-03  1.0270E-03  1.0275E-03  1.0279E-03  1.0284E-03
1.0289E-03  1.0294E-03  1.0299E-03  1.0304E-03  1.0309E-03  1.0314E-03
1.0319E-03  1.0323E-03  1.0328E-03  1.0333E-03  1.0338E-03  1.0343E-03
1.0348E-03  1.0353E-03  1.0358E-03  1.0363E-03  1.0368E-03  1.0373E-03
1.0378E-03  1.0383E-03  1.0387E-03  1.0392E-03  1.0397E-03  1.0402E-03
1.0407E-03  1.0412E-03  1.0417E-03  1.0422E-03  1.0427E-03  1.0432E-03
1.0437E-03  1.0442E-03  1.0447E-03  1.0452E-03  1.0457E-03  1.0462E-03
1.0467E-03  1.0472E-03  1.0477E-03  1.0482E-03  1.0487E-03  1.0492E-03
1.0497E-03  1.0502E-03  1.0507E-03  1.0512E-03  1.0517E-03  1.0522E-03
1.0527E-03  1.0532E-03  1.0537E-03  1.0542E-03  1.0547E-03  1.0552E-03
1.0557E-03  1.0562E-03  1.0567E-03  1.0572E-03  1.0577E-03  1.0582E-03
1.0587E-03  1.0592E-03  1.0597E-03  1.0602E-03  1.0607E-03  1.0612E-03
1.0617E-03  1.0622E-03  1.0627E-03  1.0632E-03  1.0637E-03  1.0642E-03
1.0647E-03  1.0652E-03  1.0658E-03  1.0663E-03  1.0668E-03  1.0673E-03
1.0678E-03  1.0683E-03  1.0688E-03  1.0693E-03  1.0698E-03  1.0703E-03
1.0708E-03  1.0713E-03  1.0718E-03  1.0724E-03  1.0729E-03  1.0734E-03
1.0739E-03  1.0744E-03  1.0749E-03  1.0754E-03  1.0759E-03  1.0764E-03
1.0770E-03  1.0775E-03  1.0780E-03  1.0785E-03  1.0790E-03  1.0795E-03
1.0800E-03  1.0805E-03  1.0811E-03  1.0816E-03  1.0821E-03  1.0826E-03
1.0831E-03  1.0836E-03  1.0841E-03  1.0847E-03  1.0852E-03  1.0857E-03
1.0862E-03  1.0867E-03  1.0872E-03  1.0878E-03  1.0883E-03  1.0888E-03
1.0893E-03  1.0898E-03  1.0903E-03  1.0909E-03  1.0914E-03  1.0919E-03
1.0924E-03  1.0929E-03  1.0935E-03  1.0940E-03  1.0945E-03  1.0950E-03
1.0955E-03  1.0961E-03  1.0966E-03  1.0971E-03  1.0976E-03  1.0981E-03
1.0987E-03  1.0992E-03  1.0997E-03  1.1002E-03  1.1008E-03  1.1013E-03
1.1018E-03  1.1023E-03  1.1029E-03  1.1034E-03  1.1039E-03  1.1044E-03
1.1050E-03  1.1055E-03  1.1060E-03  1.1065E-03  1.1071E-03  1.1076E-03
1.1081E-03  1.1086E-03  1.1092E-03  1.1097E-03  1.1102E-03  1.1107E-03
1.1113E-03  1.1118E-03  1.1123E-03  1.1129E-03  1.1134E-03  1.1139E-03
1.1144E-03  1.1150E-03  1.1155E-03  1.1160E-03  1.1166E-03  1.1171E-03
1.1176E-03  1.1182E-03  1.1187E-03  1.1192E-03  1.1198E-03  1.1203E-03
1.1208E-03  1.1214E-03  1.1219E-03  1.1224E-03  1.1230E-03  1.1235E-03
1.1240E-03  1.1246E-03  1.1251E-03  1.1256E-03  1.1262E-03  1.1267E-03
1.1272E-03  1.1278E-03  1.1283E-03  1.1288E-03  1.1294E-03  1.1299E-03
1.1305E-03  1.1310E-03  1.1315E-03  1.1321E-03  1.1326E-03  1.1331E-03
1.1337E-03  1.1342E-03  1.1348E-03  1.1353E-03  1.1358E-03  1.1364E-03
1.1369E-03  1.1375E-03  1.1380E-03  1.1385E-03  1.1391E-03  1.1396E-03
1.1402E-03  1.1407E-03  1.1412E-03  1.1418E-03  1.1423E-03  1.1429E-03
1.1434E-03  1.1440E-03  1.1445E-03  1.1451E-03  1.1456E-03  1.1461E-03
1.1467E-03  1.1472E-03  1.1478E-03  1.1483E-03  1.1489E-03  1.1494E-03
1.1500E-03  1.1505E-03  1.1511E-03  1.1516E-03  1.1521E-03  1.1527E-03
1.1532E-03  1.1538E-03  1.1543E-03  1.1549E-03  1.1554E-03  1.1560E-03
1.1565E-03  1.1571E-03  1.1576E-03  1.1582E-03  1.1587E-03  1.1593E-03
1.1598E-03  1.1604E-03  1.1609E-03  1.1615E-03  1.1620E-03  1.1626E-03
1.1632E-03  1.1637E-03  1.1643E-03  1.1648E-03  1.1654E-03  1.1659E-03
1.1665E-03  1.1670E-03  1.1676E-03  1.1681E-03  1.1687E-03  1.1692E-03
1.1698E-03  1.1704E-03  1.1709E-03  1.1715E-03  1.1720E-03  1.1726E-03
1.1731E-03  1.1737E-03  1.1743E-03  1.1748E-03  1.1754E-03  1.1759E-03
1.1765E-03  1.1771E-03  1.1776E-03  1.1782E-03  1.1787E-03  1.1793E-03
1.1799E-03  1.1804E-03  1.1810E-03  1.1815E-03  1.1821E-03  1.1827E-03
1.1832E-03  1.1838E-03  1.1843E-03  1.1849E-03  1.1855E-03  1.1860E-03
1.1866E-03  1.1872E-03  1.1877E-03  1.1883E-03  1.1889E-03  1.1894E-03
1.1900E-03  1.1906E-03  1.1911E-03  1.1917E-03  1.1923E-03  1.1928E-03
1.1934E-03  1.1940E-03  1.1945E-03  1.1951E-03  1.1957E-03  1.1962E-03
1.1968E-03  1.1974E-03  1.1979E-03  1.1985E-03  1.1991E-03  1.1996E-03
1.2002E-03  1.2008E-03  1.2014E-03  1.2019E-03  1.2025E-03  1.2031E-03
1.2036E-03  1.2042E-03  1.2048E-03  1.2054E-03  1.2059E-03  1.2065E-03
1.2071E-03  1.2077E-03  1.2082E-03  1.2088E-03  1.2094E-03  1.2100E-03
1.2105E-03  1.2111E-03  1.2117E-03  1.2123E-03  1.2128E-03  1.2134E-03
1.2140E-03  1.2146E-03  1.2151E-03  1.2157E-03  1.2163E-03  1.2169E-03
1.2175E-03  1.2180E-03  1.2186E-03  1.2192E-03  1.2198E-03  1.2203E-03
1.2209E-03  1.2215E-03  1.2221E-03  1.2227E-03  1.2233E-03  1.2238E-03
1.2244E-03  1.2250E-03  1.2256E-03  1.2262E-03  1.2267E-03  1.2273E-03
1.2279E-03  1.2285E-03  1.2291E-03  1.2297E-03  1.2302E-03  1.2308E-03
1.2314E-03  1.2320E-03  1.2326E-03  1.2332E-03  1.2338E-03  1.2343E-03
1.2349E-03  1.2355E-03  1.2361E-03  1.2367E-03  1.2373E-03  1.2379E-03
1.2385E-03  1.2391E-03  1.2396E-03  1.2402E-03  1.2408E-03  1.2414E-03
1.2420E-03  1.2426E-03  1.2432E-03  1.2438E-03  1.2444E-03  1.2450E-03
1.2455E-03  1.2461E-03  1.2467E-03  1.2473E-03  1.2479E-03  1.2485E-03
1.2491E-03  1.2497E-03  1.2503E-03  1.2509E-03  1.2515E-03  1.2521E-03
1.2527E-03  1.2533E-03  1.2539E-03  1.2545E-03  1.2551E-03  1.2557E-03
1.2562E-03  1.2568E-03  1.2574E-03  1.2580E-03  1.2586E-03  1.2592E-03
1.2598E-03  1.2604E-03  1.2610E-03  1.2616E-03  1.2622E-03  1.2628E-03
1.2634E-03  1.2640E-03  1.2646E-03  1.2652E-03  1.2658E-03  1.2664E-03
1.2670E-03  1.2676E-03  1.2682E-03  1.2688E-03  1.2695E-03  1.2701E-03
1.2707E-03  1.2713E-03  1.2719E-03  1.2725E-03  1.2731E-03  1.2737E-03
1.2743E-03  1.2749E-03  1.2755E-03  1.2761E-03  1.2767E-03  1.2773E-03
1.2779E-03  1.2785E-03  1.2791E-03  1.2798E-03  1.2804E-03  1.2810E-03
1.2816E-03  1.2822E-03  1.2828E-03  1.2834E-03  1.2840E-03  1.2846E-03
1.2852E-03  1.2858E-03  1.2865E-03  1.2871E-03  1.2877E-03  1.2883E-03
1.2889E-03  1.2895E-03  1.2901E-03  1.2907E-03  1.2914E-03  1.2920E-03
1.2926E-03  1.2932E-03  1.2938E-03  1.2944E-03  1.2950E-03  1.2957E-03
1.2963E-03  1.2969E-03  1.2975E-03  1.2981E-03  1.2987E-03  1.2994E-03
1.3000E-03  1.3006E-03  1.3012E-03  1.3018E-03  1.3025E-03  1.3031E-03
1.3037E-03  1.3043E-03  1.3049E-03  1.3056E-03  1.3062E-03  1.3068E-03
1.3074E-03  1.3080E-03  1.3087E-03  1.3093E-03  1.3099E-03  1.3105E-03
1.3111E-03  1.3118E-03  1.3124E-03  1.3130E-03  1.3136E-03  1.3143E-03
1.3149E-03  1.3155E-03  1.3161E-03  1.3168E-03  1.3174E-03  1.3180E-03
1.3186E-03  1.3193E-03  1.3199E-03  1.3205E-03  1.3212E-03  1.3218E-03
1.3224E-03  1.3230E-03  1.3237E-03  1.3243E-03  1.3249E-03  1.3256E-03
1.3262E-03  1.3268E-03  1.3275E-03  1.3281E-03  1.3287E-03  1.3293E-03
1.3300E-03  1.3306E-03  1.3312E-03  1.3319E-03  1.3325E-03  1.3331E-03
1.3338E-03  1.3344E-03  1.3350E-03  1.3357E-03  1.3363E-03  1.3369E-03
1.3376E-03  1.3382E-03  1.3389E-03  1.3395E-03  1.3401E-03  1.3408E-03
1.3414E-03  1.3420E-03  1.3427E-03  1.3433E-03  1.3440E-03  1.3446E-03
1.3452E-03  1.3459E-03  1.3465E-03  1.3472E-03  1.3478E-03  1.3484E-03
1.3491E-03  1.3497E-03  1.3504E-03  1.3510E-03  1.3516E-03  1.3523E-03
1.3529E-03  1.3536E-03  1.3542E-03  1.3549E-03  1.3555E-03  1.3561E-03
1.3568E-03  1.3574E-03  1.3581E-03
Rosseland and Planck opacities and free electrons
Density     Ross opa    Planck opa  No. Free    Av Sq Free  T=  1.5000E-03
1.9163E-09  9.1378E+00  1.1273E+03  9.8847E-01  9.8856E-01
Multigroup opacities
Energy      Ross mg     Planck mg    for T, density =   1.5000E-03  1.9163E-09
8.4514E-04  1.8919E+02  1.8889E+02
8.4554E-04  1.8895E+02  1.8865E+02
8.4594E-04  1.8873E+02  1.8843E+02
8.4634E-04  1.8850E+02  1.8820E+02
8.4674E-04  1.8828E+02  1.8798E+02
8.4715E-04  1.8805E+02  1.8775E+02
8.4755E-04  1.8783E+02  1.8753E+02
8.4795E-04  1.8761E+02  1.8731E+02
8.4836E-04  1.8739E+02  1.8709E+02
8.4876E-04  1.8717E+02  1.8687E+02
8.4916E-04  1.8695E+02  1.8665E+02
8.4957E-04  1.8673E+02  1.8643E+02
8.4997E-04  1.8651E+02  1.8621E+02
8.5037E-04  1.8629E+02  1.8599E+02
8.5078E-04  1.8607E+02  1.8577E+02
8.5118E-04  1.8586E+02  1.8556E+02
8.5159E-04  1.8565E+02  1.8535E+02
8.5199E-04  1.8543E+02  1.8514E+02
8.5240E-04  1.8522E+02  1.8492E+02
8.5280E-04  1.8501E+02  1.8471E+02
8.5321E-04  1.8480E+02  1.8450E+02
8.5361E-04  1.8458E+02  1.8428E+02
8.5402E-04  1.8436E+02  1.8406E+02
8.5443E-04  1.8414E+02  1.8384E+02
8.5483E-04  1.8392E+02  1.8362E+02
8.5524E-04  1.8371E+02  1.8341E+02
8.5565E-04  1.8350E+02  1.8320E+02
8.5605E-04  1.8329E+02  1.8299E+02
8.5646E-04  1.8308E+02  1.8278E+02
8.5687E-04  1.8287E+02  1.8257E+02
8.5727E-04  1.8266E+02  1.8236E+02
8.5768E-04  1.8245E+02  1.8215E+02
8.5809E-04  1.8224E+02  1.8194E+02
8.5850E-04  1.8203E+02  1.8173E+02
8.5890E-04  1.8182E+02  1.8152E+02
8.5931E-04  1.8161E+02  1.8131E+02
8.5972E-04  1.8141E+02  1.8111E+02
8.6013E-04  1.8120E+02  1.8090E+02
8.6054E-04  1.8100E+02  1.8070E+02
8.6095E-04  1.8080E+02  1.8050E+02
8.6136E-04  1.8060E+02  1.8030E+02
8.6177E-04  1.8040E+02  1.8010E+02
8.6218E-04  1.8021E+02  1.7991E+02
8.6259E-04  1.8002E+02  1.7972E+02
8.6300E-04  1.7985E+02  1.7955E+02
8.6341E-04  1.7967E+02  1.7937E+02
8.6382E-04  1.7950E+02  1.7920E+02
8.6423E-04  1.7931E+02  1.7901E+02
8.6464E-04  1.7908E+02  1.7878E+02
8.6505E-04  1.7885E+02  1.7855E+02
8.6546E-04  1.7861E+02  1.7831E+02
8.6587E-04  1.7838E+02  1.7808E+02
8.6628E-04  1.7816E+02  1.7786E+02
8.6670E-04  1.7795E+02  1.7765E+02
8.6711E-04  1.7775E+02  1.7745E+02
8.6752E-04  1.7754E+02  1.7724E+02
8.6793E-04  1.7733E+02  1.7703E+02
8.6835E-04  1.7713E+02  1.7683E+02
8.6876E-04  1.7693E+02  1.7663E+02
8.6917E-04  1.7673E+02  1.7643E+02
8.6958E-04  1.7653E+02  1.7622E+02
8.7000E-04  1.7632E+02  1.7602E+02
8.7041E-04  1.7613E+02  1.7583E+02
8.7083E-04  1.7593E+02  1.7563E+02
8.7124E-04  1.7573E+02  1.7543E+02
8.7165E-04  1.7553E+02  1.7523E+02
8.7207E-04  1.7534E+02  1.7504E+02
8.7248E-04  1.7515E+02  1.7485E+02
8.7290E-04  1.7496E+02  1.7466E+02
8.7331E-04  1.7477E+02  1.7447E+02
8.7373E-04  1.7458E+02  1.7427E+02
8.7414E-04  1.7439E+02  1.7408E+02
8.7456E-04  1.7419E+02  1.7389E+02
8.7497E-04  1.7400E+02  1.7370E+02
8.7539E-04  1.7381E+02  1.7351E+02
8.7581E-04  1.7361E+02  1.7331E+02
8.7622E-04  1.7341E+02  1.7311E+02
8.7664E-04  1.7321E+02  1.7290E+02
8.7706E-04  1.7300E+02  1.7270E+02
8.7747E-04  1.7281E+02  1.7250E+02
8.7789E-04  1.7261E+02  1.7231E+02
8.7831E-04  1.7242E+02  1.7212E+02
8.7872E-04  1.7223E+02  1.7193E+02
8.7914E-04  1.7204E+02  1.7174E+02
8.7956E-04  1.7185E+02  1.7155E+02
8.7998E-04  1.7167E+02  1.7136E+02
8.8040E-04  1.7148E+02  1.7118E+02
8.8082E-04  1.7129E+02  1.7099E+02
8.8123E-04  1.7110E+02  1.7080E+02
8.8165E-04  1.7091E+02  1.7061E+02
8.8207E-04  1.7072E+02  1.7042E+02
8.8249E-04  1.7053E+02  1.7023E+02
8.8291E-04  1.7035E+02  1.7004E+02
8.8333E-04  1.7016E+02  1.6986E+02
8.8375E-04  1.6997E+02  1.6967E+02
8.8417E-04  1.6979E+02  1.6949E+02
8.8459E-04  1.6960E+02  1.6930E+02
8.8501E-04  1.6942E+02  1.6912E+02
8.8543E-04  1.6923E+02  1.6893E+02
8.8585E-04  1.6905E+02  1.6875E+02
8.8627E-04  1.6886E+02  1.6856E+02
8.8670E-04  1.6868E+02  1.6838E+02
8.8712E-04  1.6850E+02  1.6819E+02
8.8754E-04  1.6831E+02  1.6801E+02
8.8796E-04  1.6813E+02  1.6783E+02
8.8838E-04  1.6795E+02  1.6764E+02
8.8881E-04  1.6777E+02  1.6746E+02
8.8923E-04  1.6759E+02  1.6728E+02
8.8965E-04  1.6741E+02  1.6710E+02
8.9007E-04  1.6723E+02  1.6692E+02
8.9050E-04  1.6705E+02  1.6674E+02
8.9092E-04  1.6686E+02  1.6656E+02
8.9134E-04  1.6668E+02  1.6638E+02
8.9177E-04  1.6650E+02  1.6620E+02
8.9219E-04  1.6632E+02  1.6602E+02
8.9262E-04  1.6614E+02  1.6584E+02
8.9304E-04  1.6597E+02  1.6566E+02
8.9346E-04  1.6579E+02  1.6549E+02
8.9389E-04  1.6561E+02  1.6531E+02
8.9431E-04  1.6544E+02  1.6513E+02
8.9474E-04  1.6526E+02  1.6496E+02
8.9516E-04  1.6509E+02  1.6479E+02
8.9559E-04  1.6491E+02  1.6461E+02
8.9602E-04  1.6474E+02  1.6444E+02
8.9644E-04  1.6456E+02  1.6426E+02
8.9687E-04  1.6438E+02  1.6408E+02
8.9729E-04  1.6421E+02  1.6390E+02
8.9772E-04  1.6403E+02  1.6372E+02
8.9815E-04  1.6385E+02  1.6355E+02
8.9857E-04  1.6368E+02  1.6337E+02
8.9900E-04  1.6350E+02  1.6320E+02
8.9943E-04  1.6333E+02  1.6302E+02
8.9986E-04  1.6315E+02  1.6285E+02
9.0028E-04  1.6298E+02  1.6268E+02
9.0071E-04  1.6281E+02  1.6250E+02
9.0114E-04  1.6263E+02  1.6233E+02
9.0157E-04  1.6246E+02  1.6216E+02
9.0200E-04  1.6229E+02  1.6199E+02
9.0243E-04  1.6212E+02  1.6182E+02
9.0286E-04  1.6196E+02  1.6165E+02
9.0328E-04  1.6179E+02  1.6149E+02
9.0371E-04  1.6162E+02  1.6132E+02
9.0414E-04  1.6145E+02  1.6115E+02
9.0457E-04  1.6128E+02  1.6097E+02
9.0500E-04  1.6110E+02  1.6080E+02
9.0543E-04  1.6094E+02  1.6063E+02
9.0586E-04  1.6080E+02  1.6050E+02
9.0629E-04  1.6067E+02  1.6037E+02
9.0673E-04  1.6054E+02  1.6024E+02
9.0716E-04  1.6041E+02  1.6011E+02
9.0759E-04  1.6023E+02  1.5993E+02
9.0802E-04  1.6003E+02  1.5972E+02
9.0845E-04  1.5982E+02  1.5952E+02
9.0888E-04  1.5962E+02  1.5931E+02
9.0932E-04  1.5942E+02  1.5912E+02
9.0975E-04  1.5926E+02  1.5895E+02
9.1018E-04  1.5909E+02  1.5879E+02
9.1061E-04  1.5892E+02  1.5862E+02
9.1105E-04  1.5876E+02  1.5846E+02
9.1148E-04  1.5860E+02  1.5830E+02
9.1191E-04  1.5844E+02  1.5814E+02
9.1235E-04  1.5828E+02  1.5798E+02
9.1278E-04  1.5812E+02  1.5782E+02
9.1321E-04  1.5796E+02  1.5766E+02
9.1365E-04  1.5779E+02  1.5749E+02
9.1408E-04  1.5762E+02  1.5732E+02
9.1452E-04  1.5746E+02  1.5715E+02
9.1495E-04  1.5729E+02  1.5699E+02
9.1539E-04  1.5713E+02  1.5682E+02
9.1582E-04  1.5697E+02  1.5666E+02
9.1626E-04  1.5681E+02  1.5650E+02
9.1669E-04  1.5664E+02  1.5634E+02
9.1713E-04  1.5648E+02  1.5618E+02
9.1756E-04  1.5632E+02  1.5602E+02
9.1800E-04  1.5616E+02  1.5586E+02
9.1844E-04  1.5601E+02  1.5570E+02
9.1887E-04  1.5585E+02  1.5554E+02
9.1931E-04  1.5569E+02  1.5539E+02
9.1975E-04  1.5553E+02  1.5523E+02
9.2018E-04  1.5538E+02  1.5507E+02
9.2062E-04  1.5522E+02  1.5492E+02
9.2106E-04  1.5506E+02  1.5476E+02
9.2150E-04  1.5491E+02  1.5460E+02
9.2194E-04  1.5475E+02  1.5445E+02
9.2237E-04  1.5459E+02  1.5429E+02
9.2281E-04  1.5444E+02  1.5414E+02
9.2325E-04  1.5429E+02  1.5398E+02
9.2369E-04  1.5413E+02  1.5383E+02
9.2413E-04  1.5398E+02  1.5368E+02
9.2457E-04  1.5383E+02  1.5353E+02
9.2501E-04  1.5368E+02  1.5338E+02
9.2545E-04  1.5353E+02  1.5323E+02
9.2589E-04  1.5338E+02  1.5308E+02
9.2633E-04  1.5323E+02  1.5293E+02
9.2677E-04  1.5308E+02  1.5278E+02
9.2721E-04  1.5293E+02  1.5262E+02
9.2765E-04  1.5278E+02  1.5247E+02
9.2809E-04  1.5263E+02  1.5232E+02
9.2853E-04  1.5248E+02  1.5217E+02
9.2897E-04  1.5233E+02  1.5203E+02
9.2941E-04  1.5218E+02  1.5188E+02
9.2986E-04  1.5204E+02  1.5173E+02
9.3030E-04  1.5190E+02  1.5159E+02
9.3074E-04  1.5175E+02  1.5145E+02
9.3118E-04  1.5161E+02  1.5130E+02
9.3163E-04  1.5147E+02  1.5116E+02
9.3207E-04  1.5133E+02  1.5102E+02
9.3251E-04  1.5119E+02  1.5088E+02
9.3296E-04  1.5105E+02  1.5075E+02
9.3340E-04  1.5091E+02  1.5061E+02
9.3384E-04  1.5078E+02  1.5047E+02
9.3429E-04  1.5064E+02  1.5033E+02
9.3473E-04  1.5050E+02  1.5020E+02
9.3517E-04  1.5037E+02  1.5006E+02
9.3562E-04  1.5023E+02  1.4993E+02
9.3606E-04  1.5010E+02  1.4980E+02
9.3651E-04  1.4997E+02  1.4967E+02
9.3695E-04  1.4984E+02  1.4954E+02
9.3740E-04  1.4972E+02  1.4941E+02
9.3785E-04  1.4959E+02  1.4929E+02
9.3829E-04  1.4947E+02  1.4916E+02
9.3874E-04  1.4935E+02  1.4904E+02
9.3918E-04  1.4923E+02  1.4892E+02
9.3963E-04  1.4911E+02  1.4881E+02
9.4008E-04  1.4900E+02  1.4869E+02
9.4052E-04  1.4888E+02  1.4858E+02
9.4097E-04  1.4877E+02  1.4846E+02
9.4142E-04  1.4866E+02  1.4836E+02
9.4187E-04  1.4856E+02  1.4826E+02
9.4231E-04  1.4846E+02  1.4815E+02
9.4276E-04  1.4836E+02  1.4805E+02
9.4321E-04  1.4826E+02  1.4796E+02
9.4366E-04  1.4818E+02  1.4787E+02
9.4411E-04  1.4809E+02  1.4778E+02
9.4456E-04  1.4800E+02  1.4769E+02
9.4500E-04  1.4792E+02  1.4762E+02
9.4545E-04  1.4786E+02  1.4755E+02
9.4590E-04  1.4779E+02  1.4748E+02
9.4635E-04  1.4772E+02  1.4742E+02
9.4680E-04  1.4767E+02  1.4736E+02
9.4725E-04  1.4764E+02  1.4734E+02
9.4770E-04  1.4761E+02  1.4731E+02
9.4815E-04  1.4758E+02  1.4728E+02
9.4860E-04  1.4761E+02  1.4731E+02
9.4906E-04  1.4783E+02  1.4752E+02
9.4951E-04  1.4805E+02  1.4775E+02
9.4996E-04  1.4828E+02  1.4797E+02
9.5041E-04  1.4846E+02  1.4815E+02
9.5086E-04  1.4836E+02  1.4805E+02
9.5131E-04  1.4822E+02  1.4792E+02
9.5177E-04  1.4809E+02  1.4778E+02
9.5222E-04  1.4797E+02  1.4766E+02
9.5267E-04  1.4806E+02  1.4775E+02
9.5312E-04  1.4820E+02  1.4790E+02
9.5358E-04  1.4835E+02  1.4804E+02
9.5403E-04  1.4850E+02  1.4819E+02
9.5448E-04  1.4881E+02  1.4850E+02
9.5494E-04  1.4918E+02  1.4887E+02
9.5539E-04  1.4955E+02  1.4925E+02
9.5585E-04  1.4993E+02  1.4962E+02
9.5630E-04  1.5054E+02  1.5023E+02
9.5675E-04  1.5129E+02  1.5099E+02
9.5721E-04  1.5205E+02  1.5174E+02
9.5766E-04  1.5280E+02  1.5249E+02
9.5812E-04  1.5380E+02  1.5350E+02
9.5858E-04  1.5507E+02  1.5476E+02
9.5903E-04  1.5633E+02  1.5603E+02
9.5949E-04  1.5759E+02  1.5729E+02
9.5994E-04  1.5957E+02  1.5928E+02
9.6040E-04  1.6271E+02  1.6242E+02
9.6086E-04  1.6587E+02  1.6558E+02
9.6131E-04  1.6902E+02  1.6873E+02
9.6177E-04  1.7394E+02  1.7370E+02
9.6223E-04  1.8303E+02  1.8284E+02
9.6268E-04  1.9233E+02  1.9213E+02
9.6314E-04  2.0160E+02  2.0140E+02
9.6360E-04  2.1906E+02  2.1990E+02
9.6406E-04  2.6574E+02  2.6776E+02
9.6452E-04  3.1608E+02  3.1773E+02
9.6497E-04  3.6624E+02  3.6762E+02
9.6543E-04  5.5818E+02  1.9106E+03
9.6589E-04  8.0216E+03  9.9702E+03
9.6635E-04  1.7747E+04  1.8778E+04
9.6681E-04  2.6871E+04  2.7571E+04
9.6727E-04  3.3990E+04  3.4132E+04
9.6773E-04  2.6775E+04  2.7483E+04
9.6819E-04  1.7622E+04  1.8663E+04
9.6865E-04  7.8939E+03  9.8566E+03
9.6911E-04  5.7922E+02  1.8650E+03
9.6957E-04  3.8100E+02  3.8266E+02
9.7003E-04  3.2585E+02  3.2783E+02
9.7049E-04  2.7065E+02  2.7308E+02
9.7096E-04  2.2046E+02  2.2135E+02
9.7142E-04  2.0240E+02  2.0222E+02
9.7188E-04  1.9233E+02  1.9215E+02
9.7234E-04  1.8228E+02  1.8211E+02
9.7280E-04  1.7267E+02  1.7243E+02
9.7327E-04  1.6849E+02  1.6819E+02
9.7373E-04  1.6610E+02  1.6580E+02
9.7419E-04  1.6372E+02  1.6342E+02
9.7465E-04  1.6173E+02  1.6142E+02
9.7512E-04  1.6772E+02  1.6754E+02
9.7558E-04  1.7710E+02  1.7691E+02
9.7605E-04  1.8646E+02  1.8627E+02
9.7651E-04  1.9534E+02  1.9510E+02
9.7697E-04  1.8891E+02  1.8883E+02
9.7744E-04  1.7563E+02  1.7558E+02
9.7790E-04  1.6238E+02  1.6234E+02
9.7837E-04  1.4944E+02  1.4932E+02
9.7883E-04  1.4456E+02  1.4425E+02
9.7930E-04  1.4364E+02  1.4334E+02
9.7976E-04  1.4273E+02  1.4243E+02
9.8023E-04  1.4185E+02  1.4154E+02
9.8070E-04  1.4212E+02  1.4181E+02
9.8116E-04  1.4305E+02  1.4274E+02
9.8163E-04  1.4398E+02  1.4368E+02
9.8209E-04  1.4489E+02  1.4458E+02
9.8256E-04  1.4409E+02  1.4378E+02
9.8303E-04  1.4224E+02  1.4194E+02
9.8350E-04  1.4040E+02  1.4010E+02
9.8396E-04  1.3866E+02  1.3835E+02
9.8443E-04  1.4487E+02  1.4479E+02
9.8490E-04  1.5654E+02  1.5645E+02
9.8537E-04  1.6819E+02  1.6808E+02
9.8584E-04  1.7970E+02  1.7953E+02
9.8630E-04  1.7663E+02  1.7653E+02
9.8677E-04  1.6429E+02  1.6421E+02
9.8724E-04  1.5197E+02  1.5191E+02
9.8771E-04  1.3983E+02  1.3972E+02
9.8818E-04  1.3509E+02  1.3478E+02
9.8865E-04  1.3478E+02  1.3447E+02
9.8912E-04  1.3446E+02  1.3415E+02
9.8959E-04  1.3415E+02  1.3384E+02
9.9006E-04  1.3388E+02  1.3357E+02
9.9053E-04  1.3363E+02  1.3332E+02
9.9100E-04  1.3338E+02  1.3307E+02
9.9147E-04  1.3313E+02  1.3282E+02
9.9195E-04  1.3292E+02  1.3261E+02
9.9242E-04  1.3273E+02  1.3242E+02
9.9289E-04  1.3253E+02  1.3222E+02
9.9336E-04  1.3234E+02  1.3203E+02
9.9383E-04  1.3214E+02  1.3183E+02
9.9431E-04  1.3194E+02  1.3163E+02
9.9478E-04  1.3173E+02  1.3142E+02
9.9525E-04  1.3153E+02  1.3122E+02
9.9572E-04  1.3134E+02  1.3103E+02
9.9620E-04  1.3115E+02  1.3084E+02
9.9667E-04  1.3097E+02  1.3066E+02
9.9715E-04  1.3078E+02  1.3047E+02
9.9762E-04  1.3062E+02  1.3031E+02
9.9809E-04  1.3046E+02  1.3015E+02
9.9857E-04  1.3030E+02  1.2999E+02
9.9904E-04  1.3014E+02  1.2983E+02
9.9952E-04  1.2997E+02  1.2966E+02
9.9999E-04  1.2979E+02  1.2948E+02
1.0005E-03  1.2962E+02  1.2931E+02
1.0009E-03  1.2944E+02  1.2913E+02
1.0014E-03  1.2928E+02  1.2897E+02
1.0019E-03  1.2913E+02  1.2882E+02
1.0024E-03  1.2897E+02  1.2866E+02
1.0028E-03  1.2881E+02  1.2850E+02
1.0033E-03  1.2868E+02  1.2837E+02
1.0038E-03  1.2855E+02  1.2824E+02
1.0043E-03  1.2843E+02  1.2812E+02
1.0048E-03  1.2872E+02  1.2842E+02
1.0052E-03  1.3164E+02  1.3135E+02
1.0057E-03  1.3502E+02  1.3473E+02
1.0062E-03  1.3840E+02  1.3811E+02
1.0067E-03  1.4071E+02  1.4040E+02
1.0071E-03  1.3801E+02  1.3772E+02
1.0076E-03  1.3471E+02  1.3442E+02
1.0081E-03  1.3141E+02  1.3112E+02
1.0086E-03  1.2873E+02  1.2842E+02
1.0091E-03  1.2799E+02  1.2768E+02
1.0095E-03  1.2741E+02  1.2710E+02
1.0100E-03  1.2683E+02  1.2652E+02
1.0105E-03  1.2638E+02  1.2607E+02
1.0110E-03  1.2627E+02  1.2595E+02
1.0115E-03  1.2616E+02  1.2585E+02
1.0119E-03  1.2606E+02  1.2575E+02
1.0124E-03  1.2593E+02  1.2561E+02
1.0129E-03  1.2573E+02  1.2541E+02
1.0134E-03  1.2552E+02  1.2521E+02
1.0139E-03  1.2532E+02  1.2501E+02
1.0144E-03  1.2515E+02  1.2484E+02
1.0148E-03  1.2501E+02  1.2470E+02
1.0153E-03  1.2487E+02  1.2456E+02
1.0158E-03  1.2473E+02  1.2442E+02
1.0163E-03  1.2459E+02  1.2428E+02
1.0168E-03  1.2444E+02  1.2413E+02
1.0173E-03  1.2429E+02  1.2398E+02
1.0177E-03  1.2415E+02  1.2384E+02
1.0182E-03  1.2400E+02  1.2369E+02
1.0187E-03  1.2386E+02  1.2355E+02
1.0192E-03  1.2371E+02  1.2340E+02
1.0197E-03  1.2357E+02  1.2326E+02
1.0202E-03  1.2344E+02  1.2313E+02
1.0206E-03  1.2331E+02  1.2299E+02
1.0211E-03  1.2317E+02  1.2286E+02
1.0216E-03  1.2304E+02  1.2273E+02
1.0221E-03  1.2290E+02  1.2259E+02
1.0226E-03  1.2275E+02  1.2244E+02
1.0231E-03  1.2261E+02  1.2230E+02
1.0236E-03  1.2247E+02  1.2216E+02
1.0240E-03  1.2233E+02  1.2202E+02
1.0245E-03  1.2220E+02  1.2189E+02
1.0250E-03  1.2207E+02  1.2176E+02
1.0255E-03  1.2194E+02  1.2162E+02
1.0260E-03  1.2180E+02  1.2148E+02
1.0265E-03  1.2166E+02  1.2134E+02
1.0270E-03  1.2152E+02  1.2120E+02
1.0275E-03  1.2138E+02  1.2107E+02
1.0279E-03  1.2124E+02  1.2093E+02
1.0284E-03  1.2110E+02  1.2079E+02
1.0289E-03  1.2097E+02  1.2066E+02
1.0294E-03  1.2085E+02  1.2054E+02
1.0299E-03  1.2074E+02  1.2043E+02
1.0304E-03  1.2063E+02  1.2032E+02
1.0309E-03  1.2052E+02  1.2021E+02
1.0314E-03  1.2037E+02  1.2006E+02
1.0319E-03  1.2020E+02  1.1989E+02
1.0323E-03  1.2004E+02  1.1972E+02
1.0328E-03  1.1987E+02  1.1956E+02
1.0333E-03  1.1974E+02  1.1942E+02
1.0338E-03  1.1960E+02  1.1929E+02
1.0343E-03  1.1947E+02  1.1916E+02
1.0348E-03  1.1934E+02  1.1903E+02
1.0353E-03  1.1921E+02  1.1890E+02
1.0358E-03  1.1908E+02  1.1877E+02
1.0363E-03  1.1895E+02  1.1864E+02
1.0368E-03  1.1882E+02  1.1850E+02
1.0373E-03  1.1868E+02  1.1837E+02
1.0378E-03  1.1855E+02  1.1823E+02
1.0383E-03  1.1841E+02  1.1810E+02
1.0387E-03  1.1828E+02  1.1797E+02
1.0392E-03  1.1816E+02  1.1785E+02
1.0397E-03  1.1804E+02  1.1773E+02
1.0402E-03  1.1792E+02  1.1761E+02
1.0407E-03  1.1779E+02  1.1748E+02
1.0412E-03  1.1764E+02  1.1733E+02
1.0417E-03  1.1750E+02  1.1719E+02
1.0422E-03  1.1736E+02  1.1705E+02
1.0427E-03  1.1723E+02  1.1692E+02
1.0432E-03  1.1710E+02  1.1679E+02
1.0437E-03  1.1698E+02  1.1667E+02
1.0442E-03  1.1685E+02  1.1654E+02
1.0447E-03  1.1672E+02  1.1641E+02
1.0452E-03  1.1659E+02  1.1628E+02
1.0457E-03  1.1647E+02  1.1615E+02
1.0462E-03  1.1634E+02  1.1603E+02
1.0467E-03  1.1622E+02  1.1590E+02
1.0472E-03  1.1610E+02  1.1578E+02
1.0477E-03  1.1597E+02  1.1566E+02
1.0482E-03  1.1586E+02  1.1555E+02
1.0487E-03  1.1575E+02  1.1544E+02
1.0492E-03  1.1564E+02  1.1533E+02
1.0497E-03  1.1553E+02  1.1522E+02
1.0502E-03  1.1546E+02  1.1514E+02
1.0507E-03  1.1539E+02  1.1507E+02
1.0512E-03  1.1532E+02  1.1500E+02
1.0517E-03  1.1529E+02  1.1498E+02
1.0522E-03  1.1548E+02  1.1516E+02
1.0527E-03  1.1568E+02  1.1537E+02
1.0532E-03  1.1589E+02  1.1557E+02
1.0537E-03  1.2733E+02  1.2882E+02
1.0542E-03  1.6449E+02  1.6635E+02
1.0547E-03  2.0291E+02  2.0436E+02
1.0552E-03  2.4110E+02  2.4200E+02
1.0557E-03  2.3395E+02  2.3521E+02
1.0562E-03  1.9520E+02  1.9676E+02
1.0567E-03  1.5638E+02  1.5838E+02
1.0572E-03  1.2175E+02  1.2246E+02
1.0577E-03  1.1449E+02  1.1417E+02
1.0582E-03  1.1408E+02  1.1376E+02
1.0587E-03  1.1367E+02  1.1336E+02
1.0592E-03  1.1331E+02  1.1299E+02
1.0597E-03  1.1311E+02  1.1279E+02
1.0602E-03  1.1293E+02  1.1261E+02
1.0607E-03  1.1274E+02  1.1243E+02
1.0612E-03  1.1259E+02  1.1227E+02
1.0617E-03  1.1246E+02  1.1215E+02
1.0622E-03  1.1234E+02  1.1203E+02
1.0627E-03  1.1222E+02  1.1191E+02
1.0632E-03  1.1208E+02  1.1176E+02
1.0637E-03  1.1192E+02  1.1160E+02
1.0642E-03  1.1176E+02  1.1145E+02
1.0647E-03  1.1162E+02  1.1130E+02
1.0652E-03  1.1154E+02  1.1123E+02
1.0658E-03  1.1147E+02  1.1116E+02
1.0663E-03  1.1141E+02  1.1110E+02
1.0668E-03  1.1131E+02  1.1100E+02
1.0673E-03  1.1113E+02  1.1082E+02
1.0678E-03  1.1096E+02  1.1064E+02
1.0683E-03  1.1078E+02  1.1046E+02
1.0688E-03  1.1064E+02  1.1032E+02
1.0693E-03  1.1052E+02  1.1021E+02
1.0698E-03  1.1041E+02  1.1010E+02
1.0703E-03  1.1029E+02  1.0998E+02
1.0708E-03  1.1016E+02  1.0985E+02
1.0713E-03  1.1003E+02  1.0971E+02
1.0718E-03  1.0989E+02  1.0958E+02
1.0724E-03  1.0976E+02  1.0944E+02
1.0729E-03  1.0961E+02  1.0930E+02
1.0734E-03  1.0947E+02  1.0915E+02
1.0739E-03  1.0933E+02  1.0901E+02
1.0744E-03  1.0919E+02  1.0888E+02
1.0749E-03  1.0907E+02  1.0875E+02
1.0754E-03  1.0894E+02  1.0863E+02
1.0759E-03  1.0882E+02  1.0851E+02
1.0764E-03  1.0870E+02  1.0838E+02
1.0770E-03  1.0858E+02  1.0826E+02
1.0775E-03  1.0845E+02  1.0814E+02
1.0780E-03  1.0833E+02  1.0802E+02
1.0785E-03  1.0822E+02  1.0791E+02
1.0790E-03  1.0811E+02  1.0780E+02
1.0795E-03  1.0800E+02  1.0769E+02
1.0800E-03  1.0788E+02  1.0757E+02
1.0805E-03  1.0775E+02  1.0743E+02
1.0811E-03  1.0762E+02  1.0730E+02
1.0816E-03  1.0748E+02  1.0717E+02
1.0821E-03  1.0736E+02  1.0705E+02
1.0826E-03  1.0724E+02  1.0693E+02
1.0831E-03  1.0712E+02  1.0681E+02
1.0836E-03  1.0700E+02  1.0669E+02
1.0841E-03  1.0689E+02  1.0658E+02
1.0847E-03  1.0678E+02  1.0647E+02
1.0852E-03  1.0667E+02  1.0636E+02
1.0857E-03  1.0656E+02  1.0624E+02
1.0862E-03  1.0643E+02  1.0612E+02
1.0867E-03  1.0631E+02  1.0600E+02
1.0872E-03  1.0619E+02  1.0588E+02
1.0878E-03  1.0609E+02  1.0577E+02
1.0883E-03  1.0598E+02  1.0567E+02
1.0888E-03  1.0588E+02  1.0557E+02
1.0893E-03  1.0577E+02  1.0545E+02
1.0898E-03  1.0565E+02  1.0533E+02
1.0903E-03  1.0552E+02  1.0521E+02
1.0909E-03  1.0540E+02  1.0509E+02
1.0914E-03  1.0529E+02  1.0497E+02
1.0919E-03  1.0518E+02  1.0487E+02
1.0924E-03  1.0507E+02  1.0476E+02
1.0929E-03  1.0498E+02  1.0467E+02
1.0935E-03  1.0496E+02  1.0465E+02
1.0940E-03  1.0494E+02  1.0463E+02
1.0945E-03  1.0493E+02  1.0461E+02
1.0950E-03  1.0481E+02  1.0450E+02
1.0955E-03  1.0462E+02  1.0430E+02
1.0961E-03  1.0442E+02  1.0411E+02
1.0966E-03  1.0424E+02  1.0392E+02
1.0971E-03  1.0414E+02  1.0382E+02
1.0976E-03  1.0405E+02  1.0374E+02
1.0981E-03  1.0397E+02  1.0365E+02
1.0987E-03  1.0387E+02  1.0356E+02
1.0992E-03  1.0377E+02  1.0346E+02
1.0997E-03  1.0367E+02  1.0336E+02
1.1002E-03  1.0357E+02  1.0325E+02
1.1008E-03  1.0347E+02  1.0315E+02
1.1013E-03  1.0337E+02  1.0305E+02
1.1018E-03  1.0327E+02  1.0295E+02
1.1023E-03  1.0317E+02  1.0286E+02
1.1029E-03  1.0309E+02  1.0277E+02
1.1034E-03  1.0300E+02  1.0269E+02
1.1039E-03  1.0292E+02  1.0260E+02
1.1044E-03  1.0284E+02  1.0252E+02
1.1050E-03  1.0276E+02  1.0245E+02
1.1055E-03  1.0268E+02  1.0237E+02
1.1060E-03  1.0261E+02  1.0229E+02
1.1065E-03  1.0254E+02  1.0222E+02
1.1071E-03  1.0247E+02  1.0216E+02
1.1076E-03  1.0241E+02  1.0209E+02
1.1081E-03  1.0235E+02  1.0203E+02
1.1086E-03  1.0230E+02  1.0199E+02
1.1092E-03  1.0226E+02  1.0194E+02
1.1097E-03  1.0223E+02  1.0192E+02
1.1102E-03  1.0236E+02  1.0204E+02
1.1107E-03  1.0252E+02  1.0220E+02
1.1113E-03  1.0268E+02  1.0236E+02
1.1118E-03  1.0270E+02  1.0238E+02
1.1123E-03  1.0248E+02  1.0217E+02
1.1129E-03  1.0226E+02  1.0195E+02
1.1134E-03  1.0206E+02  1.0174E+02
1.1139E-03  1.0203E+02  1.0171E+02
1.1144E-03  1.0205E+02  1.0173E+02
1.1150E-03  1.0207E+02  1.0176E+02
1.1155E-03  1.0211E+02  1.0179E+02
1.1160E-03  1.0216E+02  1.0185E+02
1.1166E-03  1.0222E+02  1.0190E+02
1.1171E-03  1.0228E+02  1.0196E+02
1.1176E-03  1.0240E+02  1.0208E+02
1.1182E-03  1.0254E+02  1.0222E+02
1.1187E-03  1.0268E+02  1.0236E+02
1.1192E-03  1.0285E+02  1.0253E+02
1.1198E-03  1.0311E+02  1.0279E+02
1.1203E-03  1.0338E+02  1.0306E+02
1.1208E-03  1.0365E+02  1.0333E+02
1.1214E-03  1.0406E+02  1.0374E+02
1.1219E-03  1.0455E+02  1.0423E+02
1.1224E-03  1.0503E+02  1.0471E+02
1.1230E-03  1.0561E+02  1.0530E+02
1.1235E-03  1.0650E+02  1.0618E+02
1.1240E-03  1.0740E+02  1.0709E+02
1.1246E-03  1.0832E+02  1.0801E+02
1.1251E-03  1.0984E+02  1.0953E+02
1.1256E-03  1.1169E+02  1.1138E+02
1.1262E-03  1.1353E+02  1.1322E+02
1.1267E-03  1.1593E+02  1.1563E+02
1.1272E-03  1.2016E+02  1.1988E+02
1.1278E-03  1.2455E+02  1.2427E+02
1.1283E-03  1.2908E+02  1.2880E+02
1.1288E-03  1.3971E+02  1.3977E+02
1.1294E-03  1.5421E+02  1.5423E+02
1.1299E-03  1.6867E+02  1.6866E+02
1.1305E-03  1.9956E+02  2.0477E+02
1.1310E-03  2.9997E+02  3.0933E+02
1.1315E-03  4.1194E+02  4.1875E+02
1.1321E-03  5.2868E+02  5.3398E+02
1.1326E-03  8.1226E+02  8.6910E+02
1.1331E-03  1.2773E+03  1.3146E+03
1.1337E-03  1.7316E+03  1.7593E+03
1.1342E-03  1.9412E+03  1.9571E+03
1.1348E-03  1.4111E+03  1.4603E+03
1.1353E-03  8.4470E+02  9.2258E+02
1.1358E-03  3.1864E+02  3.9952E+02
1.1364E-03  2.2084E+02  2.2146E+02
1.1369E-03  1.9195E+02  1.9270E+02
1.1375E-03  1.6306E+02  1.6399E+02
1.1380E-03  1.4189E+02  1.4167E+02
1.1385E-03  1.3440E+02  1.3417E+02
1.1391E-03  1.2752E+02  1.2729E+02
1.1396E-03  1.2104E+02  1.2076E+02
1.1402E-03  1.1986E+02  1.1955E+02
1.1407E-03  1.2048E+02  1.2016E+02
1.1412E-03  1.2109E+02  1.2078E+02
1.1418E-03  1.2035E+02  1.2004E+02
1.1423E-03  1.1721E+02  1.1692E+02
1.1429E-03  1.1404E+02  1.1375E+02
1.1434E-03  1.1093E+02  1.1062E+02
1.1440E-03  1.0814E+02  1.0784E+02
1.1445E-03  1.0545E+02  1.0515E+02
1.1451E-03  1.0276E+02  1.0246E+02
1.1456E-03  1.0093E+02  1.0062E+02
1.1461E-03  1.0013E+02  9.9816E+01
1.1467E-03  9.9337E+01  9.9019E+01
1.1472E-03  9.8588E+01  9.8270E+01
1.1478E-03  9.8110E+01  9.7792E+01
1.1483E-03  9.7677E+01  9.7359E+01
1.1489E-03  9.7245E+01  9.6926E+01
1.1494E-03  9.6885E+01  9.6566E+01
1.1500E-03  9.6579E+01  9.6261E+01
1.1505E-03  9.6274E+01  9.5956E+01
1.1511E-03  9.6228E+01  9.5910E+01
1.1516E-03  9.7107E+01  9.6791E+01
1.1521E-03  9.8069E+01  9.7752E+01
1.1527E-03  9.8977E+01  9.8659E+01
1.1532E-03  9.8348E+01  9.8034E+01
1.1538E-03  9.7020E+01  9.6705E+01
1.1543E-03  9.5693E+01  9.5379E+01
1.1549E-03  9.4692E+01  9.4373E+01
1.1554E-03  9.4349E+01  9.4031E+01
1.1560E-03  9.4029E+01  9.3710E+01
1.1565E-03  9.3724E+01  9.3405E+01
1.1571E-03  9.3572E+01  9.3253E+01
1.1576E-03  9.3460E+01  9.3141E+01
1.1582E-03  9.3348E+01  9.3028E+01
1.1587E-03  9.3912E+01  9.3597E+01
1.1593E-03  9.5224E+01  9.4909E+01
1.1598E-03  9.6534E+01  9.6219E+01
1.1604E-03  9.7449E+01  9.7130E+01
1.1609E-03  9.6567E+01  9.6250E+01
1.1615E-03  9.5471E+01  9.5155E+01
1.1620E-03  9.4385E+01  9.4067E+01
1.1626E-03  9.3556E+01  9.3238E+01
1.1632E-03  9.2862E+01  9.2544E+01
1.1637E-03  9.2169E+01  9.1851E+01
1.1643E-03  9.1638E+01  9.1319E+01
1.1648E-03  9.1451E+01  9.1132E+01
1.1654E-03  9.1276E+01  9.0956E+01
1.1659E-03  9.1103E+01  9.0784E+01
1.1665E-03  9.0954E+01  9.0634E+01
1.1670E-03  9.0809E+01  9.0489E+01
1.1676E-03  9.0665E+01  9.0345E+01
1.1681E-03  9.0531E+01  9.0211E+01
1.1687E-03  9.0406E+01  9.0086E+01
1.1692E-03  9.0281E+01  8.9961E+01
1.1698E-03  9.0161E+01  8.9841E+01
1.1704E-03  9.0059E+01  8.9739E+01
1.1709E-03  8.9958E+01  8.9638E+01
1.1715E-03  8.9858E+01  8.9538E+01
1.1720E-03  8.9767E+01  8.9447E+01
1.1726E-03  8.9681E+01  8.9360E+01
1.1731E-03  8.9594E+01  8.9274E+01
1.1737E-03  8.9530E+01  8.9209E+01
1.1743E-03  8.9497E+01  8.9177E+01
1.1748E-03  8.9464E+01  8.9144E+01
1.1754E-03  8.9416E+01  8.9096E+01
1.1759E-03  8.9295E+01  8.8975E+01
1.1765E-03  8.9164E+01  8.8844E+01
1.1771E-03  8.9033E+01  8.8713E+01
1.1776E-03  8.8902E+01  8.8582E+01
1.1782E-03  8.8772E+01  8.8451E+01
1.1787E-03  8.8641E+01  8.8321E+01
1.1793E-03  8.9174E+01  8.8860E+01
1.1799E-03  9.0847E+01  9.0534E+01
1.1804E-03  9.2538E+01  9.2225E+01
1.1810E-03  9.3759E+01  9.3441E+01
1.1815E-03  9.2287E+01  9.1976E+01
1.1821E-03  9.0402E+01  9.0091E+01
1.1827E-03  8.8551E+01  8.8237E+01
1.1832E-03  8.7854E+01  8.7534E+01
1.1838E-03  8.7754E+01  8.7433E+01
1.1843E-03  8.7654E+01  8.7333E+01
1.1849E-03  8.7538E+01  8.7217E+01
1.1855E-03  8.7394E+01  8.7073E+01
1.1860E-03  8.7249E+01  8.6928E+01
1.1866E-03  8.7112E+01  8.6791E+01
1.1872E-03  8.7013E+01  8.6693E+01
1.1877E-03  8.6921E+01  8.6601E+01
1.1883E-03  8.6833E+01  8.6512E+01
1.1889E-03  8.6865E+01  8.6544E+01
1.1894E-03  8.6956E+01  8.6635E+01
1.1900E-03  8.7046E+01  8.6725E+01
1.1906E-03  8.7000E+01  8.6679E+01
1.1911E-03  8.6740E+01  8.6419E+01
1.1917E-03  8.6478E+01  8.6157E+01
1.1923E-03  8.6247E+01  8.5926E+01
1.1928E-03  8.6154E+01  8.5833E+01
1.1934E-03  8.6079E+01  8.5758E+01
1.1940E-03  8.6003E+01  8.5682E+01
1.1945E-03  8.5921E+01  8.5600E+01
1.1951E-03  8.5837E+01  8.5516E+01
1.1957E-03  8.5753E+01  8.5432E+01
1.1962E-03  8.5672E+01  8.5351E+01
1.1968E-03  8.5594E+01  8.5273E+01
1.1974E-03  8.5516E+01  8.5194E+01
1.1979E-03  8.5517E+01  8.5196E+01
1.1985E-03  8.5775E+01  8.5454E+01
1.1991E-03  8.6053E+01  8.5732E+01
1.1996E-03  8.6280E+01  8.5959E+01
1.2002E-03  8.5999E+01  8.5678E+01
1.2008E-03  8.5584E+01  8.5263E+01
1.2014E-03  8.5172E+01  8.4851E+01
1.2019E-03  8.4968E+01  8.4647E+01
1.2025E-03  8.4910E+01  8.4588E+01
1.2031E-03  8.4851E+01  8.4529E+01
1.2036E-03  8.4794E+01  8.4473E+01
1.2042E-03  8.4742E+01  8.4421E+01
1.2048E-03  8.4691E+01  8.4369E+01
1.2054E-03  8.4640E+01  8.4318E+01
1.2059E-03  8.4595E+01  8.4273E+01
1.2065E-03  8.4550E+01  8.4228E+01
1.2071E-03  8.4506E+01  8.4184E+01
1.2077E-03  8.4472E+01  8.4150E+01
1.2082E-03  8.4441E+01  8.4120E+01
1.2088E-03  8.4411E+01  8.4089E+01
1.2094E-03  8.4387E+01  8.4065E+01
1.2100E-03  8.4368E+01  8.4046E+01
1.2105E-03  8.4350E+01  8.4028E+01
1.2111E-03  8.4364E+01  8.4042E+01
1.2117E-03  8.4458E+01  8.4136E+01
1.2123E-03  8.4557E+01  8.4235E+01
1.2128E-03  8.4637E+01  8.4315E+01
1.2134E-03  8.4607E+01  8.4285E+01
1.2140E-03  8.4559E+01  8.4237E+01
1.2146E-03  8.4514E+01  8.4192E+01
1.2151E-03  8.4567E+01  8.4245E+01
1.2157E-03  8.4661E+01  8.4339E+01
1.2163E-03  8.4754E+01  8.4432E+01
1.2169E-03  8.4895E+01  8.4573E+01
1.2175E-03  8.5083E+01  8.4761E+01
1.2180E-03  8.5271E+01  8.4948E+01
1.2186E-03  8.5533E+01  8.5211E+01
1.2192E-03  8.5975E+01  8.5653E+01
1.2198E-03  8.6424E+01  8.6102E+01
1.2203E-03  8.7553E+01  8.7250E+01
1.2209E-03  9.2461E+01  9.2222E+01
1.2215E-03  9.8009E+01  9.7765E+01
1.2221E-03  1.0318E+02  1.0288E+02
1.2227E-03  1.0152E+02  1.0124E+02
1.2233E-03  9.7503E+01  9.7223E+01
1.2238E-03  9.3508E+01  9.3222E+01
1.2244E-03  9.2306E+01  9.1985E+01
1.2250E-03  9.3183E+01  9.2863E+01
1.2256E-03  9.4059E+01  9.3738E+01
1.2262E-03  9.5666E+01  9.5360E+01
1.2267E-03  9.8577E+01  9.8276E+01
1.2273E-03  1.0151E+02  1.0121E+02
1.2279E-03  1.0543E+02  1.0517E+02
1.2285E-03  1.1301E+02  1.1283E+02
1.2291E-03  1.2102E+02  1.2082E+02
1.2297E-03  1.3115E+02  1.3117E+02
1.2302E-03  1.5947E+02  1.6094E+02
1.2308E-03  1.9382E+02  1.9498E+02
1.2314E-03  2.3473E+02  2.3860E+02
1.2320E-03  4.6462E+02  5.4864E+02
1.2326E-03  9.3181E+02  9.7860E+02
1.2332E-03  1.3765E+03  1.4076E+03
1.2338E-03  1.3871E+03  1.4130E+03
1.2343E-03  9.9274E+02  1.0283E+03
1.2349E-03  5.8758E+02  6.4434E+02
1.2355E-03  3.6261E+02  3.6635E+02
1.2361E-03  2.8363E+02  2.8800E+02
1.2367E-03  2.0854E+02  2.1450E+02
1.2373E-03  1.5274E+02  1.5329E+02
1.2379E-03  1.3633E+02  1.3631E+02
1.2385E-03  1.2336E+02  1.2338E+02
1.2391E-03  1.1161E+02  1.1139E+02
1.2396E-03  1.0655E+02  1.0626E+02
1.2402E-03  1.0281E+02  1.0252E+02
1.2408E-03  9.9368E+01  9.9061E+01
1.2414E-03  1.0108E+02  1.0079E+02
1.2420E-03  1.0479E+02  1.0450E+02
1.2426E-03  1.0846E+02  1.0817E+02
1.2432E-03  1.0567E+02  1.0547E+02
1.2438E-03  9.8511E+01  9.8318E+01
1.2444E-03  9.1360E+01  9.1176E+01
1.2450E-03  8.6908E+01  8.6588E+01
1.2455E-03  8.5748E+01  8.5429E+01
1.2461E-03  8.4609E+01  8.4290E+01
1.2467E-03  8.3640E+01  8.3318E+01
1.2473E-03  8.3065E+01  8.2742E+01
1.2479E-03  8.2507E+01  8.2185E+01
1.2485E-03  8.1990E+01  8.1667E+01
1.2491E-03  8.1635E+01  8.1312E+01
1.2497E-03  8.1298E+01  8.0975E+01
1.2503E-03  8.0975E+01  8.0651E+01
1.2509E-03  8.0750E+01  8.0426E+01
1.2515E-03  8.0546E+01  8.0222E+01
1.2521E-03  8.0389E+01  8.0065E+01
1.2527E-03  8.1044E+01  8.0723E+01
1.2533E-03  8.1996E+01  8.1675E+01
1.2539E-03  8.2925E+01  8.2604E+01
1.2545E-03  8.2413E+01  8.2095E+01
1.2551E-03  8.1042E+01  8.0724E+01
1.2557E-03  7.9675E+01  7.9357E+01
1.2562E-03  7.8879E+01  7.8556E+01
1.2568E-03  7.8655E+01  7.8332E+01
1.2574E-03  7.8432E+01  7.8108E+01
1.2580E-03  7.8232E+01  7.7908E+01
1.2586E-03  7.8072E+01  7.7748E+01
1.2592E-03  7.7913E+01  7.7589E+01
1.2598E-03  7.7767E+01  7.7443E+01
1.2604E-03  7.7652E+01  7.7328E+01
1.2610E-03  7.7539E+01  7.7215E+01
1.2616E-03  7.7439E+01  7.7115E+01
1.2622E-03  7.7393E+01  7.7068E+01
1.2628E-03  7.7352E+01  7.7028E+01
1.2634E-03  7.7298E+01  7.6974E+01
1.2640E-03  7.7156E+01  7.6832E+01
1.2646E-03  7.6997E+01  7.6673E+01
1.2652E-03  7.6844E+01  7.6520E+01
1.2658E-03  7.6752E+01  7.6428E+01
1.2664E-03  7.6679E+01  7.6354E+01
1.2670E-03  7.6605E+01  7.6281E+01
1.2676E-03  7.6533E+01  7.6209E+01
1.2682E-03  7.6462E+01  7.6138E+01
1.2688E-03  7.6392E+01  7.6067E+01
1.2695E-03  7.6332E+01  7.6007E+01
1.2701E-03  7.6279E+01  7.5954E+01
1.2707E-03  7.6226E+01  7.5902E+01
1.2713E-03  7.6182E+01  7.5858E+01
1.2719E-03  7.6146E+01  7.5822E+01
1.2725E-03  7.6110E+01  7.5786E+01
1.2731E-03  7.6084E+01  7.5759E+01
1.2737E-03  7.6069E+01  7.5745E+01
1.2743E-03  7.6055E+01  7.5731E+01
1.2749E-03  7.6042E+01  7.5718E+01
1.2755E-03  7.6032E+01  7.5707E+01
1.2761E-03  7.6022E+01  7.5697E+01
1.2767E-03  7.6018E+01  7.5694E+01
1.2773E-03  7.6033E+01  7.5708E+01
1.2779E-03  7.6049E+01  7.5724E+01
1.2785E-03  7.6073E+01  7.5749E+01
1.2791E-03  7.6129E+01  7.5805E+01
1.2798E-03  7.6188E+01  7.5863E+01
1.2804E-03  7.6263E+01  7.5938E+01
1.2810E-03  7.6412E+01  7.6087E+01
1.2816E-03  7.6571E+01  7.6246E+01
1.2822E-03  7.6729E+01  7.6404E+01
1.2828E-03  7.6876E+01  7.6552E+01
1.2834E-03  7.7022E+01  7.6698E+01
1.2840E-03  7.7184E+01  7.6859E+01
1.2846E-03  7.7480E+01  7.7156E+01
1.2852E-03  7.7809E+01  7.7484E+01
1.2858E-03  7.8149E+01  7.7824E+01
1.2865E-03  7.8633E+01  7.8308E+01
1.2871E-03  7.9160E+01  7.8836E+01
1.2877E-03  7.9703E+01  7.9378E+01
1.2883E-03  8.0537E+01  8.0215E+01
1.2889E-03  8.1483E+01  8.1161E+01
1.2895E-03  8.2449E+01  8.2126E+01
1.2901E-03  8.3988E+01  8.3672E+01
1.2907E-03  8.5801E+01  8.5485E+01
1.2914E-03  8.7640E+01  8.7322E+01
1.2920E-03  9.0813E+01  9.0531E+01
1.2926E-03  9.4783E+01  9.4499E+01
1.2932E-03  9.8793E+01  9.8502E+01
1.2938E-03  1.0679E+02  1.0675E+02
1.2944E-03  1.1789E+02  1.1783E+02
1.2950E-03  1.2906E+02  1.2895E+02
1.2957E-03  1.5717E+02  1.6034E+02
1.2963E-03  2.0536E+02  2.0773E+02
1.2969E-03  2.5325E+02  2.5505E+02
1.2975E-03  3.4331E+02  3.6070E+02
1.2981E-03  5.0860E+02  5.2050E+02
1.2987E-03  6.7102E+02  6.8002E+02
1.2994E-03  6.6640E+02  6.7736E+02
1.3000E-03  4.8407E+02  4.9954E+02
1.3006E-03  2.9788E+02  3.2197E+02
1.3012E-03  2.0819E+02  2.0910E+02
1.3018E-03  1.7443E+02  1.7567E+02
1.3025E-03  1.4091E+02  1.4251E+02
1.3031E-03  1.1981E+02  1.1963E+02
1.3037E-03  1.1098E+02  1.1082E+02
1.3043E-03  1.0226E+02  1.0212E+02
1.3049E-03  1.0058E+02  1.0040E+02
1.3056E-03  1.0930E+02  1.0915E+02
1.3062E-03  1.1815E+02  1.1799E+02
1.3068E-03  1.1877E+02  1.1869E+02
1.3074E-03  1.0621E+02  1.0625E+02
1.3080E-03  9.3567E+01  9.3662E+01
1.3087E-03  8.5149E+01  8.4839E+01
1.3093E-03  8.2758E+01  8.2448E+01
1.3099E-03  8.0480E+01  8.0170E+01
1.3105E-03  7.8776E+01  7.8452E+01
1.3111E-03  7.8053E+01  7.7728E+01
1.3118E-03  7.7350E+01  7.7026E+01
1.3124E-03  7.6795E+01  7.6469E+01
1.3130E-03  7.6504E+01  7.6178E+01
1.3136E-03  7.6219E+01  7.5893E+01
1.3143E-03  7.5829E+01  7.5504E+01
1.3149E-03  7.5244E+01  7.4919E+01
1.3155E-03  7.4657E+01  7.4332E+01
1.3161E-03  7.4243E+01  7.3917E+01
1.3168E-03  7.4148E+01  7.3822E+01
1.3174E-03  7.4060E+01  7.3734E+01
1.3180E-03  7.4066E+01  7.3740E+01
1.3186E-03  7.4244E+01  7.3917E+01
1.3193E-03  7.4424E+01  7.4098E+01
1.3199E-03  7.4520E+01  7.4194E+01
1.3205E-03  7.4467E+01  7.4140E+01
1.3212E-03  7.4410E+01  7.4083E+01
1.3218E-03  7.5731E+01  7.5438E+01
1.3224E-03  7.9448E+01  7.9166E+01
1.3230E-03  8.3210E+01  8.2926E+01
1.3237E-03  8.4058E+01  8.3764E+01
1.3243E-03  8.0266E+01  7.9986E+01
1.3249E-03  7.6434E+01  7.6156E+01
1.3256E-03  7.4186E+01  7.3859E+01
1.3262E-03  7.4131E+01  7.3805E+01
1.3268E-03  7.4096E+01  7.3770E+01
1.3275E-03  7.4091E+01  7.3765E+01
1.3281E-03  7.4126E+01  7.3800E+01
1.3287E-03  7.4161E+01  7.3835E+01
1.3293E-03  9.1234E+01  9.6635E+01
1.3300E-03  1.4261E+02  1.4652E+02
1.3306E-03  1.9353E+02  1.9636E+02
1.3312E-03  1.9509E+02  1.9775E+02
1.3319E-03  1.4498E+02  1.4869E+02
1.3325E-03  9.4481E+01  9.9731E+01
1.3331E-03  7.7470E+01  7.7146E+01
1.3338E-03  7.8471E+01  7.8147E+01
1.3344E-03  7.9476E+01  7.9152E+01
1.3350E-03  8.1637E+01  8.1339E+01
1.3357E-03  8.4725E+01  8.4426E+01
1.3363E-03  8.7814E+01  8.7509E+01
1.3369E-03  9.0985E+01  9.0687E+01
1.3376E-03  9.4224E+01  9.3925E+01
1.3382E-03  9.7584E+01  9.7282E+01
1.3389E-03  1.0623E+02  1.0623E+02
1.3395E-03  1.1822E+02  1.1819E+02
1.3401E-03  1.3077E+02  1.3069E+02
1.3408E-03  1.5672E+02  1.5824E+02
1.3414E-03  1.9127E+02  1.9246E+02
1.3420E-03  2.2585E+02  2.2625E+02
1.3427E-03  2.5309E+02  2.5337E+02
1.3433E-03  2.7781E+02  2.7803E+02
1.3440E-03  2.9820E+02  2.9811E+02
1.3446E-03  2.6134E+02  2.6344E+02
1.3452E-03  2.1013E+02  2.1280E+02
1.3459E-03  1.6423E+02  1.6512E+02
1.3465E-03  1.4209E+02  1.4227E+02
1.3472E-03  1.2492E+02  1.2517E+02
1.3478E-03  1.0957E+02  1.0941E+02
1.3484E-03  1.0218E+02  1.0194E+02
1.3491E-03  9.6175E+01  9.5941E+01
1.3497E-03  9.0844E+01  9.0537E+01
1.3504E-03  8.8231E+01  8.7918E+01
1.3510E-03  8.5972E+01  8.5659E+01
1.3516E-03  8.3899E+01  8.3576E+01
1.3523E-03  8.2425E+01  8.2103E+01
1.3529E-03  8.1008E+01  8.0686E+01
1.3536E-03  7.9665E+01  7.9340E+01
1.3542E-03  7.8502E+01  7.8178E+01
1.3549E-03  7.7351E+01  7.7028E+01
1.3555E-03  7.6417E+01  7.6090E+01
1.3561E-03  7.5895E+01  7.5568E+01
1.3568E-03  7.5385E+01  7.5058E+01
1.3574E-03  7.5002E+01  7.4674E+01
1.3581E-03  7.4797E+01  7.4469E+01