Number of T =   1  Number of rho =   1  Number of materials =   9
TOPS results for  phW01T0         on Sep 19, 2026
Opacities in cm**2/gm, T in keV, density in gm/cc
Normalized composition for requested elements
No. Fraction Mass Fraction  At. No.  Chem. Sym.  Mat ID.
9.7044E-01   8.8941E-01      1         H         4525
2.9297E-02   1.0664E-01      2         He        4675
2.4325E-06   2.6953E-05      6         C         4387
1.1017E-04   1.4030E-03      7         N         4005
8.3156E-05   1.2116E-03      8         O         4105
2.5313E-09   4.3732E-08      9         F         4405
2.2228E-05   4.0413E-04     10         Ne        4145
4.1339E-05   9.0165E-04     12         Mg        4682
2.1699E-07   7.8856E-06     20         Ca        2302
Temperature grid used the following   1 points
1.5000E-03
Density grid used the following   1 points
1.9163E-09
Photon grid used the following 999 points
4.8943E-05  4.8966E-05  4.8989E-05  4.9013E-05  4.9036E-05  4.9059E-05
4.9083E-05  4.9106E-05  4.9129E-05  4.9153E-05  4.9176E-05  4.9199E-05
4.9223E-05  4.9246E-05  4.9270E-05  4.9293E-05  4.9317E-05  4.9340E-05
4.9363E-05  4.9387E-05  4.9410E-05  4.9434E-05  4.9457E-05  4.9481E-05
4.9504E-05  4.9528E-05  4.9551E-05  4.9575E-05  4.9599E-05  4.9622E-05
4.9646E-05  4.9669E-05  4.9693E-05  4.9717E-05  4.9740E-05  4.9764E-05
4.9788E-05  4.9811E-05  4.9835E-05  4.9859E-05  4.9882E-05  4.9906E-05
4.9930E-05  4.9953E-05  4.9977E-05  5.0001E-05  5.0025E-05  5.0049E-05
5.0072E-05  5.0096E-05  5.0120E-05  5.0144E-05  5.0168E-05  5.0191E-05
5.0215E-05  5.0239E-05  5.0263E-05  5.0287E-05  5.0311E-05  5.0335E-05
5.0359E-05  5.0383E-05  5.0407E-05  5.0431E-05  5.0455E-05  5.0479E-05
5.0503E-05  5.0527E-05  5.0551E-05  5.0575E-05  5.0599E-05  5.0623E-05
5.0647E-05  5.0671E-05  5.0695E-05  5.0719E-05  5.0743E-05  5.0767E-05
5.0791E-05  5.0816E-05  5.0840E-05  5.0864E-05  5.0888E-05  5.0912E-05
5.0936E-05  5.0961E-05  5.0985E-05  5.1009E-05  5.1033E-05  5.1058E-05
5.1082E-05  5.1106E-05  5.1130E-05  5.1155E-05  5.1179E-05  5.1203E-05
5.1228E-05  5.1252E-05  5.1276E-05  5.1301E-05  5.1325E-05  5.1350E-05
5.1374E-05  5.1398E-05  5.1423E-05  5.1447E-05  5.1472E-05  5.1496E-05
5.1521E-05  5.1545E-05  5.1570E-05  5.1594E-05  5.1619E-05  5.1643E-05
5.1668E-05  5.1692E-05  5.1717E-05  5.1742E-05  5.1766E-05  5.1791E-05
5.1815E-05  5.1840E-05  5.1865E-05  5.1889E-05  5.1914E-05  5.1939E-05
5.1963E-05  5.1988E-05  5.2013E-05  5.2038E-05  5.2062E-05  5.2087E-05
5.2112E-05  5.2137E-05  5.2161E-05  5.2186E-05  5.2211E-05  5.2236E-05
5.2261E-05  5.2285E-05  5.2310E-05  5.2335E-05  5.2360E-05  5.2385E-05
5.2410E-05  5.2435E-05  5.2460E-05  5.2485E-05  5.2510E-05  5.2535E-05
5.2560E-05  5.2585E-05  5.2610E-05  5.2635E-05  5.2660E-05  5.2685E-05
5.2710E-05  5.2735E-05  5.2760E-05  5.2785E-05  5.2810E-05  5.2835E-05
5.2860E-05  5.2885E-05  5.2910E-05  5.2936E-05  5.2961E-05  5.2986E-05
5.3011E-05  5.3036E-05  5.3062E-05  5.3087E-05  5.3112E-05  5.3137E-05
5.3163E-05  5.3188E-05  5.3213E-05  5.3238E-05  5.3264E-05  5.3289E-05
5.3314E-05  5.3340E-05  5.3365E-05  5.3390E-05  5.3416E-05  5.3441E-05
5.3467E-05  5.3492E-05  5.3517E-05  5.3543E-05  5.3568E-05  5.3594E-05
5.3619E-05  5.3645E-05  5.3670E-05  5.3696E-05  5.3721E-05  5.3747E-05
5.3772E-05  5.3798E-05  5.3824E-05  5.3849E-05  5.3875E-05  5.3900E-05
5.3926E-05  5.3952E-05  5.3977E-05  5.4003E-05  5.4029E-05  5.4054E-05
5.4080E-05  5.4106E-05  5.4131E-05  5.4157E-05  5.4183E-05  5.4209E-05
5.4234E-05  5.4260E-05  5.4286E-05  5.4312E-05  5.4338E-05  5.4363E-05
5.4389E-05  5.4415E-05  5.4441E-05  5.4467E-05  5.4493E-05  5.4519E-05
5.4545E-05  5.4571E-05  5.4596E-05  5.4622E-05  5.4648E-05  5.4674E-05
5.4700E-05  5.4726E-05  5.4752E-05  5.4778E-05  5.4804E-05  5.4831E-05
5.4857E-05  5.4883E-05  5.4909E-05  5.4935E-05  5.4961E-05  5.4987E-05
5.5013E-05  5.5039E-05  5.5066E-05  5.5092E-05  5.5118E-05  5.5144E-05
5.5170E-05  5.5197E-05  5.5223E-05  5.5249E-05  5.5275E-05  5.5302E-05
5.5328E-05  5.5354E-05  5.5381E-05  5.5407E-05  5.5433E-05  5.5460E-05
5.5486E-05  5.5512E-05  5.5539E-05  5.5565E-05  5.5591E-05  5.5618E-05
5.5644E-05  5.5671E-05  5.5697E-05  5.5724E-05  5.5750E-05  5.5777E-05
5.5803E-05  5.5830E-05  5.5856E-05  5.5883E-05  5.5909E-05  5.5936E-05
5.5963E-05  5.5989E-05  5.6016E-05  5.6042E-05  5.6069E-05  5.6096E-05
5.6122E-05  5.6149E-05  5.6176E-05  5.6203E-05  5.6229E-05  5.6256E-05
5.6283E-05  5.6309E-05  5.6336E-05  5.6363E-05  5.6390E-05  5.6417E-05
5.6443E-05  5.6470E-05  5.6497E-05  5.6524E-05  5.6551E-05  5.6578E-05
5.6605E-05  5.6632E-05  5.6658E-05  5.6685E-05  5.6712E-05  5.6739E-05
5.6766E-05  5.6793E-05  5.6820E-05  5.6847E-05  5.6874E-05  5.6901E-05
5.6928E-05  5.6955E-05  5.6983E-05  5.7010E-05  5.7037E-05  5.7064E-05
5.7091E-05  5.7118E-05  5.7145E-05  5.7172E-05  5.7200E-05  5.7227E-05
5.7254E-05  5.7281E-05  5.7308E-05  5.7336E-05  5.7363E-05  5.7390E-05
5.7418E-05  5.7445E-05  5.7472E-05  5.7499E-05  5.7527E-05  5.7554E-05
5.7581E-05  5.7609E-05  5.7636E-05  5.7664E-05  5.7691E-05  5.7718E-05
5.7746E-05  5.7773E-05  5.7801E-05  5.7828E-05  5.7856E-05  5.7883E-05
5.7911E-05  5.7938E-05  5.7966E-05  5.7993E-05  5.8021E-05  5.8049E-05
5.8076E-05  5.8104E-05  5.8131E-05  5.8159E-05  5.8187E-05  5.8214E-05
5.8242E-05  5.8270E-05  5.8297E-05  5.8325E-05  5.8353E-05  5.8381E-05
5.8408E-05  5.8436E-05  5.8464E-05  5.8492E-05  5.8520E-05  5.8547E-05
5.8575E-05  5.8603E-05  5.8631E-05  5.8659E-05  5.8687E-05  5.8715E-05
5.8742E-05  5.8770E-05  5.8798E-05  5.8826E-05  5.8854E-05  5.8882E-05
5.8910E-05  5.8938E-05  5.8966E-05  5.8994E-05  5.9022E-05  5.9050E-05
5.9078E-05  5.9107E-05  5.9135E-05  5.9163E-05  5.9191E-05  5.9219E-05
5.9247E-05  5.9275E-05  5.9304E-05  5.9332E-05  5.9360E-05  5.9388E-05
5.9416E-05  5.9445E-05  5.9473E-05  5.9501E-05  5.9529E-05  5.9558E-05
5.9586E-05  5.9614E-05  5.9643E-05  5.9671E-05  5.9699E-05  5.9728E-05
5.9756E-05  5.9785E-05  5.9813E-05  5.9841E-05  5.9870E-05  5.9898E-05
5.9927E-05  5.9955E-05  5.9984E-05  6.0012E-05  6.0041E-05  6.0069E-05
6.0098E-05  6.0127E-05  6.0155E-05  6.0184E-05  6.0212E-05  6.0241E-05
6.0270E-05  6.0298E-05  6.0327E-05  6.0356E-05  6.0384E-05  6.0413E-05
6.0442E-05  6.0470E-05  6.0499E-05  6.0528E-05  6.0557E-05  6.0586E-05
6.0614E-05  6.0643E-05  6.0672E-05  6.0701E-05  6.0730E-05  6.0759E-05
6.0787E-05  6.0816E-05  6.0845E-05  6.0874E-05  6.0903E-05  6.0932E-05
6.0961E-05  6.0990E-05  6.1019E-05  6.1048E-05  6.1077E-05  6.1106E-05
6.1135E-05  6.1164E-05  6.1193E-05  6.1222E-05  6.1251E-05  6.1281E-05
6.1310E-05  6.1339E-05  6.1368E-05  6.1397E-05  6.1426E-05  6.1456E-05
6.1485E-05  6.1514E-05  6.1543E-05  6.1573E-05  6.1602E-05  6.1631E-05
6.1660E-05  6.1690E-05  6.1719E-05  6.1748E-05  6.1778E-05  6.1807E-05
6.1836E-05  6.1866E-05  6.1895E-05  6.1925E-05  6.1954E-05  6.1984E-05
6.2013E-05  6.2043E-05  6.2072E-05  6.2102E-05  6.2131E-05  6.2161E-05
6.2190E-05  6.2220E-05  6.2249E-05  6.2279E-05  6.2309E-05  6.2338E-05
6.2368E-05  6.2397E-05  6.2427E-05  6.2457E-05  6.2486E-05  6.2516E-05
6.2546E-05  6.2576E-05  6.2605E-05  6.2635E-05  6.2665E-05  6.2695E-05
6.2724E-05  6.2754E-05  6.2784E-05  6.2814E-05  6.2844E-05  6.2874E-05
6.2904E-05  6.2934E-05  6.2963E-05  6.2993E-05  6.3023E-05  6.3053E-05
6.3083E-05  6.3113E-05  6.3143E-05  6.3173E-05  6.3203E-05  6.3233E-05
6.3263E-05  6.3293E-05  6.3324E-05  6.3354E-05  6.3384E-05  6.3414E-05
6.3444E-05  6.3474E-05  6.3504E-05  6.3535E-05  6.3565E-05  6.3595E-05
6.3625E-05  6.3655E-05  6.3686E-05  6.3716E-05  6.3746E-05  6.3777E-05
6.3807E-05  6.3837E-05  6.3868E-05  6.3898E-05  6.3928E-05  6.3959E-05
6.3989E-05  6.4020E-05  6.4050E-05  6.4080E-05  6.4111E-05  6.4141E-05
6.4172E-05  6.4202E-05  6.4233E-05  6.4263E-05  6.4294E-05  6.4325E-05
6.4355E-05  6.4386E-05  6.4416E-05  6.4447E-05  6.4478E-05  6.4508E-05
6.4539E-05  6.4570E-05  6.4600E-05  6.4631E-05  6.4662E-05  6.4692E-05
6.4723E-05  6.4754E-05  6.4785E-05  6.4816E-05  6.4846E-05  6.4877E-05
6.4908E-05  6.4939E-05  6.4970E-05  6.5001E-05  6.5032E-05  6.5063E-05
6.5093E-05  6.5124E-05  6.5155E-05  6.5186E-05  6.5217E-05  6.5248E-05
6.5279E-05  6.5310E-05  6.5341E-05  6.5372E-05  6.5404E-05  6.5435E-05
6.5466E-05  6.5497E-05  6.5528E-05  6.5559E-05  6.5590E-05  6.5622E-05
6.5653E-05  6.5684E-05  6.5715E-05  6.5746E-05  6.5778E-05  6.5809E-05
6.5840E-05  6.5872E-05  6.5903E-05  6.5934E-05  6.5965E-05  6.5997E-05
6.6028E-05  6.6060E-05  6.6091E-05  6.6122E-05  6.6154E-05  6.6185E-05
6.6217E-05  6.6248E-05  6.6280E-05  6.6311E-05  6.6343E-05  6.6374E-05
6.6406E-05  6.6437E-05  6.6469E-05  6.6501E-05  6.6532E-05  6.6564E-05
6.6596E-05  6.6627E-05  6.6659E-05  6.6691E-05  6.6722E-05  6.6754E-05
6.6786E-05  6.6817E-05  6.6849E-05  6.6881E-05  6.6913E-05  6.6945E-05
6.6976E-05  6.7008E-05  6.7040E-05  6.7072E-05  6.7104E-05  6.7136E-05
6.7168E-05  6.7200E-05  6.7232E-05  6.7264E-05  6.7296E-05  6.7328E-05
6.7360E-05  6.7392E-05  6.7424E-05  6.7456E-05  6.7488E-05  6.7520E-05
6.7552E-05  6.7584E-05  6.7616E-05  6.7648E-05  6.7680E-05  6.7713E-05
6.7745E-05  6.7777E-05  6.7809E-05  6.7841E-05  6.7874E-05  6.7906E-05
6.7938E-05  6.7971E-05  6.8003E-05  6.8035E-05  6.8068E-05  6.8100E-05
6.8132E-05  6.8165E-05  6.8197E-05  6.8229E-05  6.8262E-05  6.8294E-05
6.8327E-05  6.8359E-05  6.8392E-05  6.8424E-05  6.8457E-05  6.8489E-05
6.8522E-05  6.8555E-05  6.8587E-05  6.8620E-05  6.8652E-05  6.8685E-05
6.8718E-05  6.8750E-05  6.8783E-05  6.8816E-05  6.8848E-05  6.8881E-05
6.8914E-05  6.8947E-05  6.8979E-05  6.9012E-05  6.9045E-05  6.9078E-05
6.9111E-05  6.9144E-05  6.9176E-05  6.9209E-05  6.9242E-05  6.9275E-05
6.9308E-05  6.9341E-05  6.9374E-05  6.9407E-05  6.9440E-05  6.9473E-05
6.9506E-05  6.9539E-05  6.9572E-05  6.9605E-05  6.9638E-05  6.9671E-05
6.9704E-05  6.9738E-05  6.9771E-05  6.9804E-05  6.9837E-05  6.9870E-05
6.9904E-05  6.9937E-05  6.9970E-05  7.0003E-05  7.0037E-05  7.0070E-05
7.0103E-05  7.0136E-05  7.0170E-05  7.0203E-05  7.0237E-05  7.0270E-05
7.0303E-05  7.0337E-05  7.0370E-05  7.0404E-05  7.0437E-05  7.0471E-05
7.0504E-05  7.0538E-05  7.0571E-05  7.0605E-05  7.0638E-05  7.0672E-05
7.0705E-05  7.0739E-05  7.0773E-05  7.0806E-05  7.0840E-05  7.0874E-05
7.0907E-05  7.0941E-05  7.0975E-05  7.1009E-05  7.1042E-05  7.1076E-05
7.1110E-05  7.1144E-05  7.1178E-05  7.1211E-05  7.1245E-05  7.1279E-05
7.1313E-05  7.1347E-05  7.1381E-05  7.1415E-05  7.1449E-05  7.1483E-05
7.1517E-05  7.1551E-05  7.1585E-05  7.1619E-05  7.1653E-05  7.1687E-05
7.1721E-05  7.1755E-05  7.1789E-05  7.1823E-05  7.1857E-05  7.1891E-05
7.1926E-05  7.1960E-05  7.1994E-05  7.2028E-05  7.2063E-05  7.2097E-05
7.2131E-05  7.2165E-05  7.2200E-05  7.2234E-05  7.2268E-05  7.2303E-05
7.2337E-05  7.2371E-05  7.2406E-05  7.2440E-05  7.2475E-05  7.2509E-05
7.2544E-05  7.2578E-05  7.2613E-05  7.2647E-05  7.2682E-05  7.2716E-05
7.2751E-05  7.2785E-05  7.2820E-05  7.2855E-05  7.2889E-05  7.2924E-05
7.2959E-05  7.2993E-05  7.3028E-05  7.3063E-05  7.3097E-05  7.3132E-05
7.3167E-05  7.3202E-05  7.3237E-05  7.3271E-05  7.3306E-05  7.3341E-05
7.3376E-05  7.3411E-05  7.3446E-05  7.3481E-05  7.3515E-05  7.3550E-05
7.3585E-05  7.3620E-05  7.3655E-05  7.3690E-05  7.3725E-05  7.3760E-05
7.3796E-05  7.3831E-05  7.3866E-05  7.3901E-05  7.3936E-05  7.3971E-05
7.4006E-05  7.4041E-05  7.4077E-05  7.4112E-05  7.4147E-05  7.4182E-05
7.4218E-05  7.4253E-05  7.4288E-05  7.4324E-05  7.4359E-05  7.4394E-05
7.4430E-05  7.4465E-05  7.4500E-05  7.4536E-05  7.4571E-05  7.4607E-05
7.4642E-05  7.4678E-05  7.4713E-05  7.4749E-05  7.4784E-05  7.4820E-05
7.4855E-05  7.4891E-05  7.4926E-05  7.4962E-05  7.4998E-05  7.5033E-05
7.5069E-05  7.5105E-05  7.5140E-05  7.5176E-05  7.5212E-05  7.5248E-05
7.5283E-05  7.5319E-05  7.5355E-05  7.5391E-05  7.5427E-05  7.5463E-05
7.5498E-05  7.5534E-05  7.5570E-05  7.5606E-05  7.5642E-05  7.5678E-05
7.5714E-05  7.5750E-05  7.5786E-05  7.5822E-05  7.5858E-05  7.5894E-05
7.5930E-05  7.5966E-05  7.6002E-05  7.6039E-05  7.6075E-05  7.6111E-05
7.6147E-05  7.6183E-05  7.6220E-05  7.6256E-05  7.6292E-05  7.6328E-05
7.6365E-05  7.6401E-05  7.6437E-05  7.6474E-05  7.6510E-05  7.6546E-05
7.6583E-05  7.6619E-05  7.6655E-05  7.6692E-05  7.6728E-05  7.6765E-05
7.6801E-05  7.6838E-05  7.6874E-05  7.6911E-05  7.6947E-05  7.6984E-05
7.7021E-05  7.7057E-05  7.7094E-05  7.7131E-05  7.7167E-05  7.7204E-05
7.7241E-05  7.7277E-05  7.7314E-05  7.7351E-05  7.7388E-05  7.7424E-05
7.7461E-05  7.7498E-05  7.7535E-05  7.7572E-05  7.7609E-05  7.7646E-05
7.7682E-05  7.7719E-05  7.7756E-05  7.7793E-05  7.7830E-05  7.7867E-05
7.7904E-05  7.7941E-05  7.7978E-05  7.8015E-05  7.8053E-05  7.8090E-05
7.8127E-05  7.8164E-05  7.8201E-05  7.8238E-05  7.8275E-05  7.8313E-05
7.8350E-05  7.8387E-05  7.8424E-05  7.8462E-05  7.8499E-05  7.8536E-05
7.8574E-05  7.8611E-05  7.8648E-05
Rosseland and Planck opacities and free electrons
Density     Ross opa    Planck opa  No. Free    Av Sq Free  T=  1.5000E-03
1.9163E-09  9.1378E+00  1.1273E+03  9.8847E-01  9.8856E-01
Multigroup opacities
Energy      Ross mg     Planck mg    for T, density =   1.5000E-03  1.9163E-09
4.8943E-05  7.5766E+04  7.5766E+04
4.8966E-05  7.5681E+04  7.5681E+04
4.8989E-05  7.5596E+04  7.5596E+04
4.9013E-05  7.5511E+04  7.5511E+04
4.9036E-05  7.5426E+04  7.5426E+04
4.9059E-05  7.5342E+04  7.5342E+04
4.9083E-05  7.5257E+04  7.5257E+04
4.9106E-05  7.5173E+04  7.5172E+04
4.9129E-05  7.5088E+04  7.5088E+04
4.9153E-05  7.5004E+04  7.5004E+04
4.9176E-05  7.4920E+04  7.4920E+04
4.9199E-05  7.4836E+04  7.4835E+04
4.9223E-05  7.4751E+04  7.4751E+04
4.9246E-05  7.4668E+04  7.4667E+04
4.9270E-05  7.4584E+04  7.4583E+04
4.9293E-05  7.4500E+04  7.4500E+04
4.9317E-05  7.4416E+04  7.4416E+04
4.9340E-05  7.4332E+04  7.4332E+04
4.9363E-05  7.4249E+04  7.4249E+04
4.9387E-05  7.4165E+04  7.4165E+04
4.9410E-05  7.4082E+04  7.4082E+04
4.9434E-05  7.3999E+04  7.3999E+04
4.9457E-05  7.3916E+04  7.3915E+04
4.9481E-05  7.3833E+04  7.3832E+04
4.9504E-05  7.3749E+04  7.3749E+04
4.9528E-05  7.3667E+04  7.3666E+04
4.9551E-05  7.3584E+04  7.3584E+04
4.9575E-05  7.3501E+04  7.3501E+04
4.9599E-05  7.3418E+04  7.3418E+04
4.9622E-05  7.3336E+04  7.3335E+04
4.9646E-05  7.3253E+04  7.3253E+04
4.9669E-05  7.3171E+04  7.3171E+04
4.9693E-05  7.3088E+04  7.3088E+04
4.9717E-05  7.3006E+04  7.3006E+04
4.9740E-05  7.2924E+04  7.2924E+04
4.9764E-05  7.2842E+04  7.2842E+04
4.9788E-05  7.2760E+04  7.2760E+04
4.9811E-05  7.2678E+04  7.2678E+04
4.9835E-05  7.2596E+04  7.2596E+04
4.9859E-05  7.2514E+04  7.2514E+04
4.9882E-05  7.2433E+04  7.2432E+04
4.9906E-05  7.2351E+04  7.2351E+04
4.9930E-05  7.2269E+04  7.2269E+04
4.9953E-05  7.2188E+04  7.2188E+04
4.9977E-05  7.2107E+04  7.2107E+04
5.0001E-05  7.2025E+04  7.2025E+04
5.0025E-05  7.1944E+04  7.1944E+04
5.0049E-05  7.1863E+04  7.1863E+04
5.0072E-05  7.1782E+04  7.1782E+04
5.0096E-05  7.1701E+04  7.1701E+04
5.0120E-05  7.1620E+04  7.1620E+04
5.0144E-05  7.1540E+04  7.1539E+04
5.0168E-05  7.1459E+04  7.1459E+04
5.0191E-05  7.1378E+04  7.1378E+04
5.0215E-05  7.1298E+04  7.1298E+04
5.0239E-05  7.1217E+04  7.1217E+04
5.0263E-05  7.1137E+04  7.1137E+04
5.0287E-05  7.1057E+04  7.1057E+04
5.0311E-05  7.0977E+04  7.0977E+04
5.0335E-05  7.0897E+04  7.0896E+04
5.0359E-05  7.0817E+04  7.0816E+04
5.0383E-05  7.0737E+04  7.0736E+04
5.0407E-05  7.0657E+04  7.0657E+04
5.0431E-05  7.0577E+04  7.0577E+04
5.0455E-05  7.0497E+04  7.0497E+04
5.0479E-05  7.0418E+04  7.0418E+04
5.0503E-05  7.0338E+04  7.0338E+04
5.0527E-05  7.0259E+04  7.0259E+04
5.0551E-05  7.0179E+04  7.0179E+04
5.0575E-05  7.0100E+04  7.0100E+04
5.0599E-05  7.0021E+04  7.0021E+04
5.0623E-05  6.9943E+04  6.9943E+04
5.0647E-05  6.9868E+04  6.9867E+04
5.0671E-05  6.9792E+04  6.9792E+04
5.0695E-05  6.9717E+04  6.9716E+04
5.0719E-05  6.9641E+04  6.9641E+04
5.0743E-05  6.9566E+04  6.9566E+04
5.0767E-05  6.9491E+04  6.9490E+04
5.0791E-05  6.9415E+04  6.9415E+04
5.0816E-05  6.9340E+04  6.9340E+04
5.0840E-05  6.9265E+04  6.9265E+04
5.0864E-05  6.9190E+04  6.9190E+04
5.0888E-05  6.9115E+04  6.9115E+04
5.0912E-05  6.9041E+04  6.9040E+04
5.0936E-05  6.8966E+04  6.8966E+04
5.0961E-05  6.8891E+04  6.8891E+04
5.0985E-05  6.8817E+04  6.8817E+04
5.1009E-05  6.8742E+04  6.8742E+04
5.1033E-05  6.8668E+04  6.8668E+04
5.1058E-05  6.8593E+04  6.8593E+04
5.1082E-05  6.8519E+04  6.8519E+04
5.1106E-05  6.8445E+04  6.8445E+04
5.1130E-05  6.8371E+04  6.8371E+04
5.1155E-05  6.8297E+04  6.8297E+04
5.1179E-05  6.8223E+04  6.8223E+04
5.1203E-05  6.8149E+04  6.8149E+04
5.1228E-05  6.8075E+04  6.8075E+04
5.1252E-05  6.8001E+04  6.8001E+04
5.1276E-05  6.7928E+04  6.7928E+04
5.1301E-05  6.7854E+04  6.7854E+04
5.1325E-05  6.7781E+04  6.7780E+04
5.1350E-05  6.7707E+04  6.7707E+04
5.1374E-05  6.7634E+04  6.7634E+04
5.1398E-05  6.7560E+04  6.7560E+04
5.1423E-05  6.7487E+04  6.7487E+04
5.1447E-05  6.7414E+04  6.7414E+04
5.1472E-05  6.7341E+04  6.7341E+04
5.1496E-05  6.7268E+04  6.7268E+04
5.1521E-05  6.7195E+04  6.7195E+04
5.1545E-05  6.7122E+04  6.7122E+04
5.1570E-05  6.7049E+04  6.7049E+04
5.1594E-05  6.6977E+04  6.6977E+04
5.1619E-05  6.6904E+04  6.6904E+04
5.1643E-05  6.6832E+04  6.6831E+04
5.1668E-05  6.6759E+04  6.6759E+04
5.1692E-05  6.6687E+04  6.6686E+04
5.1717E-05  6.6614E+04  6.6614E+04
5.1742E-05  6.6542E+04  6.6542E+04
5.1766E-05  6.6470E+04  6.6470E+04
5.1791E-05  6.6398E+04  6.6398E+04
5.1815E-05  6.6326E+04  6.6326E+04
5.1840E-05  6.6254E+04  6.6254E+04
5.1865E-05  6.6182E+04  6.6182E+04
5.1889E-05  6.6110E+04  6.6110E+04
5.1914E-05  6.6038E+04  6.6038E+04
5.1939E-05  6.5967E+04  6.5966E+04
5.1963E-05  6.5895E+04  6.5895E+04
5.1988E-05  6.5823E+04  6.5823E+04
5.2013E-05  6.5752E+04  6.5752E+04
5.2038E-05  6.5681E+04  6.5680E+04
5.2062E-05  6.5609E+04  6.5609E+04
5.2087E-05  6.5538E+04  6.5538E+04
5.2112E-05  6.5467E+04  6.5467E+04
5.2137E-05  6.5396E+04  6.5395E+04
5.2161E-05  6.5325E+04  6.5324E+04
5.2186E-05  6.5254E+04  6.5253E+04
5.2211E-05  6.5183E+04  6.5183E+04
5.2236E-05  6.5112E+04  6.5112E+04
5.2261E-05  6.5041E+04  6.5041E+04
5.2285E-05  6.4971E+04  6.4970E+04
5.2310E-05  6.4900E+04  6.4900E+04
5.2335E-05  6.4829E+04  6.4829E+04
5.2360E-05  6.4759E+04  6.4759E+04
5.2385E-05  6.4689E+04  6.4688E+04
5.2410E-05  6.4618E+04  6.4618E+04
5.2435E-05  6.4548E+04  6.4548E+04
5.2460E-05  6.4478E+04  6.4478E+04
5.2485E-05  6.4408E+04  6.4408E+04
5.2510E-05  6.4339E+04  6.4339E+04
5.2535E-05  6.4271E+04  6.4271E+04
5.2560E-05  6.4202E+04  6.4202E+04
5.2585E-05  6.4134E+04  6.4134E+04
5.2610E-05  6.4066E+04  6.4066E+04
5.2635E-05  6.3998E+04  6.3998E+04
5.2660E-05  6.3930E+04  6.3930E+04
5.2685E-05  6.3862E+04  6.3862E+04
5.2710E-05  6.3794E+04  6.3794E+04
5.2735E-05  6.3727E+04  6.3726E+04
5.2760E-05  6.3659E+04  6.3659E+04
5.2785E-05  6.3591E+04  6.3591E+04
5.2810E-05  6.3524E+04  6.3523E+04
5.2835E-05  6.3456E+04  6.3456E+04
5.2860E-05  6.3389E+04  6.3388E+04
5.2885E-05  6.3321E+04  6.3321E+04
5.2910E-05  6.3254E+04  6.3254E+04
5.2936E-05  6.3187E+04  6.3186E+04
5.2961E-05  6.3119E+04  6.3119E+04
5.2986E-05  6.3052E+04  6.3052E+04
5.3011E-05  6.2985E+04  6.2985E+04
5.3036E-05  6.2918E+04  6.2918E+04
5.3062E-05  6.2851E+04  6.2851E+04
5.3087E-05  6.2785E+04  6.2784E+04
5.3112E-05  6.2718E+04  6.2718E+04
5.3137E-05  6.2651E+04  6.2651E+04
5.3163E-05  6.2584E+04  6.2584E+04
5.3188E-05  6.2518E+04  6.2518E+04
5.3213E-05  6.2451E+04  6.2451E+04
5.3238E-05  6.2385E+04  6.2385E+04
5.3264E-05  6.2319E+04  6.2318E+04
5.3289E-05  6.2252E+04  6.2252E+04
5.3314E-05  6.2186E+04  6.2186E+04
5.3340E-05  6.2120E+04  6.2120E+04
5.3365E-05  6.2054E+04  6.2054E+04
5.3390E-05  6.1988E+04  6.1987E+04
5.3416E-05  6.1922E+04  6.1921E+04
5.3441E-05  6.1856E+04  6.1856E+04
5.3467E-05  6.1790E+04  6.1790E+04
5.3492E-05  6.1724E+04  6.1724E+04
5.3517E-05  6.1658E+04  6.1658E+04
5.3543E-05  6.1593E+04  6.1593E+04
5.3568E-05  6.1527E+04  6.1527E+04
5.3594E-05  6.1462E+04  6.1461E+04
5.3619E-05  6.1396E+04  6.1396E+04
5.3645E-05  6.1331E+04  6.1331E+04
5.3670E-05  6.1265E+04  6.1265E+04
5.3696E-05  6.1200E+04  6.1200E+04
5.3721E-05  6.1135E+04  6.1135E+04
5.3747E-05  6.1070E+04  6.1070E+04
5.3772E-05  6.1005E+04  6.1005E+04
5.3798E-05  6.0940E+04  6.0940E+04
5.3824E-05  6.0875E+04  6.0875E+04
5.3849E-05  6.0810E+04  6.0810E+04
5.3875E-05  6.0745E+04  6.0745E+04
5.3900E-05  6.0681E+04  6.0680E+04
5.3926E-05  6.0616E+04  6.0616E+04
5.3952E-05  6.0551E+04  6.0551E+04
5.3977E-05  6.0487E+04  6.0487E+04
5.4003E-05  6.0422E+04  6.0422E+04
5.4029E-05  6.0358E+04  6.0358E+04
5.4054E-05  6.0294E+04  6.0293E+04
5.4080E-05  6.0229E+04  6.0229E+04
5.4106E-05  6.0165E+04  6.0165E+04
5.4131E-05  6.0101E+04  6.0101E+04
5.4157E-05  6.0037E+04  6.0037E+04
5.4183E-05  5.9973E+04  5.9973E+04
5.4209E-05  5.9909E+04  5.9909E+04
5.4234E-05  5.9845E+04  5.9845E+04
5.4260E-05  5.9781E+04  5.9781E+04
5.4286E-05  5.9717E+04  5.9717E+04
5.4312E-05  5.9654E+04  5.9653E+04
5.4338E-05  5.9590E+04  5.9590E+04
5.4363E-05  5.9527E+04  5.9526E+04
5.4389E-05  5.9464E+04  5.9464E+04
5.4415E-05  5.9402E+04  5.9402E+04
5.4441E-05  5.9340E+04  5.9339E+04
5.4467E-05  5.9277E+04  5.9277E+04
5.4493E-05  5.9215E+04  5.9215E+04
5.4519E-05  5.9153E+04  5.9153E+04
5.4545E-05  5.9091E+04  5.9091E+04
5.4571E-05  5.9029E+04  5.9029E+04
5.4596E-05  5.8967E+04  5.8967E+04
5.4622E-05  5.8906E+04  5.8905E+04
5.4648E-05  5.8844E+04  5.8844E+04
5.4674E-05  5.8782E+04  5.8782E+04
5.4700E-05  5.8721E+04  5.8720E+04
5.4726E-05  5.8659E+04  5.8659E+04
5.4752E-05  5.8597E+04  5.8597E+04
5.4778E-05  5.8536E+04  5.8536E+04
5.4804E-05  5.8475E+04  5.8474E+04
5.4831E-05  5.8413E+04  5.8413E+04
5.4857E-05  5.8352E+04  5.8352E+04
5.4883E-05  5.8291E+04  5.8291E+04
5.4909E-05  5.8230E+04  5.8230E+04
5.4935E-05  5.8169E+04  5.8168E+04
5.4961E-05  5.8108E+04  5.8107E+04
5.4987E-05  5.8047E+04  5.8046E+04
5.5013E-05  5.7986E+04  5.7986E+04
5.5039E-05  5.7925E+04  5.7925E+04
5.5066E-05  5.7864E+04  5.7864E+04
5.5092E-05  5.7803E+04  5.7803E+04
5.5118E-05  5.7743E+04  5.7743E+04
5.5144E-05  5.7682E+04  5.7682E+04
5.5170E-05  5.7622E+04  5.7621E+04
5.5197E-05  5.7561E+04  5.7561E+04
5.5223E-05  5.7501E+04  5.7501E+04
5.5249E-05  5.7440E+04  5.7440E+04
5.5275E-05  5.7380E+04  5.7380E+04
5.5302E-05  5.7320E+04  5.7320E+04
5.5328E-05  5.7260E+04  5.7260E+04
5.5354E-05  5.7200E+04  5.7199E+04
5.5381E-05  5.7140E+04  5.7139E+04
5.5407E-05  5.7080E+04  5.7079E+04
5.5433E-05  5.7020E+04  5.7019E+04
5.5460E-05  5.6960E+04  5.6960E+04
5.5486E-05  5.6900E+04  5.6900E+04
5.5512E-05  5.6840E+04  5.6840E+04
5.5539E-05  5.6780E+04  5.6780E+04
5.5565E-05  5.6721E+04  5.6721E+04
5.5591E-05  5.6661E+04  5.6661E+04
5.5618E-05  5.6602E+04  5.6602E+04
5.5644E-05  5.6542E+04  5.6542E+04
5.5671E-05  5.6483E+04  5.6483E+04
5.5697E-05  5.6424E+04  5.6423E+04
5.5724E-05  5.6364E+04  5.6364E+04
5.5750E-05  5.6305E+04  5.6305E+04
5.5777E-05  5.6246E+04  5.6246E+04
5.5803E-05  5.6187E+04  5.6187E+04
5.5830E-05  5.6128E+04  5.6128E+04
5.5856E-05  5.6069E+04  5.6069E+04
5.5883E-05  5.6010E+04  5.6010E+04
5.5909E-05  5.5951E+04  5.5951E+04
5.5936E-05  5.5892E+04  5.5892E+04
5.5963E-05  5.5833E+04  5.5833E+04
5.5989E-05  5.5775E+04  5.5775E+04
5.6016E-05  5.5716E+04  5.5716E+04
5.6042E-05  5.5658E+04  5.5657E+04
5.6069E-05  5.5599E+04  5.5599E+04
5.6096E-05  5.5541E+04  5.5540E+04
5.6122E-05  5.5482E+04  5.5482E+04
5.6149E-05  5.5424E+04  5.5424E+04
5.6176E-05  5.5366E+04  5.5365E+04
5.6203E-05  5.5307E+04  5.5307E+04
5.6229E-05  5.5249E+04  5.5249E+04
5.6256E-05  5.5192E+04  5.5192E+04
5.6283E-05  5.5135E+04  5.5135E+04
5.6309E-05  5.5078E+04  5.5078E+04
5.6336E-05  5.5022E+04  5.5021E+04
5.6363E-05  5.4965E+04  5.4965E+04
5.6390E-05  5.4908E+04  5.4908E+04
5.6417E-05  5.4852E+04  5.4852E+04
5.6443E-05  5.4795E+04  5.4795E+04
5.6470E-05  5.4739E+04  5.4739E+04
5.6497E-05  5.4683E+04  5.4682E+04
5.6524E-05  5.4626E+04  5.4626E+04
5.6551E-05  5.4570E+04  5.4570E+04
5.6578E-05  5.4514E+04  5.4514E+04
5.6605E-05  5.4458E+04  5.4457E+04
5.6632E-05  5.4401E+04  5.4401E+04
5.6658E-05  5.4345E+04  5.4345E+04
5.6685E-05  5.4289E+04  5.4289E+04
5.6712E-05  5.4233E+04  5.4233E+04
5.6739E-05  5.4178E+04  5.4177E+04
5.6766E-05  5.4122E+04  5.4122E+04
5.6793E-05  5.4066E+04  5.4066E+04
5.6820E-05  5.4010E+04  5.4010E+04
5.6847E-05  5.3955E+04  5.3954E+04
5.6874E-05  5.3899E+04  5.3899E+04
5.6901E-05  5.3843E+04  5.3843E+04
5.6928E-05  5.3788E+04  5.3788E+04
5.6955E-05  5.3733E+04  5.3732E+04
5.6983E-05  5.3677E+04  5.3677E+04
5.7010E-05  5.3622E+04  5.3622E+04
5.7037E-05  5.3567E+04  5.3566E+04
5.7064E-05  5.3511E+04  5.3511E+04
5.7091E-05  5.3456E+04  5.3456E+04
5.7118E-05  5.3401E+04  5.3401E+04
5.7145E-05  5.3346E+04  5.3346E+04
5.7172E-05  5.3291E+04  5.3291E+04
5.7200E-05  5.3236E+04  5.3236E+04
5.7227E-05  5.3181E+04  5.3181E+04
5.7254E-05  5.3126E+04  5.3126E+04
5.7281E-05  5.3071E+04  5.3071E+04
5.7308E-05  5.3017E+04  5.3017E+04
5.7336E-05  5.2962E+04  5.2962E+04
5.7363E-05  5.2907E+04  5.2907E+04
5.7390E-05  5.2853E+04  5.2853E+04
5.7418E-05  5.2798E+04  5.2798E+04
5.7445E-05  5.2744E+04  5.2744E+04
5.7472E-05  5.2689E+04  5.2689E+04
5.7499E-05  5.2635E+04  5.2635E+04
5.7527E-05  5.2581E+04  5.2581E+04
5.7554E-05  5.2527E+04  5.2526E+04
5.7581E-05  5.2472E+04  5.2472E+04
5.7609E-05  5.2418E+04  5.2418E+04
5.7636E-05  5.2364E+04  5.2364E+04
5.7664E-05  5.2310E+04  5.2310E+04
5.7691E-05  5.2256E+04  5.2256E+04
5.7718E-05  5.2202E+04  5.2202E+04
5.7746E-05  5.2148E+04  5.2148E+04
5.7773E-05  5.2095E+04  5.2094E+04
5.7801E-05  5.2041E+04  5.2041E+04
5.7828E-05  5.1987E+04  5.1987E+04
5.7856E-05  5.1933E+04  5.1933E+04
5.7883E-05  5.1880E+04  5.1880E+04
5.7911E-05  5.1826E+04  5.1826E+04
5.7938E-05  5.1773E+04  5.1773E+04
5.7966E-05  5.1719E+04  5.1719E+04
5.7993E-05  5.1666E+04  5.1666E+04
5.8021E-05  5.1613E+04  5.1612E+04
5.8049E-05  5.1559E+04  5.1559E+04
5.8076E-05  5.1506E+04  5.1506E+04
5.8104E-05  5.1453E+04  5.1453E+04
5.8131E-05  5.1402E+04  5.1401E+04
5.8159E-05  5.1351E+04  5.1351E+04
5.8187E-05  5.1300E+04  5.1300E+04
5.8214E-05  5.1250E+04  5.1250E+04
5.8242E-05  5.1199E+04  5.1199E+04
5.8270E-05  5.1149E+04  5.1149E+04
5.8297E-05  5.1099E+04  5.1099E+04
5.8325E-05  5.1048E+04  5.1048E+04
5.8353E-05  5.0998E+04  5.0998E+04
5.8381E-05  5.0948E+04  5.0948E+04
5.8408E-05  5.0898E+04  5.0898E+04
5.8436E-05  5.0848E+04  5.0848E+04
5.8464E-05  5.0798E+04  5.0798E+04
5.8492E-05  5.0748E+04  5.0748E+04
5.8520E-05  5.0698E+04  5.0698E+04
5.8547E-05  5.0648E+04  5.0648E+04
5.8575E-05  5.0598E+04  5.0598E+04
5.8603E-05  5.0548E+04  5.0548E+04
5.8631E-05  5.0498E+04  5.0498E+04
5.8659E-05  5.0449E+04  5.0449E+04
5.8687E-05  5.0399E+04  5.0399E+04
5.8715E-05  5.0349E+04  5.0349E+04
5.8742E-05  5.0300E+04  5.0300E+04
5.8770E-05  5.0250E+04  5.0250E+04
5.8798E-05  5.0201E+04  5.0201E+04
5.8826E-05  5.0151E+04  5.0151E+04
5.8854E-05  5.0102E+04  5.0102E+04
5.8882E-05  5.0053E+04  5.0053E+04
5.8910E-05  5.0003E+04  5.0003E+04
5.8938E-05  4.9954E+04  4.9954E+04
5.8966E-05  4.9905E+04  4.9905E+04
5.8994E-05  4.9856E+04  4.9856E+04
5.9022E-05  4.9807E+04  4.9807E+04
5.9050E-05  4.9758E+04  4.9758E+04
5.9078E-05  4.9709E+04  4.9709E+04
5.9107E-05  4.9660E+04  4.9660E+04
5.9135E-05  4.9611E+04  4.9611E+04
5.9163E-05  4.9562E+04  4.9562E+04
5.9191E-05  4.9513E+04  4.9513E+04
5.9219E-05  4.9465E+04  4.9464E+04
5.9247E-05  4.9416E+04  4.9416E+04
5.9275E-05  4.9367E+04  4.9367E+04
5.9304E-05  4.9319E+04  4.9318E+04
5.9332E-05  4.9270E+04  4.9270E+04
5.9360E-05  4.9221E+04  4.9221E+04
5.9388E-05  4.9173E+04  4.9173E+04
5.9416E-05  4.9125E+04  4.9124E+04
5.9445E-05  4.9076E+04  4.9076E+04
5.9473E-05  4.9028E+04  4.9028E+04
5.9501E-05  4.8980E+04  4.8979E+04
5.9529E-05  4.8931E+04  4.8931E+04
5.9558E-05  4.8883E+04  4.8883E+04
5.9586E-05  4.8835E+04  4.8835E+04
5.9614E-05  4.8787E+04  4.8787E+04
5.9643E-05  4.8739E+04  4.8739E+04
5.9671E-05  4.8691E+04  4.8691E+04
5.9699E-05  4.8643E+04  4.8643E+04
5.9728E-05  4.8595E+04  4.8595E+04
5.9756E-05  4.8547E+04  4.8547E+04
5.9785E-05  4.8499E+04  4.8499E+04
5.9813E-05  4.8451E+04  4.8451E+04
5.9841E-05  4.8404E+04  4.8403E+04
5.9870E-05  4.8356E+04  4.8356E+04
5.9898E-05  4.8308E+04  4.8308E+04
5.9927E-05  4.8261E+04  4.8261E+04
5.9955E-05  4.8213E+04  4.8213E+04
5.9984E-05  4.8166E+04  4.8166E+04
6.0012E-05  4.8126E+04  4.8125E+04
6.0041E-05  4.8086E+04  4.8086E+04
6.0069E-05  4.8047E+04  4.8047E+04
6.0098E-05  4.8007E+04  4.8007E+04
6.0127E-05  4.7968E+04  4.7968E+04
6.0155E-05  4.7929E+04  4.7928E+04
6.0184E-05  4.7889E+04  4.7889E+04
6.0212E-05  4.7850E+04  4.7850E+04
6.0241E-05  4.7811E+04  4.7811E+04
6.0270E-05  4.7772E+04  4.7771E+04
6.0298E-05  4.7732E+04  4.7732E+04
6.0327E-05  4.7693E+04  4.7693E+04
6.0356E-05  4.7654E+04  4.7654E+04
6.0384E-05  4.7615E+04  4.7615E+04
6.0413E-05  4.7576E+04  4.7576E+04
6.0442E-05  4.7537E+04  4.7537E+04
6.0470E-05  4.7498E+04  4.7498E+04
6.0499E-05  4.7459E+04  4.7459E+04
6.0528E-05  4.7420E+04  4.7420E+04
6.0557E-05  4.7381E+04  4.7381E+04
6.0586E-05  4.7343E+04  4.7342E+04
6.0614E-05  4.7304E+04  4.7304E+04
6.0643E-05  4.7265E+04  4.7265E+04
6.0672E-05  4.7226E+04  4.7226E+04
6.0701E-05  4.7188E+04  4.7187E+04
6.0730E-05  4.7149E+04  4.7149E+04
6.0759E-05  4.7110E+04  4.7110E+04
6.0787E-05  4.7072E+04  4.7072E+04
6.0816E-05  4.7033E+04  4.7033E+04
6.0845E-05  4.6995E+04  4.6994E+04
6.0874E-05  4.6956E+04  4.6956E+04
6.0903E-05  4.6918E+04  4.6917E+04
6.0932E-05  4.6879E+04  4.6879E+04
6.0961E-05  4.6841E+04  4.6841E+04
6.0990E-05  4.6802E+04  4.6802E+04
6.1019E-05  4.6764E+04  4.6764E+04
6.1048E-05  4.6726E+04  4.6726E+04
6.1077E-05  4.6688E+04  4.6687E+04
6.1106E-05  4.6649E+04  4.6649E+04
6.1135E-05  4.6611E+04  4.6611E+04
6.1164E-05  4.6573E+04  4.6573E+04
6.1193E-05  4.6535E+04  4.6535E+04
6.1222E-05  4.6497E+04  4.6497E+04
6.1251E-05  4.6459E+04  4.6459E+04
6.1281E-05  4.6421E+04  4.6421E+04
6.1310E-05  4.6383E+04  4.6383E+04
6.1339E-05  4.6345E+04  4.6345E+04
6.1368E-05  4.6307E+04  4.6307E+04
6.1397E-05  4.6269E+04  4.6269E+04
6.1426E-05  4.6231E+04  4.6231E+04
6.1456E-05  4.6193E+04  4.6193E+04
6.1485E-05  4.6155E+04  4.6155E+04
6.1514E-05  4.6118E+04  4.6117E+04
6.1543E-05  4.6080E+04  4.6080E+04
6.1573E-05  4.6042E+04  4.6042E+04
6.1602E-05  4.6005E+04  4.6004E+04
6.1631E-05  4.5967E+04  4.5967E+04
6.1660E-05  4.5929E+04  4.5929E+04
6.1690E-05  4.5892E+04  4.5892E+04
6.1719E-05  4.5854E+04  4.5854E+04
6.1748E-05  4.5817E+04  4.5817E+04
6.1778E-05  4.5779E+04  4.5779E+04
6.1807E-05  4.5742E+04  4.5742E+04
6.1836E-05  4.5704E+04  4.5704E+04
6.1866E-05  4.5678E+04  4.5677E+04
6.1895E-05  4.5682E+04  4.5682E+04
6.1925E-05  4.5689E+04  4.5689E+04
6.1954E-05  4.5695E+04  4.5695E+04
6.1984E-05  4.5702E+04  4.5702E+04
6.2013E-05  4.5709E+04  4.5709E+04
6.2043E-05  4.5715E+04  4.5715E+04
6.2072E-05  4.5722E+04  4.5722E+04
6.2102E-05  4.5728E+04  4.5728E+04
6.2131E-05  4.5735E+04  4.5735E+04
6.2161E-05  4.5741E+04  4.5741E+04
6.2190E-05  4.5748E+04  4.5747E+04
6.2220E-05  4.5754E+04  4.5754E+04
6.2249E-05  4.5760E+04  4.5760E+04
6.2279E-05  4.5767E+04  4.5767E+04
6.2309E-05  4.5773E+04  4.5773E+04
6.2338E-05  4.5779E+04  4.5779E+04
6.2368E-05  4.5785E+04  4.5785E+04
6.2397E-05  4.5792E+04  4.5791E+04
6.2427E-05  4.5798E+04  4.5798E+04
6.2457E-05  4.5804E+04  4.5804E+04
6.2486E-05  4.5810E+04  4.5810E+04
6.2516E-05  4.5816E+04  4.5816E+04
6.2546E-05  4.5822E+04  4.5822E+04
6.2576E-05  4.5828E+04  4.5828E+04
6.2605E-05  4.5834E+04  4.5834E+04
6.2635E-05  4.5840E+04  4.5840E+04
6.2665E-05  4.5846E+04  4.5846E+04
6.2695E-05  4.5852E+04  4.5852E+04
6.2724E-05  4.5858E+04  4.5858E+04
6.2754E-05  4.5864E+04  4.5863E+04
6.2784E-05  4.5869E+04  4.5869E+04
6.2814E-05  4.5875E+04  4.5875E+04
6.2844E-05  4.5881E+04  4.5881E+04
6.2874E-05  4.5887E+04  4.5887E+04
6.2904E-05  4.5892E+04  4.5892E+04
6.2934E-05  4.5898E+04  4.5898E+04
6.2963E-05  4.5904E+04  4.5904E+04
6.2993E-05  4.5909E+04  4.5909E+04
6.3023E-05  4.5915E+04  4.5915E+04
6.3053E-05  4.5920E+04  4.5920E+04
6.3083E-05  4.5926E+04  4.5926E+04
6.3113E-05  4.5931E+04  4.5931E+04
6.3143E-05  4.5937E+04  4.5937E+04
6.3173E-05  4.5942E+04  4.5942E+04
6.3203E-05  4.5948E+04  4.5947E+04
6.3233E-05  4.5953E+04  4.5953E+04
6.3263E-05  4.5958E+04  4.5958E+04
6.3293E-05  4.5964E+04  4.5963E+04
6.3324E-05  4.5969E+04  4.5969E+04
6.3354E-05  4.5974E+04  4.5974E+04
6.3384E-05  4.5979E+04  4.5979E+04
6.3414E-05  4.5985E+04  4.5984E+04
6.3444E-05  4.5990E+04  4.5990E+04
6.3474E-05  4.5995E+04  4.5995E+04
6.3504E-05  4.6000E+04  4.6000E+04
6.3535E-05  4.6005E+04  4.6005E+04
6.3565E-05  4.6010E+04  4.6010E+04
6.3595E-05  4.6015E+04  4.6015E+04
6.3625E-05  4.6020E+04  4.6020E+04
6.3655E-05  4.6025E+04  4.6025E+04
6.3686E-05  4.6030E+04  4.6030E+04
6.3716E-05  4.6035E+04  4.6035E+04
6.3746E-05  4.6054E+04  4.6054E+04
6.3777E-05  4.6095E+04  4.6095E+04
6.3807E-05  4.6137E+04  4.6137E+04
6.3837E-05  4.6178E+04  4.6178E+04
6.3868E-05  4.6220E+04  4.6219E+04
6.3898E-05  4.6261E+04  4.6261E+04
6.3928E-05  4.6302E+04  4.6302E+04
6.3959E-05  4.6343E+04  4.6343E+04
6.3989E-05  4.6384E+04  4.6384E+04
6.4020E-05  4.6425E+04  4.6425E+04
6.4050E-05  4.6466E+04  4.6466E+04
6.4080E-05  4.6507E+04  4.6507E+04
6.4111E-05  4.6548E+04  4.6548E+04
6.4141E-05  4.6589E+04  4.6588E+04
6.4172E-05  4.6629E+04  4.6629E+04
6.4202E-05  4.6670E+04  4.6669E+04
6.4233E-05  4.6710E+04  4.6710E+04
6.4263E-05  4.6750E+04  4.6750E+04
6.4294E-05  4.6791E+04  4.6790E+04
6.4325E-05  4.6831E+04  4.6831E+04
6.4355E-05  4.6871E+04  4.6871E+04
6.4386E-05  4.6911E+04  4.6911E+04
6.4416E-05  4.6951E+04  4.6951E+04
6.4447E-05  4.6991E+04  4.6991E+04
6.4478E-05  4.7031E+04  4.7030E+04
6.4508E-05  4.7070E+04  4.7070E+04
6.4539E-05  4.7110E+04  4.7110E+04
6.4570E-05  4.7149E+04  4.7149E+04
6.4600E-05  4.7189E+04  4.7189E+04
6.4631E-05  4.7228E+04  4.7228E+04
6.4662E-05  4.7268E+04  4.7267E+04
6.4692E-05  4.7307E+04  4.7307E+04
6.4723E-05  4.7346E+04  4.7346E+04
6.4754E-05  4.7385E+04  4.7385E+04
6.4785E-05  4.7424E+04  4.7424E+04
6.4816E-05  4.7463E+04  4.7463E+04
6.4846E-05  4.7502E+04  4.7502E+04
6.4877E-05  4.7541E+04  4.7540E+04
6.4908E-05  4.7579E+04  4.7579E+04
6.4939E-05  4.7618E+04  4.7618E+04
6.4970E-05  4.7656E+04  4.7656E+04
6.5001E-05  4.7695E+04  4.7695E+04
6.5032E-05  4.7733E+04  4.7733E+04
6.5063E-05  4.7771E+04  4.7771E+04
6.5093E-05  4.7810E+04  4.7809E+04
6.5124E-05  4.7848E+04  4.7848E+04
6.5155E-05  4.7886E+04  4.7886E+04
6.5186E-05  4.7924E+04  4.7924E+04
6.5217E-05  4.7962E+04  4.7961E+04
6.5248E-05  4.7999E+04  4.7999E+04
6.5279E-05  4.8037E+04  4.8037E+04
6.5310E-05  4.8075E+04  4.8075E+04
6.5341E-05  4.8112E+04  4.8112E+04
6.5372E-05  4.8150E+04  4.8150E+04
6.5404E-05  4.8187E+04  4.8187E+04
6.5435E-05  4.8225E+04  4.8225E+04
6.5466E-05  4.8262E+04  4.8262E+04
6.5497E-05  4.8299E+04  4.8299E+04
6.5528E-05  4.8336E+04  4.8336E+04
6.5559E-05  4.8373E+04  4.8373E+04
6.5590E-05  4.8410E+04  4.8410E+04
6.5622E-05  4.8368E+04  4.8368E+04
6.5653E-05  4.8205E+04  4.8205E+04
6.5684E-05  4.8040E+04  4.8040E+04
6.5715E-05  4.7876E+04  4.7876E+04
6.5746E-05  4.7713E+04  4.7713E+04
6.5778E-05  4.7549E+04  4.7549E+04
6.5809E-05  4.7386E+04  4.7386E+04
6.5840E-05  4.7223E+04  4.7223E+04
6.5872E-05  4.7060E+04  4.7060E+04
6.5903E-05  4.6897E+04  4.6897E+04
6.5934E-05  4.6735E+04  4.6735E+04
6.5965E-05  4.6573E+04  4.6573E+04
6.5997E-05  4.6411E+04  4.6410E+04
6.6028E-05  4.6249E+04  4.6249E+04
6.6060E-05  4.6087E+04  4.6087E+04
6.6091E-05  4.5926E+04  4.5926E+04
6.6122E-05  4.5765E+04  4.5764E+04
6.6154E-05  4.5604E+04  4.5604E+04
6.6185E-05  4.5443E+04  4.5443E+04
6.6217E-05  4.5282E+04  4.5282E+04
6.6248E-05  4.5122E+04  4.5122E+04
6.6280E-05  4.4962E+04  4.4962E+04
6.6311E-05  4.4802E+04  4.4802E+04
6.6343E-05  4.4642E+04  4.4642E+04
6.6374E-05  4.4483E+04  4.4483E+04
6.6406E-05  4.4323E+04  4.4323E+04
6.6437E-05  4.4164E+04  4.4164E+04
6.6469E-05  4.4005E+04  4.4005E+04
6.6501E-05  4.3847E+04  4.3847E+04
6.6532E-05  4.3688E+04  4.3688E+04
6.6564E-05  4.3530E+04  4.3530E+04
6.6596E-05  4.3372E+04  4.3372E+04
6.6627E-05  4.3214E+04  4.3214E+04
6.6659E-05  4.3057E+04  4.3057E+04
6.6691E-05  4.2899E+04  4.2899E+04
6.6722E-05  4.2742E+04  4.2742E+04
6.6754E-05  4.2585E+04  4.2585E+04
6.6786E-05  4.2428E+04  4.2428E+04
6.6817E-05  4.2272E+04  4.2272E+04
6.6849E-05  4.2115E+04  4.2115E+04
6.6881E-05  4.1959E+04  4.1959E+04
6.6913E-05  4.1803E+04  4.1803E+04
6.6945E-05  4.1647E+04  4.1647E+04
6.6976E-05  4.1492E+04  4.1492E+04
6.7008E-05  4.1336E+04  4.1336E+04
6.7040E-05  4.1181E+04  4.1181E+04
6.7072E-05  4.1026E+04  4.1026E+04
6.7104E-05  4.0872E+04  4.0872E+04
6.7136E-05  4.0717E+04  4.0717E+04
6.7168E-05  4.0563E+04  4.0563E+04
6.7200E-05  4.0409E+04  4.0409E+04
6.7232E-05  4.0255E+04  4.0255E+04
6.7264E-05  4.0101E+04  4.0101E+04
6.7296E-05  3.9947E+04  3.9947E+04
6.7328E-05  3.9794E+04  3.9794E+04
6.7360E-05  3.9641E+04  3.9641E+04
6.7392E-05  3.9488E+04  3.9488E+04
6.7424E-05  3.9335E+04  3.9335E+04
6.7456E-05  3.9183E+04  3.9183E+04
6.7488E-05  3.9048E+04  3.9048E+04
6.7520E-05  3.8979E+04  3.8978E+04
6.7552E-05  3.8916E+04  3.8916E+04
6.7584E-05  3.8853E+04  3.8853E+04
6.7616E-05  3.8791E+04  3.8791E+04
6.7648E-05  3.8728E+04  3.8728E+04
6.7680E-05  3.8666E+04  3.8666E+04
6.7713E-05  3.8604E+04  3.8604E+04
6.7745E-05  3.8541E+04  3.8541E+04
6.7777E-05  3.8479E+04  3.8479E+04
6.7809E-05  3.8417E+04  3.8417E+04
6.7841E-05  3.8355E+04  3.8355E+04
6.7874E-05  3.8293E+04  3.8293E+04
6.7906E-05  3.8231E+04  3.8231E+04
6.7938E-05  3.8170E+04  3.8169E+04
6.7971E-05  3.8108E+04  3.8108E+04
6.8003E-05  3.8046E+04  3.8046E+04
6.8035E-05  3.7985E+04  3.7985E+04
6.8068E-05  3.7923E+04  3.7923E+04
6.8100E-05  3.7862E+04  3.7862E+04
6.8132E-05  3.7800E+04  3.7800E+04
6.8165E-05  3.7739E+04  3.7739E+04
6.8197E-05  3.7678E+04  3.7678E+04
6.8229E-05  3.7617E+04  3.7617E+04
6.8262E-05  3.7556E+04  3.7555E+04
6.8294E-05  3.7495E+04  3.7494E+04
6.8327E-05  3.7434E+04  3.7434E+04
6.8359E-05  3.7373E+04  3.7373E+04
6.8392E-05  3.7312E+04  3.7312E+04
6.8424E-05  3.7251E+04  3.7251E+04
6.8457E-05  3.7191E+04  3.7190E+04
6.8489E-05  3.7130E+04  3.7130E+04
6.8522E-05  3.7070E+04  3.7069E+04
6.8555E-05  3.7009E+04  3.7009E+04
6.8587E-05  3.6949E+04  3.6949E+04
6.8620E-05  3.6888E+04  3.6888E+04
6.8652E-05  3.6828E+04  3.6828E+04
6.8685E-05  3.6768E+04  3.6768E+04
6.8718E-05  3.6708E+04  3.6708E+04
6.8750E-05  3.6648E+04  3.6648E+04
6.8783E-05  3.6588E+04  3.6588E+04
6.8816E-05  3.6528E+04  3.6528E+04
6.8848E-05  3.6468E+04  3.6468E+04
6.8881E-05  3.6408E+04  3.6408E+04
6.8914E-05  3.6349E+04  3.6349E+04
6.8947E-05  3.6289E+04  3.6289E+04
6.8979E-05  3.6230E+04  3.6229E+04
6.9012E-05  3.6170E+04  3.6170E+04
6.9045E-05  3.6111E+04  3.6111E+04
6.9078E-05  3.6051E+04  3.6051E+04
6.9111E-05  3.5992E+04  3.5992E+04
6.9144E-05  3.5933E+04  3.5933E+04
6.9176E-05  3.5874E+04  3.5874E+04
6.9209E-05  3.5815E+04  3.5815E+04
6.9242E-05  3.5756E+04  3.5756E+04
6.9275E-05  3.5697E+04  3.5697E+04
6.9308E-05  3.5638E+04  3.5638E+04
6.9341E-05  3.5579E+04  3.5579E+04
6.9374E-05  3.5528E+04  3.5528E+04
6.9407E-05  3.5485E+04  3.5485E+04
6.9440E-05  3.5442E+04  3.5442E+04
6.9473E-05  3.5400E+04  3.5400E+04
6.9506E-05  3.5357E+04  3.5357E+04
6.9539E-05  3.5314E+04  3.5314E+04
6.9572E-05  3.5272E+04  3.5272E+04
6.9605E-05  3.5229E+04  3.5229E+04
6.9638E-05  3.5187E+04  3.5187E+04
6.9671E-05  3.5145E+04  3.5144E+04
6.9704E-05  3.5102E+04  3.5102E+04
6.9738E-05  3.5060E+04  3.5060E+04
6.9771E-05  3.5018E+04  3.5017E+04
6.9804E-05  3.4975E+04  3.4975E+04
6.9837E-05  3.4933E+04  3.4933E+04
6.9870E-05  3.4891E+04  3.4891E+04
6.9904E-05  3.4849E+04  3.4849E+04
6.9937E-05  3.4807E+04  3.4807E+04
6.9970E-05  3.4765E+04  3.4765E+04
7.0003E-05  3.4723E+04  3.4723E+04
7.0037E-05  3.4681E+04  3.4681E+04
7.0070E-05  3.4639E+04  3.4639E+04
7.0103E-05  3.4597E+04  3.4597E+04
7.0136E-05  3.4555E+04  3.4555E+04
7.0170E-05  3.4514E+04  3.4514E+04
7.0203E-05  3.4472E+04  3.4472E+04
7.0237E-05  3.4430E+04  3.4430E+04
7.0270E-05  3.4389E+04  3.4389E+04
7.0303E-05  3.4347E+04  3.4347E+04
7.0337E-05  3.4306E+04  3.4305E+04
7.0370E-05  3.4264E+04  3.4264E+04
7.0404E-05  3.4223E+04  3.4223E+04
7.0437E-05  3.4181E+04  3.4181E+04
7.0471E-05  3.4140E+04  3.4140E+04
7.0504E-05  3.4099E+04  3.4098E+04
7.0538E-05  3.4057E+04  3.4057E+04
7.0571E-05  3.4016E+04  3.4016E+04
7.0605E-05  3.3975E+04  3.3975E+04
7.0638E-05  3.3934E+04  3.3934E+04
7.0672E-05  3.3893E+04  3.3893E+04
7.0705E-05  3.3852E+04  3.3852E+04
7.0739E-05  3.3811E+04  3.3811E+04
7.0773E-05  3.3770E+04  3.3770E+04
7.0806E-05  3.3729E+04  3.3729E+04
7.0840E-05  3.3688E+04  3.3688E+04
7.0874E-05  3.3647E+04  3.3647E+04
7.0907E-05  3.3606E+04  3.3606E+04
7.0941E-05  3.3566E+04  3.3565E+04
7.0975E-05  3.3525E+04  3.3525E+04
7.1009E-05  3.3484E+04  3.3484E+04
7.1042E-05  3.3444E+04  3.3443E+04
7.1076E-05  3.3403E+04  3.3403E+04
7.1110E-05  3.3363E+04  3.3362E+04
7.1144E-05  3.3322E+04  3.3322E+04
7.1178E-05  3.3282E+04  3.3281E+04
7.1211E-05  3.3241E+04  3.3241E+04
7.1245E-05  3.3203E+04  3.3203E+04
7.1279E-05  3.3168E+04  3.3168E+04
7.1313E-05  3.3133E+04  3.3133E+04
7.1347E-05  3.3099E+04  3.3099E+04
7.1381E-05  3.3064E+04  3.3064E+04
7.1415E-05  3.3030E+04  3.3029E+04
7.1449E-05  3.2995E+04  3.2995E+04
7.1483E-05  3.2960E+04  3.2960E+04
7.1517E-05  3.2926E+04  3.2926E+04
7.1551E-05  3.2892E+04  3.2891E+04
7.1585E-05  3.2857E+04  3.2857E+04
7.1619E-05  3.2823E+04  3.2823E+04
7.1653E-05  3.2788E+04  3.2788E+04
7.1687E-05  3.2754E+04  3.2754E+04
7.1721E-05  3.2720E+04  3.2720E+04
7.1755E-05  3.2686E+04  3.2685E+04
7.1789E-05  3.2651E+04  3.2651E+04
7.1823E-05  3.2617E+04  3.2617E+04
7.1857E-05  3.2583E+04  3.2583E+04
7.1891E-05  3.2549E+04  3.2549E+04
7.1926E-05  3.2515E+04  3.2515E+04
7.1960E-05  3.2481E+04  3.2481E+04
7.1994E-05  3.2447E+04  3.2447E+04
7.2028E-05  3.2413E+04  3.2413E+04
7.2063E-05  3.2379E+04  3.2379E+04
7.2097E-05  3.2345E+04  3.2345E+04
7.2131E-05  3.2311E+04  3.2311E+04
7.2165E-05  3.2277E+04  3.2277E+04
7.2200E-05  3.2244E+04  3.2243E+04
7.2234E-05  3.2210E+04  3.2210E+04
7.2268E-05  3.2176E+04  3.2176E+04
7.2303E-05  3.2142E+04  3.2142E+04
7.2337E-05  3.2109E+04  3.2108E+04
7.2371E-05  3.2075E+04  3.2075E+04
7.2406E-05  3.2041E+04  3.2041E+04
7.2440E-05  3.2008E+04  3.2008E+04
7.2475E-05  3.1974E+04  3.1974E+04
7.2509E-05  3.1941E+04  3.1941E+04
7.2544E-05  3.1907E+04  3.1907E+04
7.2578E-05  3.1874E+04  3.1874E+04
7.2613E-05  3.1841E+04  3.1840E+04
7.2647E-05  3.1807E+04  3.1807E+04
7.2682E-05  3.1774E+04  3.1774E+04
7.2716E-05  3.1741E+04  3.1740E+04
7.2751E-05  3.1707E+04  3.1707E+04
7.2785E-05  3.1674E+04  3.1674E+04
7.2820E-05  3.1641E+04  3.1641E+04
7.2855E-05  3.1608E+04  3.1607E+04
7.2889E-05  3.1575E+04  3.1574E+04
7.2924E-05  3.1541E+04  3.1541E+04
7.2959E-05  3.1508E+04  3.1508E+04
7.2993E-05  3.1475E+04  3.1475E+04
7.3028E-05  3.1442E+04  3.1442E+04
7.3063E-05  3.1409E+04  3.1409E+04
7.3097E-05  3.1377E+04  3.1376E+04
7.3132E-05  3.1347E+04  3.1347E+04
7.3167E-05  3.1320E+04  3.1320E+04
7.3202E-05  3.1293E+04  3.1293E+04
7.3237E-05  3.1266E+04  3.1266E+04
7.3271E-05  3.1239E+04  3.1238E+04
7.3306E-05  3.1211E+04  3.1211E+04
7.3341E-05  3.1184E+04  3.1184E+04
7.3376E-05  3.1157E+04  3.1157E+04
7.3411E-05  3.1130E+04  3.1130E+04
7.3446E-05  3.1103E+04  3.1103E+04
7.3481E-05  3.1076E+04  3.1076E+04
7.3515E-05  3.1049E+04  3.1049E+04
7.3550E-05  3.1022E+04  3.1022E+04
7.3585E-05  3.0995E+04  3.0995E+04
7.3620E-05  3.0968E+04  3.0968E+04
7.3655E-05  3.0941E+04  3.0941E+04
7.3690E-05  3.0914E+04  3.0914E+04
7.3725E-05  3.0887E+04  3.0887E+04
7.3760E-05  3.0860E+04  3.0860E+04
7.3796E-05  3.0834E+04  3.0833E+04
7.3831E-05  3.0807E+04  3.0807E+04
7.3866E-05  3.0780E+04  3.0780E+04
7.3901E-05  3.0753E+04  3.0753E+04
7.3936E-05  3.0727E+04  3.0726E+04
7.3971E-05  3.0700E+04  3.0700E+04
7.4006E-05  3.0673E+04  3.0673E+04
7.4041E-05  3.0647E+04  3.0646E+04
7.4077E-05  3.0620E+04  3.0620E+04
7.4112E-05  3.0593E+04  3.0593E+04
7.4147E-05  3.0567E+04  3.0567E+04
7.4182E-05  3.0540E+04  3.0540E+04
7.4218E-05  3.0514E+04  3.0513E+04
7.4253E-05  3.0487E+04  3.0487E+04
7.4288E-05  3.0461E+04  3.0460E+04
7.4324E-05  3.0434E+04  3.0434E+04
7.4359E-05  3.0408E+04  3.0408E+04
7.4394E-05  3.0381E+04  3.0381E+04
7.4430E-05  3.0355E+04  3.0355E+04
7.4465E-05  3.0329E+04  3.0328E+04
7.4500E-05  3.0302E+04  3.0302E+04
7.4536E-05  3.0276E+04  3.0276E+04
7.4571E-05  3.0250E+04  3.0249E+04
7.4607E-05  3.0223E+04  3.0223E+04
7.4642E-05  3.0197E+04  3.0197E+04
7.4678E-05  3.0171E+04  3.0171E+04
7.4713E-05  3.0145E+04  3.0145E+04
7.4749E-05  3.0119E+04  3.0118E+04
7.4784E-05  3.0092E+04  3.0092E+04
7.4820E-05  3.0066E+04  3.0066E+04
7.4855E-05  3.0040E+04  3.0040E+04
7.4891E-05  3.0014E+04  3.0014E+04
7.4926E-05  2.9988E+04  2.9988E+04
7.4962E-05  2.9962E+04  2.9962E+04
7.4998E-05  2.9937E+04  2.9937E+04
7.5033E-05  2.9913E+04  2.9913E+04
7.5069E-05  2.9890E+04  2.9889E+04
7.5105E-05  2.9866E+04  2.9866E+04
7.5140E-05  2.9842E+04  2.9842E+04
7.5176E-05  2.9819E+04  2.9818E+04
7.5212E-05  2.9795E+04  2.9795E+04
7.5248E-05  2.9771E+04  2.9771E+04
7.5283E-05  2.9748E+04  2.9748E+04
7.5319E-05  2.9724E+04  2.9724E+04
7.5355E-05  2.9701E+04  2.9701E+04
7.5391E-05  2.9677E+04  2.9677E+04
7.5427E-05  2.9654E+04  2.9654E+04
7.5463E-05  2.9630E+04  2.9630E+04
7.5498E-05  2.9607E+04  2.9607E+04
7.5534E-05  2.9583E+04  2.9583E+04
7.5570E-05  2.9560E+04  2.9560E+04
7.5606E-05  2.9537E+04  2.9536E+04
7.5642E-05  2.9513E+04  2.9513E+04
7.5678E-05  2.9490E+04  2.9490E+04
7.5714E-05  2.9467E+04  2.9466E+04
7.5750E-05  2.9443E+04  2.9443E+04
7.5786E-05  2.9420E+04  2.9420E+04
7.5822E-05  2.9397E+04  2.9397E+04
7.5858E-05  2.9373E+04  2.9373E+04
7.5894E-05  2.9350E+04  2.9350E+04
7.5930E-05  2.9327E+04  2.9327E+04
7.5966E-05  2.9304E+04  2.9304E+04
7.6002E-05  2.9281E+04  2.9281E+04
7.6039E-05  2.9258E+04  2.9257E+04
7.6075E-05  2.9234E+04  2.9234E+04
7.6111E-05  2.9211E+04  2.9211E+04
7.6147E-05  2.9188E+04  2.9188E+04
7.6183E-05  2.9165E+04  2.9165E+04
7.6220E-05  2.9142E+04  2.9142E+04
7.6256E-05  2.9119E+04  2.9119E+04
7.6292E-05  2.9096E+04  2.9096E+04
7.6328E-05  2.9073E+04  2.9073E+04
7.6365E-05  2.9050E+04  2.9050E+04
7.6401E-05  2.9027E+04  2.9027E+04
7.6437E-05  2.9004E+04  2.9004E+04
7.6474E-05  2.8981E+04  2.8981E+04
7.6510E-05  2.8958E+04  2.8958E+04
7.6546E-05  2.8935E+04  2.8935E+04
7.6583E-05  2.8913E+04  2.8912E+04
7.6619E-05  2.8890E+04  2.8890E+04
7.6655E-05  2.8867E+04  2.8867E+04
7.6692E-05  2.8844E+04  2.8844E+04
7.6728E-05  2.8821E+04  2.8821E+04
7.6765E-05  2.8799E+04  2.8798E+04
7.6801E-05  2.8776E+04  2.8776E+04
7.6838E-05  2.8753E+04  2.8753E+04
7.6874E-05  2.8723E+04  2.8722E+04
7.6911E-05  2.8683E+04  2.8683E+04
7.6947E-05  2.8644E+04  2.8644E+04
7.6984E-05  2.8605E+04  2.8605E+04
7.7021E-05  2.8566E+04  2.8566E+04
7.7057E-05  2.8527E+04  2.8527E+04
7.7094E-05  2.8489E+04  2.8488E+04
7.7131E-05  2.8450E+04  2.8450E+04
7.7167E-05  2.8411E+04  2.8411E+04
7.7204E-05  2.8372E+04  2.8372E+04
7.7241E-05  2.8333E+04  2.8333E+04
7.7277E-05  2.8295E+04  2.8295E+04
7.7314E-05  2.8256E+04  2.8256E+04
7.7351E-05  2.8218E+04  2.8217E+04
7.7388E-05  2.8179E+04  2.8179E+04
7.7424E-05  2.8140E+04  2.8140E+04
7.7461E-05  2.8102E+04  2.8102E+04
7.7498E-05  2.8064E+04  2.8063E+04
7.7535E-05  2.8025E+04  2.8025E+04
7.7572E-05  2.7987E+04  2.7987E+04
7.7609E-05  2.7949E+04  2.7948E+04
7.7646E-05  2.7910E+04  2.7910E+04
7.7682E-05  2.7872E+04  2.7872E+04
7.7719E-05  2.7834E+04  2.7834E+04
7.7756E-05  2.7796E+04  2.7796E+04
7.7793E-05  2.7758E+04  2.7758E+04
7.7830E-05  2.7720E+04  2.7720E+04
7.7867E-05  2.7682E+04  2.7682E+04
7.7904E-05  2.7644E+04  2.7644E+04
7.7941E-05  2.7606E+04  2.7606E+04
7.7978E-05  2.7568E+04  2.7568E+04
7.8015E-05  2.7530E+04  2.7530E+04
7.8053E-05  2.7492E+04  2.7492E+04
7.8090E-05  2.7455E+04  2.7454E+04
7.8127E-05  2.7417E+04  2.7417E+04
7.8164E-05  2.7379E+04  2.7379E+04
7.8201E-05  2.7342E+04  2.7341E+04
7.8238E-05  2.7304E+04  2.7304E+04
7.8275E-05  2.7267E+04  2.7266E+04
7.8313E-05  2.7229E+04  2.7229E+04
7.8350E-05  2.7192E+04  2.7191E+04
7.8387E-05  2.7154E+04  2.7154E+04
7.8424E-05  2.7117E+04  2.7117E+04
7.8462E-05  2.7079E+04  2.7079E+04
7.8499E-05  2.7042E+04  2.7042E+04
7.8536E-05  2.7005E+04  2.7005E+04
7.8574E-05  2.6968E+04  2.6968E+04
7.8611E-05  2.6931E+04  2.6930E+04
7.8648E-05  2.6893E+04  2.6893E+04