Number of T =   1  Number of rho =   1  Number of materials =   9
TOPS results for  phW08T0         on Sep 19, 2026
Opacities in cm**2/gm, T in keV, density in gm/cc
Normalized composition for requested elements
No. Fraction Mass Fraction  At. No.  Chem. Sym.  Mat ID.
9.7044E-01   8.8941E-01      1         H         4525
2.9297E-02   1.0664E-01      2         He        4675
2.4325E-06   2.6953E-05      6         C         4387
1.1017E-04   1.4030E-03      7         N         4005
8.3156E-05   1.2116E-03      8         O         4105
2.5313E-09   4.3732E-08      9         F         4405
2.2228E-05   4.0413E-04     10         Ne        4145
4.1339E-05   9.0165E-04     12         Mg        4682
2.1699E-07   7.8856E-06     20         Ca        2302
Temperature grid used the following   1 points
1.5000E-03
Density grid used the following   1 points
1.9163E-09
Photon grid used the following 999 points
1.3587E-03  1.3594E-03  1.3600E-03  1.3607E-03  1.3613E-03  1.3620E-03
1.3626E-03  1.3633E-03  1.3639E-03  1.3646E-03  1.3652E-03  1.3659E-03
1.3665E-03  1.3672E-03  1.3678E-03  1.3685E-03  1.3691E-03  1.3698E-03
1.3704E-03  1.3711E-03  1.3717E-03  1.3724E-03  1.3730E-03  1.3737E-03
1.3743E-03  1.3750E-03  1.3756E-03  1.3763E-03  1.3769E-03  1.3776E-03
1.3782E-03  1.3789E-03  1.3796E-03  1.3802E-03  1.3809E-03  1.3815E-03
1.3822E-03  1.3828E-03  1.3835E-03  1.3842E-03  1.3848E-03  1.3855E-03
1.3861E-03  1.3868E-03  1.3874E-03  1.3881E-03  1.3888E-03  1.3894E-03
1.3901E-03  1.3907E-03  1.3914E-03  1.3921E-03  1.3927E-03  1.3934E-03
1.3941E-03  1.3947E-03  1.3954E-03  1.3960E-03  1.3967E-03  1.3974E-03
1.3980E-03  1.3987E-03  1.3994E-03  1.4000E-03  1.4007E-03  1.4014E-03
1.4020E-03  1.4027E-03  1.4034E-03  1.4040E-03  1.4047E-03  1.4054E-03
1.4060E-03  1.4067E-03  1.4074E-03  1.4080E-03  1.4087E-03  1.4094E-03
1.4100E-03  1.4107E-03  1.4114E-03  1.4121E-03  1.4127E-03  1.4134E-03
1.4141E-03  1.4147E-03  1.4154E-03  1.4161E-03  1.4168E-03  1.4174E-03
1.4181E-03  1.4188E-03  1.4195E-03  1.4201E-03  1.4208E-03  1.4215E-03
1.4222E-03  1.4228E-03  1.4235E-03  1.4242E-03  1.4249E-03  1.4255E-03
1.4262E-03  1.4269E-03  1.4276E-03  1.4283E-03  1.4289E-03  1.4296E-03
1.4303E-03  1.4310E-03  1.4317E-03  1.4323E-03  1.4330E-03  1.4337E-03
1.4344E-03  1.4351E-03  1.4357E-03  1.4364E-03  1.4371E-03  1.4378E-03
1.4385E-03  1.4392E-03  1.4398E-03  1.4405E-03  1.4412E-03  1.4419E-03
1.4426E-03  1.4433E-03  1.4440E-03  1.4446E-03  1.4453E-03  1.4460E-03
1.4467E-03  1.4474E-03  1.4481E-03  1.4488E-03  1.4495E-03  1.4501E-03
1.4508E-03  1.4515E-03  1.4522E-03  1.4529E-03  1.4536E-03  1.4543E-03
1.4550E-03  1.4557E-03  1.4564E-03  1.4571E-03  1.4577E-03  1.4584E-03
1.4591E-03  1.4598E-03  1.4605E-03  1.4612E-03  1.4619E-03  1.4626E-03
1.4633E-03  1.4640E-03  1.4647E-03  1.4654E-03  1.4661E-03  1.4668E-03
1.4675E-03  1.4682E-03  1.4689E-03  1.4696E-03  1.4703E-03  1.4710E-03
1.4717E-03  1.4724E-03  1.4731E-03  1.4738E-03  1.4745E-03  1.4752E-03
1.4759E-03  1.4766E-03  1.4773E-03  1.4780E-03  1.4787E-03  1.4794E-03
1.4801E-03  1.4808E-03  1.4815E-03  1.4822E-03  1.4829E-03  1.4836E-03
1.4843E-03  1.4850E-03  1.4857E-03  1.4864E-03  1.4871E-03  1.4878E-03
1.4886E-03  1.4893E-03  1.4900E-03  1.4907E-03  1.4914E-03  1.4921E-03
1.4928E-03  1.4935E-03  1.4942E-03  1.4949E-03  1.4956E-03  1.4964E-03
1.4971E-03  1.4978E-03  1.4985E-03  1.4992E-03  1.4999E-03  1.5006E-03
1.5013E-03  1.5021E-03  1.5028E-03  1.5035E-03  1.5042E-03  1.5049E-03
1.5056E-03  1.5063E-03  1.5071E-03  1.5078E-03  1.5085E-03  1.5092E-03
1.5099E-03  1.5106E-03  1.5114E-03  1.5121E-03  1.5128E-03  1.5135E-03
1.5142E-03  1.5150E-03  1.5157E-03  1.5164E-03  1.5171E-03  1.5178E-03
1.5186E-03  1.5193E-03  1.5200E-03  1.5207E-03  1.5215E-03  1.5222E-03
1.5229E-03  1.5236E-03  1.5244E-03  1.5251E-03  1.5258E-03  1.5265E-03
1.5273E-03  1.5280E-03  1.5287E-03  1.5294E-03  1.5302E-03  1.5309E-03
1.5316E-03  1.5323E-03  1.5331E-03  1.5338E-03  1.5345E-03  1.5353E-03
1.5360E-03  1.5367E-03  1.5374E-03  1.5382E-03  1.5389E-03  1.5396E-03
1.5404E-03  1.5411E-03  1.5418E-03  1.5426E-03  1.5433E-03  1.5440E-03
1.5448E-03  1.5455E-03  1.5462E-03  1.5470E-03  1.5477E-03  1.5484E-03
1.5492E-03  1.5499E-03  1.5507E-03  1.5514E-03  1.5521E-03  1.5529E-03
1.5536E-03  1.5543E-03  1.5551E-03  1.5558E-03  1.5566E-03  1.5573E-03
1.5580E-03  1.5588E-03  1.5595E-03  1.5603E-03  1.5610E-03  1.5618E-03
1.5625E-03  1.5632E-03  1.5640E-03  1.5647E-03  1.5655E-03  1.5662E-03
1.5670E-03  1.5677E-03  1.5684E-03  1.5692E-03  1.5699E-03  1.5707E-03
1.5714E-03  1.5722E-03  1.5729E-03  1.5737E-03  1.5744E-03  1.5752E-03
1.5759E-03  1.5767E-03  1.5774E-03  1.5782E-03  1.5789E-03  1.5797E-03
1.5804E-03  1.5812E-03  1.5819E-03  1.5827E-03  1.5834E-03  1.5842E-03
1.5849E-03  1.5857E-03  1.5864E-03  1.5872E-03  1.5879E-03  1.5887E-03
1.5895E-03  1.5902E-03  1.5910E-03  1.5917E-03  1.5925E-03  1.5932E-03
1.5940E-03  1.5948E-03  1.5955E-03  1.5963E-03  1.5970E-03  1.5978E-03
1.5986E-03  1.5993E-03  1.6001E-03  1.6008E-03  1.6016E-03  1.6024E-03
1.6031E-03  1.6039E-03  1.6046E-03  1.6054E-03  1.6062E-03  1.6069E-03
1.6077E-03  1.6085E-03  1.6092E-03  1.6100E-03  1.6108E-03  1.6115E-03
1.6123E-03  1.6131E-03  1.6138E-03  1.6146E-03  1.6154E-03  1.6161E-03
1.6169E-03  1.6177E-03  1.6184E-03  1.6192E-03  1.6200E-03  1.6207E-03
1.6215E-03  1.6223E-03  1.6230E-03  1.6238E-03  1.6246E-03  1.6254E-03
1.6261E-03  1.6269E-03  1.6277E-03  1.6285E-03  1.6292E-03  1.6300E-03
1.6308E-03  1.6316E-03  1.6323E-03  1.6331E-03  1.6339E-03  1.6347E-03
1.6354E-03  1.6362E-03  1.6370E-03  1.6378E-03  1.6386E-03  1.6393E-03
1.6401E-03  1.6409E-03  1.6417E-03  1.6424E-03  1.6432E-03  1.6440E-03
1.6448E-03  1.6456E-03  1.6464E-03  1.6471E-03  1.6479E-03  1.6487E-03
1.6495E-03  1.6503E-03  1.6511E-03  1.6518E-03  1.6526E-03  1.6534E-03
1.6542E-03  1.6550E-03  1.6558E-03  1.6566E-03  1.6573E-03  1.6581E-03
1.6589E-03  1.6597E-03  1.6605E-03  1.6613E-03  1.6621E-03  1.6629E-03
1.6637E-03  1.6645E-03  1.6652E-03  1.6660E-03  1.6668E-03  1.6676E-03
1.6684E-03  1.6692E-03  1.6700E-03  1.6708E-03  1.6716E-03  1.6724E-03
1.6732E-03  1.6740E-03  1.6748E-03  1.6756E-03  1.6764E-03  1.6772E-03
1.6780E-03  1.6788E-03  1.6796E-03  1.6803E-03  1.6811E-03  1.6819E-03
1.6827E-03  1.6835E-03  1.6843E-03  1.6851E-03  1.6859E-03  1.6868E-03
1.6876E-03  1.6884E-03  1.6892E-03  1.6900E-03  1.6908E-03  1.6916E-03
1.6924E-03  1.6932E-03  1.6940E-03  1.6948E-03  1.6956E-03  1.6964E-03
1.6972E-03  1.6980E-03  1.6988E-03  1.6996E-03  1.7004E-03  1.7012E-03
1.7021E-03  1.7029E-03  1.7037E-03  1.7045E-03  1.7053E-03  1.7061E-03
1.7069E-03  1.7077E-03  1.7085E-03  1.7093E-03  1.7102E-03  1.7110E-03
1.7118E-03  1.7126E-03  1.7134E-03  1.7142E-03  1.7150E-03  1.7159E-03
1.7167E-03  1.7175E-03  1.7183E-03  1.7191E-03  1.7199E-03  1.7208E-03
1.7216E-03  1.7224E-03  1.7232E-03  1.7240E-03  1.7249E-03  1.7257E-03
1.7265E-03  1.7273E-03  1.7281E-03  1.7290E-03  1.7298E-03  1.7306E-03
1.7314E-03  1.7322E-03  1.7331E-03  1.7339E-03  1.7347E-03  1.7355E-03
1.7364E-03  1.7372E-03  1.7380E-03  1.7388E-03  1.7397E-03  1.7405E-03
1.7413E-03  1.7422E-03  1.7430E-03  1.7438E-03  1.7446E-03  1.7455E-03
1.7463E-03  1.7471E-03  1.7480E-03  1.7488E-03  1.7496E-03  1.7505E-03
1.7513E-03  1.7521E-03  1.7530E-03  1.7538E-03  1.7546E-03  1.7555E-03
1.7563E-03  1.7571E-03  1.7580E-03  1.7588E-03  1.7596E-03  1.7605E-03
1.7613E-03  1.7621E-03  1.7630E-03  1.7638E-03  1.7647E-03  1.7655E-03
1.7663E-03  1.7672E-03  1.7680E-03  1.7689E-03  1.7697E-03  1.7705E-03
1.7714E-03  1.7722E-03  1.7731E-03  1.7739E-03  1.7747E-03  1.7756E-03
1.7764E-03  1.7773E-03  1.7781E-03  1.7790E-03  1.7798E-03  1.7807E-03
1.7815E-03  1.7824E-03  1.7832E-03  1.7841E-03  1.7849E-03  1.7857E-03
1.7866E-03  1.7874E-03  1.7883E-03  1.7891E-03  1.7900E-03  1.7908E-03
1.7917E-03  1.7926E-03  1.7934E-03  1.7943E-03  1.7951E-03  1.7960E-03
1.7968E-03  1.7977E-03  1.7985E-03  1.7994E-03  1.8002E-03  1.8011E-03
1.8019E-03  1.8028E-03  1.8037E-03  1.8045E-03  1.8054E-03  1.8062E-03
1.8071E-03  1.8080E-03  1.8088E-03  1.8097E-03  1.8105E-03  1.8114E-03
1.8123E-03  1.8131E-03  1.8140E-03  1.8148E-03  1.8157E-03  1.8166E-03
1.8174E-03  1.8183E-03  1.8192E-03  1.8200E-03  1.8209E-03  1.8218E-03
1.8226E-03  1.8235E-03  1.8244E-03  1.8252E-03  1.8261E-03  1.8270E-03
1.8278E-03  1.8287E-03  1.8296E-03  1.8304E-03  1.8313E-03  1.8322E-03
1.8330E-03  1.8339E-03  1.8348E-03  1.8357E-03  1.8365E-03  1.8374E-03
1.8383E-03  1.8392E-03  1.8400E-03  1.8409E-03  1.8418E-03  1.8427E-03
1.8435E-03  1.8444E-03  1.8453E-03  1.8462E-03  1.8470E-03  1.8479E-03
1.8488E-03  1.8497E-03  1.8506E-03  1.8514E-03  1.8523E-03  1.8532E-03
1.8541E-03  1.8550E-03  1.8558E-03  1.8567E-03  1.8576E-03  1.8585E-03
1.8594E-03  1.8603E-03  1.8611E-03  1.8620E-03  1.8629E-03  1.8638E-03
1.8647E-03  1.8656E-03  1.8665E-03  1.8673E-03  1.8682E-03  1.8691E-03
1.8700E-03  1.8709E-03  1.8718E-03  1.8727E-03  1.8736E-03  1.8745E-03
1.8753E-03  1.8762E-03  1.8771E-03  1.8780E-03  1.8789E-03  1.8798E-03
1.8807E-03  1.8816E-03  1.8825E-03  1.8834E-03  1.8843E-03  1.8852E-03
1.8861E-03  1.8870E-03  1.8879E-03  1.8888E-03  1.8897E-03  1.8906E-03
1.8915E-03  1.8924E-03  1.8933E-03  1.8942E-03  1.8951E-03  1.8960E-03
1.8969E-03  1.8978E-03  1.8987E-03  1.8996E-03  1.9005E-03  1.9014E-03
1.9023E-03  1.9032E-03  1.9041E-03  1.9050E-03  1.9059E-03  1.9068E-03
1.9077E-03  1.9086E-03  1.9095E-03  1.9104E-03  1.9113E-03  1.9122E-03
1.9132E-03  1.9141E-03  1.9150E-03  1.9159E-03  1.9168E-03  1.9177E-03
1.9186E-03  1.9195E-03  1.9204E-03  1.9214E-03  1.9223E-03  1.9232E-03
1.9241E-03  1.9250E-03  1.9259E-03  1.9268E-03  1.9278E-03  1.9287E-03
1.9296E-03  1.9305E-03  1.9314E-03  1.9323E-03  1.9333E-03  1.9342E-03
1.9351E-03  1.9360E-03  1.9369E-03  1.9379E-03  1.9388E-03  1.9397E-03
1.9406E-03  1.9416E-03  1.9425E-03  1.9434E-03  1.9443E-03  1.9452E-03
1.9462E-03  1.9471E-03  1.9480E-03  1.9489E-03  1.9499E-03  1.9508E-03
1.9517E-03  1.9527E-03  1.9536E-03  1.9545E-03  1.9554E-03  1.9564E-03
1.9573E-03  1.9582E-03  1.9592E-03  1.9601E-03  1.9610E-03  1.9620E-03
1.9629E-03  1.9638E-03  1.9648E-03  1.9657E-03  1.9666E-03  1.9676E-03
1.9685E-03  1.9694E-03  1.9704E-03  1.9713E-03  1.9722E-03  1.9732E-03
1.9741E-03  1.9751E-03  1.9760E-03  1.9769E-03  1.9779E-03  1.9788E-03
1.9798E-03  1.9807E-03  1.9816E-03  1.9826E-03  1.9835E-03  1.9845E-03
1.9854E-03  1.9864E-03  1.9873E-03  1.9882E-03  1.9892E-03  1.9901E-03
1.9911E-03  1.9920E-03  1.9930E-03  1.9939E-03  1.9949E-03  1.9958E-03
1.9968E-03  1.9977E-03  1.9987E-03  1.9996E-03  2.0006E-03  2.0015E-03
2.0025E-03  2.0034E-03  2.0044E-03  2.0053E-03  2.0063E-03  2.0072E-03
2.0082E-03  2.0091E-03  2.0101E-03  2.0111E-03  2.0120E-03  2.0130E-03
2.0139E-03  2.0149E-03  2.0158E-03  2.0168E-03  2.0178E-03  2.0187E-03
2.0197E-03  2.0206E-03  2.0216E-03  2.0226E-03  2.0235E-03  2.0245E-03
2.0254E-03  2.0264E-03  2.0274E-03  2.0283E-03  2.0293E-03  2.0303E-03
2.0312E-03  2.0322E-03  2.0332E-03  2.0341E-03  2.0351E-03  2.0361E-03
2.0370E-03  2.0380E-03  2.0390E-03  2.0399E-03  2.0409E-03  2.0419E-03
2.0428E-03  2.0438E-03  2.0448E-03  2.0458E-03  2.0467E-03  2.0477E-03
2.0487E-03  2.0497E-03  2.0506E-03  2.0516E-03  2.0526E-03  2.0536E-03
2.0545E-03  2.0555E-03  2.0565E-03  2.0575E-03  2.0584E-03  2.0594E-03
2.0604E-03  2.0614E-03  2.0624E-03  2.0633E-03  2.0643E-03  2.0653E-03
2.0663E-03  2.0673E-03  2.0682E-03  2.0692E-03  2.0702E-03  2.0712E-03
2.0722E-03  2.0732E-03  2.0742E-03  2.0751E-03  2.0761E-03  2.0771E-03
2.0781E-03  2.0791E-03  2.0801E-03  2.0811E-03  2.0821E-03  2.0830E-03
2.0840E-03  2.0850E-03  2.0860E-03  2.0870E-03  2.0880E-03  2.0890E-03
2.0900E-03  2.0910E-03  2.0920E-03  2.0930E-03  2.0940E-03  2.0950E-03
2.0960E-03  2.0969E-03  2.0979E-03  2.0989E-03  2.0999E-03  2.1009E-03
2.1019E-03  2.1029E-03  2.1039E-03  2.1049E-03  2.1059E-03  2.1069E-03
2.1079E-03  2.1089E-03  2.1099E-03  2.1109E-03  2.1120E-03  2.1130E-03
2.1140E-03  2.1150E-03  2.1160E-03  2.1170E-03  2.1180E-03  2.1190E-03
2.1200E-03  2.1210E-03  2.1220E-03  2.1230E-03  2.1240E-03  2.1250E-03
2.1261E-03  2.1271E-03  2.1281E-03  2.1291E-03  2.1301E-03  2.1311E-03
2.1321E-03  2.1331E-03  2.1342E-03  2.1352E-03  2.1362E-03  2.1372E-03
2.1382E-03  2.1392E-03  2.1402E-03  2.1413E-03  2.1423E-03  2.1433E-03
2.1443E-03  2.1453E-03  2.1464E-03  2.1474E-03  2.1484E-03  2.1494E-03
2.1504E-03  2.1515E-03  2.1525E-03  2.1535E-03  2.1545E-03  2.1556E-03
2.1566E-03  2.1576E-03  2.1586E-03  2.1597E-03  2.1607E-03  2.1617E-03
2.1627E-03  2.1638E-03  2.1648E-03  2.1658E-03  2.1669E-03  2.1679E-03
2.1689E-03  2.1699E-03  2.1710E-03  2.1720E-03  2.1730E-03  2.1741E-03
2.1751E-03  2.1761E-03  2.1772E-03  2.1782E-03  2.1793E-03  2.1803E-03
2.1813E-03  2.1824E-03  2.1834E-03
Rosseland and Planck opacities and free electrons
Density     Ross opa    Planck opa  No. Free    Av Sq Free  T=  1.5000E-03
1.9163E-09  9.1378E+00  1.1273E+03  9.8847E-01  9.8856E-01
Multigroup opacities
Energy      Ross mg     Planck mg    for T, density =   1.5000E-03  1.9163E-09
1.3587E-03  7.4594E+01  7.4266E+01
1.3594E-03  7.4492E+01  7.4164E+01
1.3600E-03  7.4492E+01  7.4164E+01
1.3607E-03  7.4492E+01  7.4164E+01
1.3613E-03  7.4649E+01  7.4321E+01
1.3620E-03  7.4912E+01  7.4584E+01
1.3626E-03  7.5190E+01  7.4862E+01
1.3633E-03  7.5936E+01  7.5611E+01
1.3639E-03  7.6908E+01  7.6582E+01
1.3646E-03  7.7847E+01  7.7520E+01
1.3652E-03  7.8318E+01  7.7991E+01
1.3659E-03  7.8634E+01  7.8306E+01
1.3665E-03  7.9087E+01  7.8761E+01
1.3672E-03  8.0681E+01  8.0364E+01
1.3678E-03  8.2537E+01  8.2219E+01
1.3685E-03  8.4528E+01  8.4208E+01
1.3691E-03  8.7202E+01  8.6896E+01
1.3698E-03  8.9985E+01  8.9678E+01
1.3704E-03  9.3576E+01  9.3298E+01
1.3711E-03  9.9927E+01  9.9708E+01
1.3717E-03  1.0656E+02  1.0633E+02
1.3724E-03  1.1516E+02  1.1507E+02
1.3730E-03  1.2839E+02  1.2842E+02
1.3737E-03  1.4192E+02  1.4191E+02
1.3743E-03  1.5351E+02  1.5328E+02
1.3750E-03  1.6192E+02  1.6170E+02
1.3756E-03  1.7031E+02  1.7007E+02
1.3763E-03  1.6470E+02  1.6480E+02
1.3769E-03  1.4788E+02  1.4803E+02
1.3776E-03  1.3139E+02  1.3141E+02
1.3782E-03  1.2024E+02  1.2007E+02
1.3789E-03  1.1163E+02  1.1147E+02
1.3796E-03  1.0337E+02  1.0313E+02
1.3802E-03  9.8558E+01  9.8265E+01
1.3809E-03  9.4826E+01  9.4534E+01
1.3815E-03  9.1367E+01  9.1050E+01
1.3822E-03  8.9582E+01  8.9259E+01
1.3828E-03  8.8121E+01  8.7799E+01
1.3835E-03  8.6832E+01  8.6505E+01
1.3842E-03  8.6195E+01  8.5867E+01
1.3848E-03  8.5626E+01  8.5298E+01
1.3855E-03  8.5233E+01  8.4904E+01
1.3861E-03  8.5252E+01  8.4923E+01
1.3868E-03  8.5288E+01  8.4959E+01
1.3874E-03  8.5719E+01  8.5393E+01
1.3881E-03  8.6702E+01  8.6376E+01
1.3888E-03  8.7683E+01  8.7356E+01
1.3894E-03  8.7628E+01  8.7302E+01
1.3901E-03  8.6793E+01  8.6466E+01
1.3907E-03  8.5988E+01  8.5660E+01
1.3914E-03  8.5876E+01  8.5547E+01
1.3921E-03  8.6060E+01  8.5731E+01
1.3927E-03  8.6263E+01  8.5934E+01
1.3934E-03  8.6632E+01  8.6304E+01
1.3941E-03  8.7042E+01  8.6713E+01
1.3947E-03  8.7464E+01  8.7136E+01
1.3954E-03  8.7945E+01  8.7617E+01
1.3960E-03  8.8433E+01  8.8105E+01
1.3967E-03  8.8905E+01  8.8576E+01
1.3974E-03  8.9338E+01  8.9009E+01
1.3980E-03  8.9768E+01  8.9439E+01
1.3987E-03  9.0245E+01  8.9916E+01
1.3994E-03  9.0783E+01  9.0455E+01
1.4000E-03  9.1321E+01  9.0993E+01
1.4007E-03  9.1777E+01  9.1448E+01
1.4014E-03  9.2176E+01  9.1847E+01
1.4020E-03  9.2577E+01  9.2248E+01
1.4027E-03  9.3020E+01  9.2691E+01
1.4034E-03  9.3478E+01  9.3149E+01
1.4040E-03  9.3933E+01  9.3604E+01
1.4047E-03  9.4372E+01  9.4043E+01
1.4054E-03  9.4807E+01  9.4478E+01
1.4060E-03  9.5245E+01  9.4915E+01
1.4067E-03  9.5691E+01  9.5362E+01
1.4074E-03  9.6138E+01  9.5809E+01
1.4080E-03  9.6536E+01  9.6206E+01
1.4087E-03  9.6853E+01  9.6523E+01
1.4094E-03  9.7167E+01  9.6838E+01
1.4100E-03  9.7306E+01  9.6976E+01
1.4107E-03  9.7310E+01  9.6981E+01
1.4114E-03  9.7314E+01  9.6984E+01
1.4121E-03  9.7304E+01  9.6975E+01
1.4127E-03  9.7290E+01  9.6961E+01
1.4134E-03  9.7255E+01  9.6925E+01
1.4141E-03  9.7077E+01  9.6748E+01
1.4147E-03  9.6875E+01  9.6545E+01
1.4154E-03  9.6690E+01  9.6360E+01
1.4161E-03  9.6555E+01  9.6225E+01
1.4168E-03  9.6424E+01  9.6094E+01
1.4174E-03  9.6301E+01  9.5971E+01
1.4181E-03  9.6189E+01  9.5859E+01
1.4188E-03  9.6079E+01  9.5749E+01
1.4195E-03  9.5991E+01  9.5661E+01
1.4201E-03  9.5919E+01  9.5589E+01
1.4208E-03  9.5841E+01  9.5511E+01
1.4215E-03  9.5698E+01  9.5368E+01
1.4222E-03  9.5537E+01  9.5207E+01
1.4228E-03  9.5377E+01  9.5047E+01
1.4235E-03  9.5220E+01  9.4890E+01
1.4242E-03  9.5063E+01  9.4733E+01
1.4249E-03  9.4916E+01  9.4586E+01
1.4255E-03  9.4788E+01  9.4458E+01
1.4262E-03  9.4661E+01  9.4330E+01
1.4269E-03  9.4547E+01  9.4216E+01
1.4276E-03  9.4444E+01  9.4114E+01
1.4283E-03  9.4343E+01  9.4013E+01
1.4289E-03  9.4269E+01  9.3939E+01
1.4296E-03  9.4205E+01  9.3875E+01
1.4303E-03  9.4160E+01  9.3830E+01
1.4310E-03  9.4226E+01  9.3896E+01
1.4317E-03  9.4310E+01  9.3979E+01
1.4323E-03  9.4397E+01  9.4066E+01
1.4330E-03  9.4494E+01  9.4164E+01
1.4337E-03  9.4592E+01  9.4261E+01
1.4344E-03  9.4395E+01  9.4065E+01
1.4351E-03  9.3914E+01  9.3584E+01
1.4357E-03  9.3442E+01  9.3111E+01
1.4364E-03  9.3136E+01  9.2806E+01
1.4371E-03  9.2896E+01  9.2566E+01
1.4378E-03  9.2667E+01  9.2337E+01
1.4385E-03  9.2495E+01  9.2164E+01
1.4392E-03  9.2332E+01  9.2001E+01
1.4398E-03  9.2212E+01  9.1881E+01
1.4405E-03  9.2189E+01  9.1858E+01
1.4412E-03  9.2170E+01  9.1839E+01
1.4419E-03  9.2028E+01  9.1698E+01
1.4426E-03  9.1780E+01  9.1450E+01
1.4433E-03  9.1538E+01  9.1208E+01
1.4440E-03  9.1385E+01  9.1054E+01
1.4446E-03  9.1262E+01  9.0931E+01
1.4453E-03  9.1139E+01  9.0809E+01
1.4460E-03  9.1020E+01  9.0690E+01
1.4467E-03  9.0902E+01  9.0571E+01
1.4474E-03  9.0787E+01  9.0456E+01
1.4481E-03  9.0679E+01  9.0348E+01
1.4488E-03  9.0572E+01  9.0241E+01
1.4495E-03  9.0458E+01  9.0127E+01
1.4501E-03  9.0340E+01  9.0009E+01
1.4508E-03  9.0232E+01  8.9901E+01
1.4515E-03  9.0212E+01  8.9881E+01
1.4522E-03  9.0213E+01  8.9882E+01
1.4529E-03  9.0166E+01  8.9835E+01
1.4536E-03  8.9968E+01  8.9637E+01
1.4543E-03  8.9760E+01  8.9429E+01
1.4550E-03  8.9608E+01  8.9277E+01
1.4557E-03  8.9519E+01  8.9188E+01
1.4564E-03  8.9430E+01  8.9099E+01
1.4571E-03  8.9330E+01  8.8998E+01
1.4577E-03  8.9226E+01  8.8894E+01
1.4584E-03  8.9121E+01  8.8790E+01
1.4591E-03  8.9014E+01  8.8683E+01
1.4598E-03  8.8906E+01  8.8575E+01
1.4605E-03  8.8811E+01  8.8480E+01
1.4612E-03  8.8736E+01  8.8405E+01
1.4619E-03  8.8663E+01  8.8331E+01
1.4626E-03  8.8622E+01  8.8291E+01
1.4633E-03  8.8601E+01  8.8269E+01
1.4640E-03  8.8579E+01  8.8247E+01
1.4647E-03  8.8555E+01  8.8224E+01
1.4654E-03  8.8531E+01  8.8200E+01
1.4661E-03  8.8447E+01  8.8116E+01
1.4668E-03  8.8222E+01  8.7890E+01
1.4675E-03  8.7991E+01  8.7660E+01
1.4682E-03  8.7796E+01  8.7464E+01
1.4689E-03  8.7626E+01  8.7295E+01
1.4696E-03  8.7460E+01  8.7128E+01
1.4703E-03  8.7318E+01  8.6986E+01
1.4710E-03  8.7182E+01  8.6851E+01
1.4717E-03  8.7051E+01  8.6720E+01
1.4724E-03  8.6932E+01  8.6600E+01
1.4731E-03  8.6813E+01  8.6482E+01
1.4738E-03  8.6705E+01  8.6374E+01
1.4745E-03  8.6606E+01  8.6275E+01
1.4752E-03  8.6507E+01  8.6175E+01
1.4759E-03  8.6397E+01  8.6065E+01
1.4766E-03  8.6284E+01  8.5952E+01
1.4773E-03  8.6181E+01  8.5849E+01
1.4780E-03  8.6110E+01  8.5778E+01
1.4787E-03  8.6041E+01  8.5710E+01
1.4794E-03  8.5939E+01  8.5607E+01
1.4801E-03  8.5804E+01  8.5472E+01
1.4808E-03  8.5670E+01  8.5339E+01
1.4815E-03  8.5546E+01  8.5214E+01
1.4822E-03  8.5425E+01  8.5093E+01
1.4829E-03  8.5306E+01  8.4974E+01
1.4836E-03  8.5193E+01  8.4861E+01
1.4843E-03  8.5080E+01  8.4748E+01
1.4850E-03  8.4970E+01  8.4638E+01
1.4857E-03  8.4862E+01  8.4530E+01
1.4864E-03  8.4754E+01  8.4422E+01
1.4871E-03  8.4647E+01  8.4315E+01
1.4878E-03  8.4541E+01  8.4209E+01
1.4886E-03  8.4435E+01  8.4103E+01
1.4893E-03  8.4327E+01  8.3995E+01
1.4900E-03  8.4220E+01  8.3888E+01
1.4907E-03  8.4113E+01  8.3781E+01
1.4914E-03  8.4008E+01  8.3676E+01
1.4921E-03  8.3903E+01  8.3571E+01
1.4928E-03  8.3802E+01  8.3470E+01
1.4935E-03  8.3703E+01  8.3371E+01
1.4942E-03  8.3600E+01  8.3268E+01
1.4949E-03  8.3492E+01  8.3160E+01
1.4956E-03  8.3384E+01  8.3052E+01
1.4964E-03  8.3279E+01  8.2947E+01
1.4971E-03  8.3177E+01  8.2844E+01
1.4978E-03  8.3075E+01  8.2742E+01
1.4985E-03  8.2973E+01  8.2641E+01
1.4992E-03  8.2872E+01  8.2540E+01
1.4999E-03  8.2774E+01  8.2442E+01
1.5006E-03  8.2682E+01  8.2350E+01
1.5013E-03  8.2591E+01  8.2259E+01
1.5021E-03  8.2521E+01  8.2189E+01
1.5028E-03  8.2459E+01  8.2127E+01
1.5035E-03  8.2682E+01  8.2352E+01
1.5042E-03  8.3964E+01  8.3637E+01
1.5049E-03  8.5346E+01  8.5019E+01
1.5056E-03  8.5228E+01  8.4903E+01
1.5063E-03  8.3658E+01  8.3333E+01
1.5071E-03  8.2205E+01  8.1875E+01
1.5078E-03  8.1825E+01  8.1492E+01
1.5085E-03  8.1714E+01  8.1381E+01
1.5092E-03  8.1591E+01  8.1259E+01
1.5099E-03  8.1443E+01  8.1111E+01
1.5106E-03  8.1295E+01  8.0962E+01
1.5114E-03  8.1175E+01  8.0842E+01
1.5121E-03  8.1070E+01  8.0737E+01
1.5128E-03  8.0965E+01  8.0632E+01
1.5135E-03  8.0859E+01  8.0526E+01
1.5142E-03  8.0753E+01  8.0420E+01
1.5150E-03  8.0649E+01  8.0317E+01
1.5157E-03  8.0550E+01  8.0217E+01
1.5164E-03  8.0451E+01  8.0119E+01
1.5171E-03  8.0356E+01  8.0024E+01
1.5178E-03  8.0263E+01  7.9930E+01
1.5186E-03  8.0168E+01  7.9835E+01
1.5193E-03  8.0073E+01  7.9740E+01
1.5200E-03  7.9977E+01  7.9644E+01
1.5207E-03  7.9886E+01  7.9553E+01
1.5215E-03  7.9797E+01  7.9464E+01
1.5222E-03  7.9722E+01  7.9389E+01
1.5229E-03  7.9714E+01  7.9381E+01
1.5236E-03  7.9715E+01  7.9382E+01
1.5244E-03  8.0613E+01  8.0291E+01
1.5251E-03  8.2554E+01  8.2232E+01
1.5258E-03  8.4198E+01  8.3869E+01
1.5265E-03  8.2757E+01  8.2439E+01
1.5273E-03  8.0532E+01  8.0214E+01
1.5280E-03  7.8999E+01  7.8666E+01
1.5287E-03  7.8853E+01  7.8520E+01
1.5294E-03  7.8751E+01  7.8418E+01
1.5302E-03  7.8655E+01  7.8322E+01
1.5309E-03  7.8562E+01  7.8229E+01
1.5316E-03  7.8469E+01  7.8136E+01
1.5323E-03  7.8377E+01  7.8043E+01
1.5331E-03  7.8284E+01  7.7951E+01
1.5338E-03  7.8192E+01  7.7859E+01
1.5345E-03  7.8101E+01  7.7768E+01
1.5353E-03  7.8010E+01  7.7677E+01
1.5360E-03  7.7921E+01  7.7587E+01
1.5367E-03  7.7831E+01  7.7498E+01
1.5374E-03  7.7742E+01  7.7408E+01
1.5382E-03  7.7652E+01  7.7319E+01
1.5389E-03  7.7563E+01  7.7230E+01
1.5396E-03  7.7481E+01  7.7147E+01
1.5404E-03  7.7400E+01  7.7067E+01
1.5411E-03  7.7316E+01  7.6983E+01
1.5418E-03  7.7225E+01  7.6891E+01
1.5426E-03  7.7133E+01  7.6799E+01
1.5433E-03  7.7042E+01  7.6708E+01
1.5440E-03  7.6951E+01  7.6617E+01
1.5448E-03  7.6863E+01  7.6529E+01
1.5455E-03  7.6782E+01  7.6449E+01
1.5462E-03  7.6702E+01  7.6369E+01
1.5470E-03  7.6616E+01  7.6282E+01
1.5477E-03  7.6526E+01  7.6192E+01
1.5484E-03  7.6448E+01  7.6114E+01
1.5492E-03  7.6419E+01  7.6086E+01
1.5499E-03  7.6396E+01  7.6063E+01
1.5507E-03  7.6305E+01  7.5972E+01
1.5514E-03  7.6157E+01  7.5823E+01
1.5521E-03  7.6017E+01  7.5683E+01
1.5529E-03  7.5925E+01  7.5591E+01
1.5536E-03  7.5841E+01  7.5507E+01
1.5543E-03  7.5798E+01  7.5464E+01
1.5551E-03  7.5801E+01  7.5467E+01
1.5558E-03  7.5788E+01  7.5454E+01
1.5566E-03  7.5648E+01  7.5314E+01
1.5573E-03  7.5479E+01  7.5145E+01
1.5580E-03  7.5342E+01  7.5008E+01
1.5588E-03  7.5252E+01  7.4918E+01
1.5595E-03  7.5163E+01  7.4829E+01
1.5603E-03  7.5079E+01  7.4745E+01
1.5610E-03  7.4996E+01  7.4662E+01
1.5618E-03  7.4985E+01  7.4651E+01
1.5625E-03  7.5106E+01  7.4772E+01
1.5632E-03  7.5215E+01  7.4881E+01
1.5640E-03  7.5095E+01  7.4761E+01
1.5647E-03  7.4899E+01  7.4564E+01
1.5655E-03  7.4748E+01  7.4414E+01
1.5662E-03  7.4695E+01  7.4361E+01
1.5670E-03  7.4641E+01  7.4307E+01
1.5677E-03  7.4492E+01  7.4158E+01
1.5684E-03  7.4307E+01  7.3973E+01
1.5692E-03  7.4194E+01  7.3859E+01
1.5699E-03  7.4248E+01  7.3914E+01
1.5707E-03  7.4301E+01  7.3967E+01
1.5714E-03  7.4144E+01  7.3810E+01
1.5722E-03  7.3899E+01  7.3564E+01
1.5729E-03  7.3696E+01  7.3362E+01
1.5737E-03  7.3604E+01  7.3270E+01
1.5744E-03  7.3518E+01  7.3184E+01
1.5752E-03  7.3435E+01  7.3100E+01
1.5759E-03  7.3353E+01  7.3018E+01
1.5767E-03  7.3277E+01  7.2942E+01
1.5774E-03  7.3218E+01  7.2883E+01
1.5782E-03  7.3158E+01  7.2824E+01
1.5789E-03  7.3069E+01  7.2735E+01
1.5797E-03  7.2967E+01  7.2632E+01
1.5804E-03  7.2871E+01  7.2536E+01
1.5812E-03  7.2791E+01  7.2456E+01
1.5819E-03  7.2711E+01  7.2377E+01
1.5827E-03  7.2632E+01  7.2297E+01
1.5834E-03  7.2553E+01  7.2218E+01
1.5842E-03  7.2474E+01  7.2139E+01
1.5849E-03  7.2395E+01  7.2061E+01
1.5857E-03  7.2317E+01  7.1982E+01
1.5864E-03  7.2239E+01  7.1904E+01
1.5872E-03  7.2161E+01  7.1826E+01
1.5879E-03  7.2083E+01  7.1749E+01
1.5887E-03  7.2006E+01  7.1671E+01
1.5895E-03  7.1928E+01  7.1594E+01
1.5902E-03  7.1853E+01  7.1518E+01
1.5910E-03  7.1778E+01  7.1443E+01
1.5917E-03  7.1726E+01  7.1391E+01
1.5925E-03  7.1722E+01  7.1387E+01
1.5932E-03  7.1719E+01  7.1384E+01
1.5940E-03  7.1702E+01  7.1367E+01
1.5948E-03  7.1680E+01  7.1345E+01
1.5955E-03  7.1591E+01  7.1256E+01
1.5963E-03  7.1386E+01  7.1051E+01
1.5970E-03  7.1189E+01  7.0854E+01
1.5978E-03  7.1086E+01  7.0751E+01
1.5986E-03  7.1007E+01  7.0672E+01
1.5993E-03  7.0929E+01  7.0594E+01
1.6001E-03  7.0853E+01  7.0518E+01
1.6008E-03  7.0778E+01  7.0443E+01
1.6016E-03  7.0703E+01  7.0368E+01
1.6024E-03  7.0630E+01  7.0294E+01
1.6031E-03  7.0557E+01  7.0221E+01
1.6039E-03  7.0485E+01  7.0149E+01
1.6046E-03  7.0414E+01  7.0079E+01
1.6054E-03  7.0353E+01  7.0017E+01
1.6062E-03  7.0293E+01  6.9957E+01
1.6069E-03  7.0273E+01  6.9937E+01
1.6077E-03  7.0283E+01  6.9948E+01
1.6085E-03  7.0316E+01  6.9981E+01
1.6092E-03  7.0436E+01  7.0100E+01
1.6100E-03  7.0557E+01  7.0222E+01
1.6108E-03  7.0373E+01  7.0039E+01
1.6115E-03  7.0026E+01  6.9691E+01
1.6123E-03  6.9742E+01  6.9406E+01
1.6131E-03  6.9629E+01  6.9294E+01
1.6138E-03  6.9527E+01  6.9192E+01
1.6146E-03  6.9440E+01  6.9104E+01
1.6154E-03  6.9358E+01  6.9023E+01
1.6161E-03  6.9278E+01  6.8943E+01
1.6169E-03  6.9201E+01  6.8866E+01
1.6177E-03  6.9125E+01  6.8789E+01
1.6184E-03  6.9049E+01  6.8713E+01
1.6192E-03  6.8973E+01  6.8638E+01
1.6200E-03  6.8898E+01  6.8562E+01
1.6207E-03  6.8823E+01  6.8488E+01
1.6215E-03  6.8749E+01  6.8414E+01
1.6223E-03  6.8676E+01  6.8341E+01
1.6230E-03  6.8604E+01  6.8268E+01
1.6238E-03  6.8530E+01  6.8194E+01
1.6246E-03  6.8455E+01  6.8119E+01
1.6254E-03  6.8380E+01  6.8045E+01
1.6261E-03  6.8307E+01  6.7971E+01
1.6269E-03  6.8234E+01  6.7898E+01
1.6277E-03  6.8162E+01  6.7826E+01
1.6285E-03  6.8090E+01  6.7754E+01
1.6292E-03  6.8025E+01  6.7689E+01
1.6300E-03  6.7972E+01  6.7636E+01
1.6308E-03  6.7917E+01  6.7581E+01
1.6316E-03  6.7834E+01  6.7498E+01
1.6323E-03  6.7743E+01  6.7407E+01
1.6331E-03  6.7660E+01  6.7324E+01
1.6339E-03  6.7583E+01  6.7248E+01
1.6347E-03  6.7508E+01  6.7172E+01
1.6354E-03  6.7435E+01  6.7099E+01
1.6362E-03  6.7363E+01  6.7027E+01
1.6370E-03  6.7297E+01  6.6961E+01
1.6378E-03  6.7235E+01  6.6899E+01
1.6386E-03  6.7171E+01  6.6835E+01
1.6393E-03  6.7103E+01  6.6767E+01
1.6401E-03  6.7033E+01  6.6697E+01
1.6409E-03  6.6951E+01  6.6615E+01
1.6417E-03  6.6866E+01  6.6530E+01
1.6424E-03  6.6786E+01  6.6449E+01
1.6432E-03  6.6712E+01  6.6376E+01
1.6440E-03  6.6639E+01  6.6303E+01
1.6448E-03  6.6567E+01  6.6231E+01
1.6456E-03  6.6495E+01  6.6159E+01
1.6464E-03  6.6424E+01  6.6087E+01
1.6471E-03  6.6352E+01  6.6016E+01
1.6479E-03  6.6281E+01  6.5945E+01
1.6487E-03  6.6210E+01  6.5874E+01
1.6495E-03  6.6139E+01  6.5803E+01
1.6503E-03  6.6075E+01  6.5738E+01
1.6511E-03  6.6012E+01  6.5676E+01
1.6518E-03  6.5942E+01  6.5605E+01
1.6526E-03  6.5862E+01  6.5525E+01
1.6534E-03  6.5783E+01  6.5447E+01
1.6542E-03  6.5712E+01  6.5375E+01
1.6550E-03  6.5641E+01  6.5304E+01
1.6558E-03  6.5570E+01  6.5234E+01
1.6566E-03  6.5499E+01  6.5163E+01
1.6573E-03  6.5435E+01  6.5099E+01
1.6581E-03  6.5385E+01  6.5049E+01
1.6589E-03  6.5332E+01  6.4995E+01
1.6597E-03  6.5248E+01  6.4911E+01
1.6605E-03  6.5158E+01  6.4821E+01
1.6613E-03  6.5078E+01  6.4741E+01
1.6621E-03  6.5007E+01  6.4670E+01
1.6629E-03  6.4937E+01  6.4600E+01
1.6637E-03  6.4870E+01  6.4533E+01
1.6645E-03  6.4803E+01  6.4466E+01
1.6652E-03  6.4732E+01  6.4396E+01
1.6660E-03  6.4661E+01  6.4324E+01
1.6668E-03  6.4590E+01  6.4253E+01
1.6676E-03  6.4521E+01  6.4184E+01
1.6684E-03  6.4451E+01  6.4115E+01
1.6692E-03  6.4384E+01  6.4047E+01
1.6700E-03  6.4316E+01  6.3979E+01
1.6708E-03  6.4251E+01  6.3914E+01
1.6716E-03  6.4187E+01  6.3850E+01
1.6724E-03  6.4135E+01  6.3798E+01
1.6732E-03  6.4103E+01  6.3766E+01
1.6740E-03  6.4073E+01  6.3736E+01
1.6748E-03  6.4051E+01  6.3714E+01
1.6756E-03  6.4031E+01  6.3694E+01
1.6764E-03  6.4015E+01  6.3678E+01
1.6772E-03  6.4002E+01  6.3665E+01
1.6780E-03  6.3943E+01  6.3606E+01
1.6788E-03  6.3782E+01  6.3445E+01
1.6796E-03  6.3623E+01  6.3286E+01
1.6803E-03  6.3504E+01  6.3167E+01
1.6811E-03  6.3394E+01  6.3057E+01
1.6819E-03  6.3301E+01  6.2964E+01
1.6827E-03  6.3221E+01  6.2884E+01
1.6835E-03  6.3143E+01  6.2806E+01
1.6843E-03  6.3070E+01  6.2733E+01
1.6851E-03  6.2998E+01  6.2660E+01
1.6859E-03  6.2927E+01  6.2589E+01
1.6868E-03  6.2856E+01  6.2519E+01
1.6876E-03  6.2786E+01  6.2449E+01
1.6884E-03  6.2716E+01  6.2379E+01
1.6892E-03  6.2647E+01  6.2309E+01
1.6900E-03  6.2577E+01  6.2240E+01
1.6908E-03  6.2515E+01  6.2178E+01
1.6916E-03  6.2516E+01  6.2179E+01
1.6924E-03  6.2533E+01  6.2195E+01
1.6932E-03  6.2453E+01  6.2116E+01
1.6940E-03  6.2299E+01  6.1962E+01
1.6948E-03  6.2168E+01  6.1831E+01
1.6956E-03  6.2096E+01  6.1759E+01
1.6964E-03  6.2027E+01  6.1690E+01
1.6972E-03  6.1959E+01  6.1622E+01
1.6980E-03  6.1891E+01  6.1553E+01
1.6988E-03  6.1823E+01  6.1485E+01
1.6996E-03  6.1755E+01  6.1417E+01
1.7004E-03  6.1687E+01  6.1350E+01
1.7012E-03  6.1620E+01  6.1283E+01
1.7021E-03  6.1553E+01  6.1215E+01
1.7029E-03  6.1484E+01  6.1147E+01
1.7037E-03  6.1415E+01  6.1078E+01
1.7045E-03  6.1348E+01  6.1010E+01
1.7053E-03  6.1281E+01  6.0944E+01
1.7061E-03  6.1215E+01  6.0877E+01
1.7069E-03  6.1148E+01  6.0811E+01
1.7077E-03  6.1081E+01  6.0744E+01
1.7085E-03  6.1014E+01  6.0677E+01
1.7093E-03  6.0947E+01  6.0609E+01
1.7102E-03  6.0883E+01  6.0546E+01
1.7110E-03  6.0821E+01  6.0484E+01
1.7118E-03  6.0756E+01  6.0418E+01
1.7126E-03  6.0685E+01  6.0347E+01
1.7134E-03  6.0615E+01  6.0277E+01
1.7142E-03  6.0549E+01  6.0211E+01
1.7150E-03  6.0484E+01  6.0147E+01
1.7159E-03  6.0421E+01  6.0083E+01
1.7167E-03  6.0358E+01  6.0020E+01
1.7175E-03  6.0297E+01  5.9959E+01
1.7183E-03  6.0238E+01  5.9901E+01
1.7191E-03  6.0183E+01  5.9845E+01
1.7199E-03  6.0137E+01  5.9800E+01
1.7208E-03  6.0096E+01  5.9758E+01
1.7216E-03  6.0082E+01  5.9744E+01
1.7224E-03  6.0076E+01  5.9738E+01
1.7232E-03  6.0006E+01  5.9668E+01
1.7240E-03  5.9896E+01  5.9558E+01
1.7249E-03  5.9791E+01  5.9453E+01
1.7257E-03  5.9696E+01  5.9358E+01
1.7265E-03  5.9604E+01  5.9266E+01
1.7273E-03  5.9526E+01  5.9188E+01
1.7281E-03  5.9451E+01  5.9113E+01
1.7290E-03  5.9380E+01  5.9042E+01
1.7298E-03  5.9311E+01  5.8973E+01
1.7306E-03  5.9243E+01  5.8905E+01
1.7314E-03  5.9176E+01  5.8838E+01
1.7322E-03  5.9110E+01  5.8772E+01
1.7331E-03  5.9044E+01  5.8706E+01
1.7339E-03  5.8979E+01  5.8641E+01
1.7347E-03  5.8914E+01  5.8575E+01
1.7355E-03  5.8849E+01  5.8511E+01
1.7364E-03  5.8784E+01  5.8446E+01
1.7372E-03  5.8720E+01  5.8382E+01
1.7380E-03  5.8656E+01  5.8318E+01
1.7388E-03  5.8592E+01  5.8253E+01
1.7397E-03  5.8527E+01  5.8189E+01
1.7405E-03  5.8463E+01  5.8125E+01
1.7413E-03  5.8400E+01  5.8061E+01
1.7422E-03  5.8336E+01  5.7997E+01
1.7430E-03  5.8272E+01  5.7933E+01
1.7438E-03  5.8208E+01  5.7870E+01
1.7446E-03  5.8145E+01  5.7807E+01
1.7455E-03  5.8641E+01  5.8309E+01
1.7463E-03  6.0250E+01  5.9922E+01
1.7471E-03  6.1372E+01  6.1036E+01
1.7480E-03  5.9929E+01  5.9604E+01
1.7488E-03  5.8246E+01  5.7914E+01
1.7496E-03  5.7784E+01  5.7446E+01
1.7505E-03  5.7739E+01  5.7400E+01
1.7513E-03  5.7682E+01  5.7343E+01
1.7521E-03  5.7616E+01  5.7277E+01
1.7530E-03  5.7554E+01  5.7216E+01
1.7538E-03  5.7502E+01  5.7164E+01
1.7546E-03  5.7450E+01  5.7111E+01
1.7555E-03  5.7395E+01  5.7056E+01
1.7563E-03  5.7338E+01  5.7000E+01
1.7571E-03  5.7264E+01  5.6926E+01
1.7580E-03  5.7185E+01  5.6846E+01
1.7588E-03  5.7108E+01  5.6769E+01
1.7596E-03  5.7034E+01  5.6695E+01
1.7605E-03  5.6962E+01  5.6623E+01
1.7613E-03  5.6896E+01  5.6557E+01
1.7621E-03  5.6830E+01  5.6491E+01
1.7630E-03  5.6765E+01  5.6427E+01
1.7638E-03  5.6701E+01  5.6363E+01
1.7647E-03  5.6637E+01  5.6299E+01
1.7655E-03  5.6574E+01  5.6235E+01
1.7663E-03  5.6511E+01  5.6172E+01
1.7672E-03  5.6448E+01  5.6110E+01
1.7680E-03  5.6386E+01  5.6047E+01
1.7689E-03  5.6324E+01  5.5985E+01
1.7697E-03  5.6262E+01  5.5924E+01
1.7705E-03  5.6201E+01  5.5862E+01
1.7714E-03  5.6139E+01  5.5800E+01
1.7722E-03  5.6078E+01  5.5739E+01
1.7731E-03  5.6016E+01  5.5677E+01
1.7739E-03  5.5955E+01  5.5616E+01
1.7747E-03  5.5894E+01  5.5555E+01
1.7756E-03  5.5833E+01  5.5494E+01
1.7764E-03  5.5772E+01  5.5433E+01
1.7773E-03  5.5711E+01  5.5372E+01
1.7781E-03  5.5651E+01  5.5312E+01
1.7790E-03  5.5591E+01  5.5252E+01
1.7798E-03  5.5531E+01  5.5192E+01
1.7807E-03  5.5471E+01  5.5132E+01
1.7815E-03  5.5411E+01  5.5072E+01
1.7824E-03  5.5352E+01  5.5013E+01
1.7832E-03  5.5295E+01  5.4956E+01
1.7841E-03  5.5240E+01  5.4901E+01
1.7849E-03  5.5182E+01  5.4843E+01
1.7857E-03  5.5120E+01  5.4781E+01
1.7866E-03  5.5058E+01  5.4719E+01
1.7874E-03  5.4997E+01  5.4658E+01
1.7883E-03  5.4936E+01  5.4597E+01
1.7891E-03  5.4876E+01  5.4537E+01
1.7900E-03  5.4816E+01  5.4477E+01
1.7908E-03  5.4757E+01  5.4418E+01
1.7917E-03  5.4699E+01  5.4359E+01
1.7926E-03  5.4640E+01  5.4300E+01
1.7934E-03  5.4580E+01  5.4241E+01
1.7943E-03  5.4522E+01  5.4182E+01
1.7951E-03  5.4464E+01  5.4124E+01
1.7960E-03  5.4406E+01  5.4067E+01
1.7968E-03  5.4349E+01  5.4010E+01
1.7977E-03  5.4292E+01  5.3952E+01
1.7985E-03  5.4235E+01  5.3895E+01
1.7994E-03  5.4177E+01  5.3838E+01
1.8002E-03  5.4120E+01  5.3781E+01
1.8011E-03  5.4064E+01  5.3725E+01
1.8019E-03  5.4016E+01  5.3676E+01
1.8028E-03  5.3974E+01  5.3634E+01
1.8037E-03  5.3920E+01  5.3581E+01
1.8045E-03  5.3850E+01  5.3511E+01
1.8054E-03  5.3784E+01  5.3445E+01
1.8062E-03  5.3729E+01  5.3389E+01
1.8071E-03  5.3674E+01  5.3334E+01
1.8080E-03  5.3621E+01  5.3281E+01
1.8088E-03  5.3568E+01  5.3229E+01
1.8097E-03  5.3522E+01  5.3182E+01
1.8105E-03  5.3479E+01  5.3139E+01
1.8114E-03  5.3511E+01  5.3171E+01
1.8123E-03  5.3583E+01  5.3243E+01
1.8131E-03  5.5581E+01  5.5317E+01
1.8140E-03  5.9739E+01  5.9471E+01
1.8148E-03  6.1105E+01  6.0812E+01
1.8157E-03  5.6910E+01  5.6651E+01
1.8166E-03  5.3544E+01  5.3211E+01
1.8174E-03  5.3145E+01  5.2805E+01
1.8183E-03  5.3018E+01  5.2678E+01
1.8192E-03  5.2977E+01  5.2637E+01
1.8200E-03  5.2949E+01  5.2609E+01
1.8209E-03  5.2870E+01  5.2530E+01
1.8218E-03  5.2774E+01  5.2434E+01
1.8226E-03  5.2707E+01  5.2367E+01
1.8235E-03  5.2657E+01  5.2317E+01
1.8244E-03  5.2621E+01  5.2281E+01
1.8252E-03  5.2600E+01  5.2260E+01
1.8261E-03  5.2562E+01  5.2222E+01
1.8270E-03  5.2493E+01  5.2153E+01
1.8278E-03  5.2434E+01  5.2094E+01
1.8287E-03  5.2409E+01  5.2069E+01
1.8296E-03  5.2387E+01  5.2047E+01
1.8304E-03  5.2361E+01  5.2021E+01
1.8313E-03  5.2345E+01  5.2005E+01
1.8322E-03  5.2453E+01  5.2113E+01
1.8330E-03  5.5199E+01  5.7175E+01
1.8339E-03  1.6307E+02  2.3894E+02
1.8348E-03  4.7526E+02  5.0832E+02
1.8357E-03  4.4913E+02  4.8637E+02
1.8365E-03  1.3242E+02  2.1619E+02
1.8374E-03  5.3504E+01  5.3703E+01
1.8383E-03  5.2200E+01  5.1860E+01
1.8392E-03  5.1970E+01  5.1630E+01
1.8400E-03  5.1875E+01  5.1535E+01
1.8409E-03  5.1796E+01  5.1455E+01
1.8418E-03  5.1751E+01  5.1411E+01
1.8427E-03  5.1711E+01  5.1370E+01
1.8435E-03  5.1669E+01  5.1329E+01
1.8444E-03  5.1627E+01  5.1287E+01
1.8453E-03  5.1588E+01  5.1248E+01
1.8462E-03  5.1550E+01  5.1210E+01
1.8470E-03  5.1522E+01  5.1181E+01
1.8479E-03  5.1498E+01  5.1158E+01
1.8488E-03  5.1480E+01  5.1140E+01
1.8497E-03  5.1467E+01  5.1126E+01
1.8506E-03  5.1455E+01  5.1114E+01
1.8514E-03  5.1445E+01  5.1105E+01
1.8523E-03  5.1437E+01  5.1096E+01
1.8532E-03  5.1430E+01  5.1089E+01
1.8541E-03  5.1431E+01  5.1091E+01
1.8550E-03  5.1461E+01  5.1120E+01
1.8558E-03  5.1490E+01  5.1149E+01
1.8567E-03  5.1508E+01  5.1168E+01
1.8576E-03  5.1528E+01  5.1187E+01
1.8585E-03  5.1568E+01  5.1227E+01
1.8594E-03  5.1615E+01  5.1275E+01
1.8603E-03  5.1697E+01  5.1357E+01
1.8611E-03  5.1792E+01  5.1451E+01
1.8620E-03  5.1878E+01  5.1538E+01
1.8629E-03  5.1961E+01  5.1620E+01
1.8638E-03  5.2097E+01  5.1757E+01
1.8647E-03  5.2278E+01  5.1937E+01
1.8656E-03  5.2462E+01  5.2122E+01
1.8665E-03  5.2652E+01  5.2312E+01
1.8673E-03  5.2893E+01  5.2553E+01
1.8682E-03  5.3235E+01  5.2895E+01
1.8691E-03  5.3609E+01  5.3269E+01
1.8700E-03  5.4069E+01  5.3729E+01
1.8709E-03  5.4564E+01  5.4224E+01
1.8718E-03  5.5188E+01  5.4849E+01
1.8727E-03  5.5873E+01  5.5533E+01
1.8736E-03  5.6849E+01  5.6513E+01
1.8745E-03  5.7921E+01  5.7583E+01
1.8753E-03  5.9390E+01  5.9059E+01
1.8762E-03  6.1017E+01  6.0684E+01
1.8771E-03  6.3432E+01  6.3121E+01
1.8780E-03  6.6206E+01  6.5887E+01
1.8789E-03  7.0294E+01  7.0037E+01
1.8798E-03  7.5187E+01  7.4914E+01
1.8807E-03  8.2730E+01  8.2682E+01
1.8816E-03  9.2631E+01  9.2551E+01
1.8825E-03  1.0858E+02  1.0957E+02
1.8834E-03  1.3335E+02  1.3413E+02
1.8843E-03  1.7528E+02  1.8223E+02
1.8852E-03  2.5935E+02  2.6558E+02
1.8861E-03  4.3520E+02  5.6325E+02
1.8870E-03  1.1944E+03  1.3026E+03
1.8879E-03  2.7818E+03  1.4597E+04
1.8888E-03  5.2959E+04  6.3089E+04
1.8897E-03  9.1809E+04  9.4035E+04
1.8906E-03  3.7271E+04  5.0243E+04
1.8915E-03  1.1592E+03  6.4498E+03
1.8924E-03  5.6459E+02  6.1337E+02
1.8933E-03  2.7505E+02  2.9572E+02
1.8942E-03  1.9039E+02  1.9432E+02
1.8951E-03  1.3753E+02  1.3931E+02
1.8960E-03  1.1230E+02  1.1275E+02
1.8969E-03  9.4325E+01  9.4434E+01
1.8978E-03  8.4495E+01  8.4307E+01
1.8987E-03  7.7399E+01  7.7164E+01
1.8996E-03  7.1399E+01  7.1163E+01
1.9005E-03  6.5985E+01  6.5728E+01
1.9014E-03  6.2439E+01  6.2123E+01
1.9023E-03  5.9954E+01  5.9635E+01
1.9032E-03  5.8023E+01  5.7692E+01
1.9041E-03  5.6512E+01  5.6180E+01
1.9050E-03  5.5233E+01  5.4897E+01
1.9059E-03  5.4188E+01  5.3851E+01
1.9068E-03  5.3247E+01  5.2908E+01
1.9077E-03  5.2441E+01  5.2103E+01
1.9086E-03  5.1749E+01  5.1408E+01
1.9095E-03  5.1244E+01  5.0904E+01
1.9104E-03  5.0765E+01  5.0424E+01
1.9113E-03  5.0330E+01  4.9989E+01
1.9122E-03  4.9927E+01  4.9586E+01
1.9132E-03  4.9603E+01  4.9262E+01
1.9141E-03  4.9294E+01  4.8953E+01
1.9150E-03  4.9017E+01  4.8676E+01
1.9159E-03  4.8753E+01  4.8411E+01
1.9168E-03  4.8525E+01  4.8184E+01
1.9177E-03  4.8304E+01  4.7963E+01
1.9186E-03  4.8092E+01  4.7751E+01
1.9195E-03  4.7889E+01  4.7547E+01
1.9204E-03  4.7731E+01  4.7389E+01
1.9214E-03  4.7582E+01  4.7240E+01
1.9223E-03  4.7439E+01  4.7098E+01
1.9232E-03  4.7302E+01  4.6960E+01
1.9241E-03  4.7197E+01  4.6855E+01
1.9250E-03  4.7096E+01  4.6755E+01
1.9259E-03  4.6953E+01  4.6612E+01
1.9268E-03  4.6799E+01  4.6458E+01
1.9278E-03  4.6678E+01  4.6336E+01
1.9287E-03  4.6568E+01  4.6227E+01
1.9296E-03  4.6461E+01  4.6120E+01
1.9305E-03  4.6356E+01  4.6014E+01
1.9314E-03  4.6261E+01  4.5919E+01
1.9323E-03  4.6171E+01  4.5829E+01
1.9333E-03  4.6085E+01  4.5743E+01
1.9342E-03  4.6001E+01  4.5659E+01
1.9351E-03  4.5918E+01  4.5576E+01
1.9360E-03  4.5834E+01  4.5492E+01
1.9369E-03  4.5751E+01  4.5409E+01
1.9379E-03  4.5669E+01  4.5327E+01
1.9388E-03  4.5597E+01  4.5255E+01
1.9397E-03  4.5534E+01  4.5192E+01
1.9406E-03  4.5462E+01  4.5120E+01
1.9416E-03  4.5381E+01  4.5039E+01
1.9425E-03  4.5309E+01  4.4967E+01
1.9434E-03  4.5248E+01  4.4906E+01
1.9443E-03  4.5181E+01  4.4839E+01
1.9452E-03  4.5109E+01  4.4767E+01
1.9462E-03  4.5038E+01  4.4696E+01
1.9471E-03  4.4971E+01  4.4629E+01
1.9480E-03  4.4902E+01  4.4560E+01
1.9489E-03  4.4830E+01  4.4488E+01
1.9499E-03  4.4763E+01  4.4421E+01
1.9508E-03  4.4702E+01  4.4360E+01
1.9517E-03  4.4641E+01  4.4298E+01
1.9527E-03  4.4576E+01  4.4234E+01
1.9536E-03  4.4512E+01  4.4170E+01
1.9545E-03  4.4451E+01  4.4109E+01
1.9554E-03  4.4389E+01  4.4047E+01
1.9564E-03  4.4327E+01  4.3985E+01
1.9573E-03  4.4267E+01  4.3924E+01
1.9582E-03  4.4208E+01  4.3866E+01
1.9592E-03  4.4150E+01  4.3808E+01
1.9601E-03  4.4094E+01  4.3752E+01
1.9610E-03  4.4039E+01  4.3697E+01
1.9620E-03  4.3987E+01  4.3644E+01
1.9629E-03  4.3933E+01  4.3590E+01
1.9638E-03  4.3875E+01  4.3533E+01
1.9648E-03  4.3818E+01  4.3476E+01
1.9657E-03  4.3762E+01  4.3420E+01
1.9666E-03  4.3707E+01  4.3365E+01
1.9676E-03  4.3652E+01  4.3309E+01
1.9685E-03  4.3600E+01  4.3257E+01
1.9694E-03  4.3556E+01  4.3214E+01
1.9704E-03  4.3920E+01  4.3584E+01
1.9713E-03  4.5371E+01  4.5041E+01
1.9722E-03  4.6064E+01  4.5728E+01
1.9732E-03  4.4558E+01  4.4231E+01
1.9741E-03  4.3372E+01  4.3030E+01
1.9751E-03  4.3257E+01  4.2914E+01
1.9760E-03  4.3200E+01  4.2857E+01
1.9769E-03  4.3145E+01  4.2803E+01
1.9779E-03  4.3095E+01  4.2752E+01
1.9788E-03  4.3055E+01  4.2712E+01
1.9798E-03  4.3018E+01  4.2675E+01
1.9807E-03  4.2987E+01  4.2644E+01
1.9816E-03  4.2968E+01  4.2626E+01
1.9826E-03  4.2981E+01  4.2639E+01
1.9835E-03  4.3062E+01  4.2719E+01
1.9845E-03  4.3298E+01  4.2956E+01
1.9854E-03  4.6762E+01  4.6870E+01
1.9864E-03  5.8752E+01  5.9066E+01
1.9873E-03  6.3995E+01  6.3970E+01
1.9882E-03  5.2200E+01  5.2536E+01
1.9892E-03  4.4460E+01  4.4134E+01
1.9901E-03  4.3348E+01  4.3010E+01
1.9911E-03  4.2694E+01  4.2351E+01
1.9920E-03  4.2513E+01  4.2170E+01
1.9930E-03  4.2372E+01  4.2029E+01
1.9939E-03  4.2282E+01  4.1939E+01
1.9949E-03  4.2203E+01  4.1860E+01
1.9958E-03  4.2140E+01  4.1797E+01
1.9968E-03  4.2077E+01  4.1734E+01
1.9977E-03  4.2013E+01  4.1670E+01
1.9987E-03  4.1953E+01  4.1610E+01
1.9996E-03  4.1898E+01  4.1555E+01
2.0006E-03  4.1848E+01  4.1505E+01
2.0015E-03  4.1804E+01  4.1461E+01
2.0025E-03  4.1753E+01  4.1410E+01
2.0034E-03  4.1694E+01  4.1351E+01
2.0044E-03  4.1639E+01  4.1296E+01
2.0053E-03  4.1588E+01  4.1245E+01
2.0063E-03  4.1538E+01  4.1195E+01
2.0072E-03  4.1490E+01  4.1147E+01
2.0082E-03  4.1440E+01  4.1097E+01
2.0091E-03  4.1390E+01  4.1047E+01
2.0101E-03  4.1342E+01  4.0999E+01
2.0111E-03  4.1295E+01  4.0952E+01
2.0120E-03  4.1246E+01  4.0903E+01
2.0130E-03  4.1196E+01  4.0853E+01
2.0139E-03  4.1148E+01  4.0805E+01
2.0149E-03  4.1100E+01  4.0757E+01
2.0158E-03  4.1054E+01  4.0711E+01
2.0168E-03  4.1008E+01  4.0665E+01
2.0178E-03  4.0962E+01  4.0619E+01
2.0187E-03  4.0918E+01  4.0575E+01
2.0197E-03  4.0886E+01  4.0543E+01
2.0206E-03  4.0856E+01  4.0513E+01
2.0216E-03  4.0796E+01  4.0453E+01
2.0226E-03  4.0728E+01  4.0385E+01
2.0235E-03  4.0674E+01  4.0331E+01
2.0245E-03  4.0624E+01  4.0281E+01
2.0254E-03  4.0576E+01  4.0232E+01
2.0264E-03  4.0535E+01  4.0192E+01
2.0274E-03  4.0538E+01  4.0195E+01
2.0283E-03  4.0535E+01  4.0191E+01
2.0293E-03  4.0473E+01  4.0130E+01
2.0303E-03  4.0405E+01  4.0062E+01
2.0312E-03  4.0335E+01  3.9992E+01
2.0322E-03  4.0269E+01  3.9926E+01
2.0332E-03  4.0212E+01  3.9868E+01
2.0341E-03  4.0158E+01  3.9814E+01
2.0351E-03  4.0110E+01  3.9767E+01
2.0361E-03  4.0064E+01  3.9720E+01
2.0370E-03  4.0019E+01  3.9676E+01
2.0380E-03  3.9974E+01  3.9631E+01
2.0390E-03  3.9928E+01  3.9585E+01
2.0399E-03  3.9882E+01  3.9538E+01
2.0409E-03  3.9834E+01  3.9491E+01
2.0419E-03  3.9787E+01  3.9444E+01
2.0428E-03  3.9742E+01  3.9398E+01
2.0438E-03  3.9697E+01  3.9353E+01
2.0448E-03  3.9652E+01  3.9309E+01
2.0458E-03  3.9616E+01  3.9272E+01
2.0467E-03  3.9584E+01  3.9240E+01
2.0477E-03  3.9537E+01  3.9193E+01
2.0487E-03  3.9483E+01  3.9140E+01
2.0497E-03  3.9432E+01  3.9088E+01
2.0506E-03  3.9381E+01  3.9038E+01
2.0516E-03  3.9336E+01  3.8992E+01
2.0526E-03  3.9292E+01  3.8948E+01
2.0536E-03  3.9245E+01  3.8902E+01
2.0545E-03  3.9199E+01  3.8855E+01
2.0555E-03  3.9154E+01  3.8810E+01
2.0565E-03  3.9109E+01  3.8765E+01
2.0575E-03  3.9063E+01  3.8720E+01
2.0584E-03  3.9018E+01  3.8674E+01
2.0594E-03  3.8975E+01  3.8631E+01
2.0604E-03  3.8933E+01  3.8589E+01
2.0614E-03  3.8893E+01  3.8549E+01
2.0624E-03  3.8849E+01  3.8505E+01
2.0633E-03  3.8797E+01  3.8453E+01
2.0643E-03  3.8748E+01  3.8405E+01
2.0653E-03  3.8704E+01  3.8361E+01
2.0663E-03  3.8660E+01  3.8316E+01
2.0673E-03  3.8615E+01  3.8271E+01
2.0682E-03  3.8571E+01  3.8227E+01
2.0692E-03  3.8527E+01  3.8183E+01
2.0702E-03  3.8484E+01  3.8140E+01
2.0712E-03  3.8441E+01  3.8098E+01
2.0722E-03  3.8396E+01  3.8052E+01
2.0732E-03  3.8350E+01  3.8006E+01
2.0742E-03  3.8305E+01  3.7961E+01
2.0751E-03  3.8261E+01  3.7917E+01
2.0761E-03  3.8217E+01  3.7873E+01
2.0771E-03  3.8173E+01  3.7829E+01
2.0781E-03  3.8129E+01  3.7785E+01
2.0791E-03  3.8086E+01  3.7742E+01
2.0801E-03  3.8042E+01  3.7698E+01
2.0811E-03  3.7999E+01  3.7655E+01
2.0821E-03  3.7959E+01  3.7615E+01
2.0830E-03  3.7916E+01  3.7572E+01
2.0840E-03  3.7869E+01  3.7525E+01
2.0850E-03  3.7824E+01  3.7480E+01
2.0860E-03  3.7782E+01  3.7438E+01
2.0870E-03  3.7788E+01  3.7444E+01
2.0880E-03  3.7818E+01  3.7474E+01
2.0890E-03  3.7741E+01  3.7397E+01
2.0900E-03  3.7624E+01  3.7280E+01
2.0910E-03  3.7565E+01  3.7221E+01
2.0920E-03  3.7530E+01  3.7185E+01
2.0930E-03  3.7536E+01  3.7192E+01
2.0940E-03  3.7532E+01  3.7188E+01
2.0950E-03  3.7441E+01  3.7097E+01
2.0960E-03  3.7357E+01  3.7013E+01
2.0969E-03  3.7319E+01  3.6975E+01
2.0979E-03  3.7286E+01  3.6942E+01
2.0989E-03  3.7258E+01  3.6914E+01
2.0999E-03  3.7212E+01  3.6868E+01
2.1009E-03  3.7144E+01  3.6800E+01
2.1019E-03  3.7090E+01  3.6746E+01
2.1029E-03  3.7047E+01  3.6703E+01
2.1039E-03  3.7004E+01  3.6659E+01
2.1049E-03  3.6960E+01  3.6616E+01
2.1059E-03  3.6917E+01  3.6573E+01
2.1069E-03  3.6875E+01  3.6530E+01
2.1079E-03  3.6832E+01  3.6488E+01
2.1089E-03  3.6789E+01  3.6445E+01
2.1099E-03  3.6747E+01  3.6402E+01
2.1109E-03  3.6705E+01  3.6361E+01
2.1120E-03  3.6665E+01  3.6321E+01
2.1130E-03  3.6628E+01  3.6283E+01
2.1140E-03  3.6593E+01  3.6249E+01
2.1150E-03  3.6552E+01  3.6207E+01
2.1160E-03  3.6502E+01  3.6157E+01
2.1170E-03  3.6454E+01  3.6110E+01
2.1180E-03  3.6408E+01  3.6064E+01
2.1190E-03  3.6365E+01  3.6021E+01
2.1200E-03  3.6323E+01  3.5978E+01
2.1210E-03  3.6281E+01  3.5937E+01
2.1220E-03  3.6240E+01  3.5895E+01
2.1230E-03  3.6197E+01  3.5853E+01
2.1240E-03  3.6156E+01  3.5812E+01
2.1250E-03  3.6124E+01  3.5779E+01
2.1261E-03  3.6086E+01  3.5741E+01
2.1271E-03  3.6036E+01  3.5692E+01
2.1281E-03  3.5989E+01  3.5645E+01
2.1291E-03  3.5945E+01  3.5601E+01
2.1301E-03  3.5902E+01  3.5558E+01
2.1311E-03  3.5860E+01  3.5515E+01
2.1321E-03  3.5818E+01  3.5473E+01
2.1331E-03  3.5777E+01  3.5432E+01
2.1342E-03  3.5742E+01  3.5398E+01
2.1352E-03  3.5707E+01  3.5362E+01
2.1362E-03  3.5659E+01  3.5314E+01
2.1372E-03  3.5610E+01  3.5266E+01
2.1382E-03  3.5568E+01  3.5223E+01
2.1392E-03  3.5527E+01  3.5182E+01
2.1402E-03  3.5487E+01  3.5142E+01
2.1413E-03  3.5445E+01  3.5101E+01
2.1423E-03  3.5404E+01  3.5059E+01
2.1433E-03  3.5404E+01  3.5059E+01
2.1443E-03  3.5420E+01  3.5075E+01
2.1453E-03  3.5342E+01  3.4997E+01
2.1464E-03  3.5244E+01  3.4899E+01
2.1474E-03  3.5195E+01  3.4851E+01
2.1484E-03  3.5161E+01  3.4816E+01
2.1494E-03  3.5146E+01  3.4801E+01
2.1504E-03  3.5119E+01  3.4774E+01
2.1515E-03  3.5067E+01  3.4722E+01
2.1525E-03  3.5012E+01  3.4667E+01
2.1535E-03  3.4954E+01  3.4609E+01
2.1545E-03  3.4907E+01  3.4562E+01
2.1556E-03  3.4866E+01  3.4521E+01
2.1566E-03  3.4825E+01  3.4481E+01
2.1576E-03  3.4785E+01  3.4440E+01
2.1586E-03  3.4743E+01  3.4398E+01
2.1597E-03  3.4700E+01  3.4355E+01
2.1607E-03  3.4660E+01  3.4315E+01
2.1617E-03  3.4620E+01  3.4275E+01
2.1627E-03  3.4579E+01  3.4234E+01
2.1638E-03  3.4539E+01  3.4194E+01
2.1648E-03  3.4499E+01  3.4154E+01
2.1658E-03  3.4459E+01  3.4114E+01
2.1669E-03  3.4421E+01  3.4075E+01
2.1679E-03  3.4380E+01  3.4035E+01
2.1689E-03  3.4340E+01  3.3995E+01
2.1699E-03  3.4298E+01  3.3953E+01
2.1710E-03  3.4257E+01  3.3912E+01
2.1720E-03  3.4218E+01  3.3873E+01
2.1730E-03  3.4178E+01  3.3833E+01
2.1741E-03  3.4139E+01  3.3794E+01
2.1751E-03  3.4100E+01  3.3755E+01
2.1761E-03  3.4061E+01  3.3715E+01
2.1772E-03  3.4022E+01  3.3677E+01
2.1782E-03  3.3983E+01  3.3638E+01
2.1793E-03  3.3946E+01  3.3601E+01
2.1803E-03  3.3908E+01  3.3563E+01
2.1813E-03  3.3869E+01  3.3524E+01
2.1824E-03  3.3830E+01  3.3485E+01
2.1834E-03  3.3793E+01  3.3447E+01