Number of T =   1  Number of rho =   1  Number of materials =   9
TOPS results for  phW03T1         on Sep 19, 2026
Opacities in cm**2/gm, T in keV, density in gm/cc
Normalized composition for requested elements
No. Fraction Mass Fraction  At. No.  Chem. Sym.  Mat ID.
9.7044E-01   8.8941E-01      1         H         4525
2.9297E-02   1.0664E-01      2         He        4675
2.4325E-06   2.6953E-05      6         C         4387
1.1017E-04   1.4030E-03      7         N         4005
8.3156E-05   1.2116E-03      8         O         4105
2.5313E-09   4.3732E-08      9         F         4405
2.2228E-05   4.0413E-04     10         Ne        4145
4.1339E-05   9.0165E-04     12         Mg        4682
2.1699E-07   7.8856E-06     20         Ca        2302
Temperature grid used the following   1 points
2.0000E-03
Density grid used the following   1 points
1.9163E-09
Photon grid used the following 999 points
1.2650E-04  1.2656E-04  1.2662E-04  1.2668E-04  1.2674E-04  1.2680E-04
1.2686E-04  1.2692E-04  1.2699E-04  1.2705E-04  1.2711E-04  1.2717E-04
1.2723E-04  1.2729E-04  1.2735E-04  1.2741E-04  1.2747E-04  1.2753E-04
1.2759E-04  1.2765E-04  1.2771E-04  1.2777E-04  1.2783E-04  1.2789E-04
1.2795E-04  1.2802E-04  1.2808E-04  1.2814E-04  1.2820E-04  1.2826E-04
1.2832E-04  1.2838E-04  1.2844E-04  1.2850E-04  1.2856E-04  1.2863E-04
1.2869E-04  1.2875E-04  1.2881E-04  1.2887E-04  1.2893E-04  1.2899E-04
1.2905E-04  1.2912E-04  1.2918E-04  1.2924E-04  1.2930E-04  1.2936E-04
1.2942E-04  1.2948E-04  1.2955E-04  1.2961E-04  1.2967E-04  1.2973E-04
1.2979E-04  1.2985E-04  1.2992E-04  1.2998E-04  1.3004E-04  1.3010E-04
1.3016E-04  1.3022E-04  1.3029E-04  1.3035E-04  1.3041E-04  1.3047E-04
1.3053E-04  1.3060E-04  1.3066E-04  1.3072E-04  1.3078E-04  1.3085E-04
1.3091E-04  1.3097E-04  1.3103E-04  1.3109E-04  1.3116E-04  1.3122E-04
1.3128E-04  1.3134E-04  1.3141E-04  1.3147E-04  1.3153E-04  1.3159E-04
1.3166E-04  1.3172E-04  1.3178E-04  1.3184E-04  1.3191E-04  1.3197E-04
1.3203E-04  1.3209E-04  1.3216E-04  1.3222E-04  1.3228E-04  1.3235E-04
1.3241E-04  1.3247E-04  1.3253E-04  1.3260E-04  1.3266E-04  1.3272E-04
1.3279E-04  1.3285E-04  1.3291E-04  1.3298E-04  1.3304E-04  1.3310E-04
1.3317E-04  1.3323E-04  1.3329E-04  1.3336E-04  1.3342E-04  1.3348E-04
1.3355E-04  1.3361E-04  1.3367E-04  1.3374E-04  1.3380E-04  1.3386E-04
1.3393E-04  1.3399E-04  1.3406E-04  1.3412E-04  1.3418E-04  1.3425E-04
1.3431E-04  1.3437E-04  1.3444E-04  1.3450E-04  1.3457E-04  1.3463E-04
1.3469E-04  1.3476E-04  1.3482E-04  1.3489E-04  1.3495E-04  1.3501E-04
1.3508E-04  1.3514E-04  1.3521E-04  1.3527E-04  1.3534E-04  1.3540E-04
1.3546E-04  1.3553E-04  1.3559E-04  1.3566E-04  1.3572E-04  1.3579E-04
1.3585E-04  1.3592E-04  1.3598E-04  1.3605E-04  1.3611E-04  1.3617E-04
1.3624E-04  1.3630E-04  1.3637E-04  1.3643E-04  1.3650E-04  1.3656E-04
1.3663E-04  1.3669E-04  1.3676E-04  1.3682E-04  1.3689E-04  1.3695E-04
1.3702E-04  1.3708E-04  1.3715E-04  1.3721E-04  1.3728E-04  1.3734E-04
1.3741E-04  1.3748E-04  1.3754E-04  1.3761E-04  1.3767E-04  1.3774E-04
1.3780E-04  1.3787E-04  1.3793E-04  1.3800E-04  1.3806E-04  1.3813E-04
1.3820E-04  1.3826E-04  1.3833E-04  1.3839E-04  1.3846E-04  1.3852E-04
1.3859E-04  1.3866E-04  1.3872E-04  1.3879E-04  1.3885E-04  1.3892E-04
1.3899E-04  1.3905E-04  1.3912E-04  1.3918E-04  1.3925E-04  1.3932E-04
1.3938E-04  1.3945E-04  1.3952E-04  1.3958E-04  1.3965E-04  1.3971E-04
1.3978E-04  1.3985E-04  1.3991E-04  1.3998E-04  1.4005E-04  1.4011E-04
1.4018E-04  1.4025E-04  1.4031E-04  1.4038E-04  1.4045E-04  1.4051E-04
1.4058E-04  1.4065E-04  1.4071E-04  1.4078E-04  1.4085E-04  1.4092E-04
1.4098E-04  1.4105E-04  1.4112E-04  1.4118E-04  1.4125E-04  1.4132E-04
1.4138E-04  1.4145E-04  1.4152E-04  1.4159E-04  1.4165E-04  1.4172E-04
1.4179E-04  1.4186E-04  1.4192E-04  1.4199E-04  1.4206E-04  1.4213E-04
1.4219E-04  1.4226E-04  1.4233E-04  1.4240E-04  1.4246E-04  1.4253E-04
1.4260E-04  1.4267E-04  1.4274E-04  1.4280E-04  1.4287E-04  1.4294E-04
1.4301E-04  1.4307E-04  1.4314E-04  1.4321E-04  1.4328E-04  1.4335E-04
1.4342E-04  1.4348E-04  1.4355E-04  1.4362E-04  1.4369E-04  1.4376E-04
1.4382E-04  1.4389E-04  1.4396E-04  1.4403E-04  1.4410E-04  1.4417E-04
1.4424E-04  1.4430E-04  1.4437E-04  1.4444E-04  1.4451E-04  1.4458E-04
1.4465E-04  1.4472E-04  1.4478E-04  1.4485E-04  1.4492E-04  1.4499E-04
1.4506E-04  1.4513E-04  1.4520E-04  1.4527E-04  1.4534E-04  1.4541E-04
1.4547E-04  1.4554E-04  1.4561E-04  1.4568E-04  1.4575E-04  1.4582E-04
1.4589E-04  1.4596E-04  1.4603E-04  1.4610E-04  1.4617E-04  1.4624E-04
1.4631E-04  1.4638E-04  1.4645E-04  1.4652E-04  1.4659E-04  1.4665E-04
1.4672E-04  1.4679E-04  1.4686E-04  1.4693E-04  1.4700E-04  1.4707E-04
1.4714E-04  1.4721E-04  1.4728E-04  1.4735E-04  1.4742E-04  1.4749E-04
1.4756E-04  1.4763E-04  1.4770E-04  1.4777E-04  1.4784E-04  1.4791E-04
1.4799E-04  1.4806E-04  1.4813E-04  1.4820E-04  1.4827E-04  1.4834E-04
1.4841E-04  1.4848E-04  1.4855E-04  1.4862E-04  1.4869E-04  1.4876E-04
1.4883E-04  1.4890E-04  1.4897E-04  1.4904E-04  1.4911E-04  1.4919E-04
1.4926E-04  1.4933E-04  1.4940E-04  1.4947E-04  1.4954E-04  1.4961E-04
1.4968E-04  1.4975E-04  1.4983E-04  1.4990E-04  1.4997E-04  1.5004E-04
1.5011E-04  1.5018E-04  1.5025E-04  1.5032E-04  1.5040E-04  1.5047E-04
1.5054E-04  1.5061E-04  1.5068E-04  1.5075E-04  1.5083E-04  1.5090E-04
1.5097E-04  1.5104E-04  1.5111E-04  1.5118E-04  1.5126E-04  1.5133E-04
1.5140E-04  1.5147E-04  1.5154E-04  1.5162E-04  1.5169E-04  1.5176E-04
1.5183E-04  1.5190E-04  1.5198E-04  1.5205E-04  1.5212E-04  1.5219E-04
1.5227E-04  1.5234E-04  1.5241E-04  1.5248E-04  1.5256E-04  1.5263E-04
1.5270E-04  1.5277E-04  1.5285E-04  1.5292E-04  1.5299E-04  1.5306E-04
1.5314E-04  1.5321E-04  1.5328E-04  1.5336E-04  1.5343E-04  1.5350E-04
1.5357E-04  1.5365E-04  1.5372E-04  1.5379E-04  1.5387E-04  1.5394E-04
1.5401E-04  1.5409E-04  1.5416E-04  1.5423E-04  1.5431E-04  1.5438E-04
1.5445E-04  1.5453E-04  1.5460E-04  1.5467E-04  1.5475E-04  1.5482E-04
1.5489E-04  1.5497E-04  1.5504E-04  1.5511E-04  1.5519E-04  1.5526E-04
1.5534E-04  1.5541E-04  1.5548E-04  1.5556E-04  1.5563E-04  1.5571E-04
1.5578E-04  1.5585E-04  1.5593E-04  1.5600E-04  1.5608E-04  1.5615E-04
1.5622E-04  1.5630E-04  1.5637E-04  1.5645E-04  1.5652E-04  1.5660E-04
1.5667E-04  1.5675E-04  1.5682E-04  1.5689E-04  1.5697E-04  1.5704E-04
1.5712E-04  1.5719E-04  1.5727E-04  1.5734E-04  1.5742E-04  1.5749E-04
1.5757E-04  1.5764E-04  1.5772E-04  1.5779E-04  1.5787E-04  1.5794E-04
1.5802E-04  1.5809E-04  1.5817E-04  1.5824E-04  1.5832E-04  1.5839E-04
1.5847E-04  1.5854E-04  1.5862E-04  1.5869E-04  1.5877E-04  1.5885E-04
1.5892E-04  1.5900E-04  1.5907E-04  1.5915E-04  1.5922E-04  1.5930E-04
1.5937E-04  1.5945E-04  1.5953E-04  1.5960E-04  1.5968E-04  1.5975E-04
1.5983E-04  1.5991E-04  1.5998E-04  1.6006E-04  1.6013E-04  1.6021E-04
1.6029E-04  1.6036E-04  1.6044E-04  1.6051E-04  1.6059E-04  1.6067E-04
1.6074E-04  1.6082E-04  1.6090E-04  1.6097E-04  1.6105E-04  1.6113E-04
1.6120E-04  1.6128E-04  1.6136E-04  1.6143E-04  1.6151E-04  1.6159E-04
1.6166E-04  1.6174E-04  1.6182E-04  1.6189E-04  1.6197E-04  1.6205E-04
1.6212E-04  1.6220E-04  1.6228E-04  1.6236E-04  1.6243E-04  1.6251E-04
1.6259E-04  1.6267E-04  1.6274E-04  1.6282E-04  1.6290E-04  1.6297E-04
1.6305E-04  1.6313E-04  1.6321E-04  1.6328E-04  1.6336E-04  1.6344E-04
1.6352E-04  1.6360E-04  1.6367E-04  1.6375E-04  1.6383E-04  1.6391E-04
1.6398E-04  1.6406E-04  1.6414E-04  1.6422E-04  1.6430E-04  1.6437E-04
1.6445E-04  1.6453E-04  1.6461E-04  1.6469E-04  1.6477E-04  1.6484E-04
1.6492E-04  1.6500E-04  1.6508E-04  1.6516E-04  1.6524E-04  1.6532E-04
1.6539E-04  1.6547E-04  1.6555E-04  1.6563E-04  1.6571E-04  1.6579E-04
1.6587E-04  1.6594E-04  1.6602E-04  1.6610E-04  1.6618E-04  1.6626E-04
1.6634E-04  1.6642E-04  1.6650E-04  1.6658E-04  1.6666E-04  1.6674E-04
1.6681E-04  1.6689E-04  1.6697E-04  1.6705E-04  1.6713E-04  1.6721E-04
1.6729E-04  1.6737E-04  1.6745E-04  1.6753E-04  1.6761E-04  1.6769E-04
1.6777E-04  1.6785E-04  1.6793E-04  1.6801E-04  1.6809E-04  1.6817E-04
1.6825E-04  1.6833E-04  1.6841E-04  1.6849E-04  1.6857E-04  1.6865E-04
1.6873E-04  1.6881E-04  1.6889E-04  1.6897E-04  1.6905E-04  1.6913E-04
1.6921E-04  1.6929E-04  1.6937E-04  1.6945E-04  1.6953E-04  1.6961E-04
1.6969E-04  1.6977E-04  1.6985E-04  1.6994E-04  1.7002E-04  1.7010E-04
1.7018E-04  1.7026E-04  1.7034E-04  1.7042E-04  1.7050E-04  1.7058E-04
1.7066E-04  1.7075E-04  1.7083E-04  1.7091E-04  1.7099E-04  1.7107E-04
1.7115E-04  1.7123E-04  1.7131E-04  1.7140E-04  1.7148E-04  1.7156E-04
1.7164E-04  1.7172E-04  1.7180E-04  1.7189E-04  1.7197E-04  1.7205E-04
1.7213E-04  1.7221E-04  1.7229E-04  1.7238E-04  1.7246E-04  1.7254E-04
1.7262E-04  1.7270E-04  1.7279E-04  1.7287E-04  1.7295E-04  1.7303E-04
1.7311E-04  1.7320E-04  1.7328E-04  1.7336E-04  1.7344E-04  1.7353E-04
1.7361E-04  1.7369E-04  1.7377E-04  1.7386E-04  1.7394E-04  1.7402E-04
1.7411E-04  1.7419E-04  1.7427E-04  1.7435E-04  1.7444E-04  1.7452E-04
1.7460E-04  1.7469E-04  1.7477E-04  1.7485E-04  1.7493E-04  1.7502E-04
1.7510E-04  1.7518E-04  1.7527E-04  1.7535E-04  1.7543E-04  1.7552E-04
1.7560E-04  1.7568E-04  1.7577E-04  1.7585E-04  1.7594E-04  1.7602E-04
1.7610E-04  1.7619E-04  1.7627E-04  1.7635E-04  1.7644E-04  1.7652E-04
1.7661E-04  1.7669E-04  1.7677E-04  1.7686E-04  1.7694E-04  1.7703E-04
1.7711E-04  1.7719E-04  1.7728E-04  1.7736E-04  1.7745E-04  1.7753E-04
1.7762E-04  1.7770E-04  1.7778E-04  1.7787E-04  1.7795E-04  1.7804E-04
1.7812E-04  1.7821E-04  1.7829E-04  1.7838E-04  1.7846E-04  1.7855E-04
1.7863E-04  1.7872E-04  1.7880E-04  1.7889E-04  1.7897E-04  1.7906E-04
1.7914E-04  1.7923E-04  1.7931E-04  1.7940E-04  1.7948E-04  1.7957E-04
1.7965E-04  1.7974E-04  1.7982E-04  1.7991E-04  1.7999E-04  1.8008E-04
1.8017E-04  1.8025E-04  1.8034E-04  1.8042E-04  1.8051E-04  1.8059E-04
1.8068E-04  1.8077E-04  1.8085E-04  1.8094E-04  1.8102E-04  1.8111E-04
1.8120E-04  1.8128E-04  1.8137E-04  1.8146E-04  1.8154E-04  1.8163E-04
1.8171E-04  1.8180E-04  1.8189E-04  1.8197E-04  1.8206E-04  1.8215E-04
1.8223E-04  1.8232E-04  1.8241E-04  1.8249E-04  1.8258E-04  1.8267E-04
1.8275E-04  1.8284E-04  1.8293E-04  1.8301E-04  1.8310E-04  1.8319E-04
1.8328E-04  1.8336E-04  1.8345E-04  1.8354E-04  1.8362E-04  1.8371E-04
1.8380E-04  1.8389E-04  1.8397E-04  1.8406E-04  1.8415E-04  1.8424E-04
1.8432E-04  1.8441E-04  1.8450E-04  1.8459E-04  1.8467E-04  1.8476E-04
1.8485E-04  1.8494E-04  1.8503E-04  1.8511E-04  1.8520E-04  1.8529E-04
1.8538E-04  1.8547E-04  1.8555E-04  1.8564E-04  1.8573E-04  1.8582E-04
1.8591E-04  1.8600E-04  1.8608E-04  1.8617E-04  1.8626E-04  1.8635E-04
1.8644E-04  1.8653E-04  1.8662E-04  1.8670E-04  1.8679E-04  1.8688E-04
1.8697E-04  1.8706E-04  1.8715E-04  1.8724E-04  1.8733E-04  1.8742E-04
1.8750E-04  1.8759E-04  1.8768E-04  1.8777E-04  1.8786E-04  1.8795E-04
1.8804E-04  1.8813E-04  1.8822E-04  1.8831E-04  1.8840E-04  1.8849E-04
1.8858E-04  1.8867E-04  1.8876E-04  1.8885E-04  1.8894E-04  1.8903E-04
1.8912E-04  1.8921E-04  1.8930E-04  1.8939E-04  1.8948E-04  1.8957E-04
1.8966E-04  1.8975E-04  1.8984E-04  1.8993E-04  1.9002E-04  1.9011E-04
1.9020E-04  1.9029E-04  1.9038E-04  1.9047E-04  1.9056E-04  1.9065E-04
1.9074E-04  1.9083E-04  1.9092E-04  1.9101E-04  1.9110E-04  1.9119E-04
1.9129E-04  1.9138E-04  1.9147E-04  1.9156E-04  1.9165E-04  1.9174E-04
1.9183E-04  1.9192E-04  1.9201E-04  1.9211E-04  1.9220E-04  1.9229E-04
1.9238E-04  1.9247E-04  1.9256E-04  1.9265E-04  1.9275E-04  1.9284E-04
1.9293E-04  1.9302E-04  1.9311E-04  1.9320E-04  1.9330E-04  1.9339E-04
1.9348E-04  1.9357E-04  1.9366E-04  1.9376E-04  1.9385E-04  1.9394E-04
1.9403E-04  1.9412E-04  1.9422E-04  1.9431E-04  1.9440E-04  1.9449E-04
1.9459E-04  1.9468E-04  1.9477E-04  1.9486E-04  1.9496E-04  1.9505E-04
1.9514E-04  1.9523E-04  1.9533E-04  1.9542E-04  1.9551E-04  1.9561E-04
1.9570E-04  1.9579E-04  1.9589E-04  1.9598E-04  1.9607E-04  1.9616E-04
1.9626E-04  1.9635E-04  1.9644E-04  1.9654E-04  1.9663E-04  1.9672E-04
1.9682E-04  1.9691E-04  1.9701E-04  1.9710E-04  1.9719E-04  1.9729E-04
1.9738E-04  1.9747E-04  1.9757E-04  1.9766E-04  1.9776E-04  1.9785E-04
1.9794E-04  1.9804E-04  1.9813E-04  1.9823E-04  1.9832E-04  1.9842E-04
1.9851E-04  1.9860E-04  1.9870E-04  1.9879E-04  1.9889E-04  1.9898E-04
1.9908E-04  1.9917E-04  1.9927E-04  1.9936E-04  1.9946E-04  1.9955E-04
1.9964E-04  1.9974E-04  1.9983E-04  1.9993E-04  2.0002E-04  2.0012E-04
2.0022E-04  2.0031E-04  2.0041E-04  2.0050E-04  2.0060E-04  2.0069E-04
2.0079E-04  2.0088E-04  2.0098E-04  2.0107E-04  2.0117E-04  2.0126E-04
2.0136E-04  2.0146E-04  2.0155E-04  2.0165E-04  2.0174E-04  2.0184E-04
2.0194E-04  2.0203E-04  2.0213E-04  2.0222E-04  2.0232E-04  2.0242E-04
2.0251E-04  2.0261E-04  2.0270E-04  2.0280E-04  2.0290E-04  2.0299E-04
2.0309E-04  2.0319E-04  2.0328E-04
Rosseland and Planck opacities and free electrons
Density     Ross opa    Planck opa  No. Free    Av Sq Free  T=  2.0000E-03
1.9163E-09  3.5530E+00  4.0076E+02  9.9982E-01  1.0002E+00
Multigroup opacities
Energy      Ross mg     Planck mg    for T, density =   2.0000E-03  1.9163E-09
1.2650E-04  6.4949E+03  6.4948E+03
1.2656E-04  6.4881E+03  6.4879E+03
1.2662E-04  6.4812E+03  6.4810E+03
1.2668E-04  6.4744E+03  6.4742E+03
1.2674E-04  6.4675E+03  6.4673E+03
1.2680E-04  6.4607E+03  6.4605E+03
1.2686E-04  6.4538E+03  6.4536E+03
1.2692E-04  6.4470E+03  6.4468E+03
1.2699E-04  6.4402E+03  6.4400E+03
1.2705E-04  6.4333E+03  6.4332E+03
1.2711E-04  6.4265E+03  6.4263E+03
1.2717E-04  6.4197E+03  6.4195E+03
1.2723E-04  6.4129E+03  6.4127E+03
1.2729E-04  6.4062E+03  6.4060E+03
1.2735E-04  6.3994E+03  6.3992E+03
1.2741E-04  6.3926E+03  6.3924E+03
1.2747E-04  6.3858E+03  6.3856E+03
1.2753E-04  6.3790E+03  6.3789E+03
1.2759E-04  6.3723E+03  6.3721E+03
1.2765E-04  6.3655E+03  6.3653E+03
1.2771E-04  6.3588E+03  6.3586E+03
1.2777E-04  6.3520E+03  6.3518E+03
1.2783E-04  6.3453E+03  6.3451E+03
1.2789E-04  6.3385E+03  6.3384E+03
1.2795E-04  6.3318E+03  6.3316E+03
1.2802E-04  6.3251E+03  6.3249E+03
1.2808E-04  6.3184E+03  6.3182E+03
1.2814E-04  6.3117E+03  6.3115E+03
1.2820E-04  6.3050E+03  6.3048E+03
1.2826E-04  6.2983E+03  6.2981E+03
1.2832E-04  6.2916E+03  6.2914E+03
1.2838E-04  6.2849E+03  6.2847E+03
1.2844E-04  6.2783E+03  6.2781E+03
1.2850E-04  6.2716E+03  6.2714E+03
1.2856E-04  6.2649E+03  6.2647E+03
1.2863E-04  6.2583E+03  6.2581E+03
1.2869E-04  6.2516E+03  6.2514E+03
1.2875E-04  6.2450E+03  6.2448E+03
1.2881E-04  6.2384E+03  6.2382E+03
1.2887E-04  6.2317E+03  6.2315E+03
1.2893E-04  6.2251E+03  6.2249E+03
1.2899E-04  6.2185E+03  6.2183E+03
1.2905E-04  6.2119E+03  6.2117E+03
1.2912E-04  6.2053E+03  6.2051E+03
1.2918E-04  6.1987E+03  6.1985E+03
1.2924E-04  6.1921E+03  6.1919E+03
1.2930E-04  6.1855E+03  6.1853E+03
1.2936E-04  6.1790E+03  6.1788E+03
1.2942E-04  6.1724E+03  6.1722E+03
1.2948E-04  6.1658E+03  6.1657E+03
1.2955E-04  6.1593E+03  6.1591E+03
1.2961E-04  6.1527E+03  6.1526E+03
1.2967E-04  6.1462E+03  6.1460E+03
1.2973E-04  6.1397E+03  6.1395E+03
1.2979E-04  6.1331E+03  6.1330E+03
1.2985E-04  6.1266E+03  6.1264E+03
1.2992E-04  6.1201E+03  6.1199E+03
1.2998E-04  6.1136E+03  6.1134E+03
1.3004E-04  6.1073E+03  6.1071E+03
1.3010E-04  6.1009E+03  6.1007E+03
1.3016E-04  6.0945E+03  6.0943E+03
1.3022E-04  6.0882E+03  6.0880E+03
1.3029E-04  6.0818E+03  6.0817E+03
1.3035E-04  6.0755E+03  6.0753E+03
1.3041E-04  6.0692E+03  6.0690E+03
1.3047E-04  6.0629E+03  6.0627E+03
1.3053E-04  6.0565E+03  6.0563E+03
1.3060E-04  6.0502E+03  6.0500E+03
1.3066E-04  6.0439E+03  6.0437E+03
1.3072E-04  6.0376E+03  6.0374E+03
1.3078E-04  6.0313E+03  6.0311E+03
1.3085E-04  6.0250E+03  6.0249E+03
1.3091E-04  6.0188E+03  6.0186E+03
1.3097E-04  6.0125E+03  6.0123E+03
1.3103E-04  6.0062E+03  6.0060E+03
1.3109E-04  6.0000E+03  5.9998E+03
1.3116E-04  5.9937E+03  5.9935E+03
1.3122E-04  5.9875E+03  5.9873E+03
1.3128E-04  5.9812E+03  5.9810E+03
1.3134E-04  5.9750E+03  5.9748E+03
1.3141E-04  5.9688E+03  5.9686E+03
1.3147E-04  5.9625E+03  5.9623E+03
1.3153E-04  5.9563E+03  5.9561E+03
1.3159E-04  5.9501E+03  5.9499E+03
1.3166E-04  5.9439E+03  5.9437E+03
1.3172E-04  5.9377E+03  5.9375E+03
1.3178E-04  5.9315E+03  5.9313E+03
1.3184E-04  5.9253E+03  5.9251E+03
1.3191E-04  5.9191E+03  5.9189E+03
1.3197E-04  5.9130E+03  5.9128E+03
1.3203E-04  5.9068E+03  5.9066E+03
1.3209E-04  5.9006E+03  5.9004E+03
1.3216E-04  5.8945E+03  5.8943E+03
1.3222E-04  5.8883E+03  5.8881E+03
1.3228E-04  5.8822E+03  5.8820E+03
1.3235E-04  5.8760E+03  5.8758E+03
1.3241E-04  5.8699E+03  5.8697E+03
1.3247E-04  5.8638E+03  5.8636E+03
1.3253E-04  5.8579E+03  5.8577E+03
1.3260E-04  5.8520E+03  5.8518E+03
1.3266E-04  5.8461E+03  5.8459E+03
1.3272E-04  5.8402E+03  5.8400E+03
1.3279E-04  5.8343E+03  5.8341E+03
1.3285E-04  5.8284E+03  5.8282E+03
1.3291E-04  5.8225E+03  5.8223E+03
1.3298E-04  5.8166E+03  5.8164E+03
1.3304E-04  5.8107E+03  5.8105E+03
1.3310E-04  5.8049E+03  5.8047E+03
1.3317E-04  5.7990E+03  5.7988E+03
1.3323E-04  5.7932E+03  5.7930E+03
1.3329E-04  5.7873E+03  5.7871E+03
1.3336E-04  5.7815E+03  5.7813E+03
1.3342E-04  5.7756E+03  5.7754E+03
1.3348E-04  5.7698E+03  5.7696E+03
1.3355E-04  5.7640E+03  5.7638E+03
1.3361E-04  5.7581E+03  5.7579E+03
1.3367E-04  5.7523E+03  5.7521E+03
1.3374E-04  5.7465E+03  5.7463E+03
1.3380E-04  5.7407E+03  5.7405E+03
1.3386E-04  5.7349E+03  5.7347E+03
1.3393E-04  5.7291E+03  5.7289E+03
1.3399E-04  5.7233E+03  5.7231E+03
1.3406E-04  5.7176E+03  5.7174E+03
1.3412E-04  5.7118E+03  5.7116E+03
1.3418E-04  5.7060E+03  5.7058E+03
1.3425E-04  5.7002E+03  5.7001E+03
1.3431E-04  5.6945E+03  5.6943E+03
1.3437E-04  5.6887E+03  5.6885E+03
1.3444E-04  5.6830E+03  5.6828E+03
1.3450E-04  5.6772E+03  5.6771E+03
1.3457E-04  5.6715E+03  5.6713E+03
1.3463E-04  5.6658E+03  5.6656E+03
1.3469E-04  5.6601E+03  5.6599E+03
1.3476E-04  5.6543E+03  5.6541E+03
1.3482E-04  5.6486E+03  5.6484E+03
1.3489E-04  5.6429E+03  5.6427E+03
1.3495E-04  5.6372E+03  5.6370E+03
1.3501E-04  5.6324E+03  5.6322E+03
1.3508E-04  5.6279E+03  5.6277E+03
1.3514E-04  5.6234E+03  5.6232E+03
1.3521E-04  5.6189E+03  5.6187E+03
1.3527E-04  5.6144E+03  5.6142E+03
1.3534E-04  5.6099E+03  5.6097E+03
1.3540E-04  5.6054E+03  5.6052E+03
1.3546E-04  5.6009E+03  5.6007E+03
1.3553E-04  5.5964E+03  5.5963E+03
1.3559E-04  5.5920E+03  5.5918E+03
1.3566E-04  5.5875E+03  5.5873E+03
1.3572E-04  5.5830E+03  5.5828E+03
1.3579E-04  5.5786E+03  5.5784E+03
1.3585E-04  5.5741E+03  5.5739E+03
1.3592E-04  5.5697E+03  5.5695E+03
1.3598E-04  5.5652E+03  5.5650E+03
1.3605E-04  5.5608E+03  5.5606E+03
1.3611E-04  5.5563E+03  5.5561E+03
1.3617E-04  5.5519E+03  5.5517E+03
1.3624E-04  5.5474E+03  5.5472E+03
1.3630E-04  5.5430E+03  5.5428E+03
1.3637E-04  5.5386E+03  5.5384E+03
1.3643E-04  5.5342E+03  5.5340E+03
1.3650E-04  5.5297E+03  5.5295E+03
1.3656E-04  5.5253E+03  5.5251E+03
1.3663E-04  5.5209E+03  5.5207E+03
1.3669E-04  5.5165E+03  5.5163E+03
1.3676E-04  5.5121E+03  5.5119E+03
1.3682E-04  5.5077E+03  5.5075E+03
1.3689E-04  5.5033E+03  5.5031E+03
1.3695E-04  5.4989E+03  5.4987E+03
1.3702E-04  5.4945E+03  5.4943E+03
1.3708E-04  5.4901E+03  5.4899E+03
1.3715E-04  5.4857E+03  5.4855E+03
1.3721E-04  5.4813E+03  5.4812E+03
1.3728E-04  5.4770E+03  5.4768E+03
1.3734E-04  5.4726E+03  5.4724E+03
1.3741E-04  5.4682E+03  5.4680E+03
1.3748E-04  5.4641E+03  5.4639E+03
1.3754E-04  5.4611E+03  5.4609E+03
1.3761E-04  5.4581E+03  5.4579E+03
1.3767E-04  5.4551E+03  5.4549E+03
1.3774E-04  5.4522E+03  5.4520E+03
1.3780E-04  5.4492E+03  5.4490E+03
1.3787E-04  5.4462E+03  5.4461E+03
1.3793E-04  5.4433E+03  5.4431E+03
1.3800E-04  5.4403E+03  5.4401E+03
1.3806E-04  5.4374E+03  5.4372E+03
1.3813E-04  5.4344E+03  5.4342E+03
1.3820E-04  5.4315E+03  5.4313E+03
1.3826E-04  5.4285E+03  5.4283E+03
1.3833E-04  5.4256E+03  5.4254E+03
1.3839E-04  5.4226E+03  5.4224E+03
1.3846E-04  5.4197E+03  5.4195E+03
1.3852E-04  5.4167E+03  5.4165E+03
1.3859E-04  5.4138E+03  5.4136E+03
1.3866E-04  5.4109E+03  5.4107E+03
1.3872E-04  5.4079E+03  5.4077E+03
1.3879E-04  5.4050E+03  5.4048E+03
1.3885E-04  5.4020E+03  5.4019E+03
1.3892E-04  5.3991E+03  5.3989E+03
1.3899E-04  5.3962E+03  5.3960E+03
1.3905E-04  5.3933E+03  5.3931E+03
1.3912E-04  5.3903E+03  5.3901E+03
1.3918E-04  5.3874E+03  5.3872E+03
1.3925E-04  5.3845E+03  5.3843E+03
1.3932E-04  5.3816E+03  5.3814E+03
1.3938E-04  5.3786E+03  5.3784E+03
1.3945E-04  5.3757E+03  5.3755E+03
1.3952E-04  5.3728E+03  5.3726E+03
1.3958E-04  5.3699E+03  5.3697E+03
1.3965E-04  5.3670E+03  5.3668E+03
1.3971E-04  5.3640E+03  5.3639E+03
1.3978E-04  5.3611E+03  5.3609E+03
1.3985E-04  5.3582E+03  5.3580E+03
1.3991E-04  5.3553E+03  5.3551E+03
1.3998E-04  5.3523E+03  5.3521E+03
1.4005E-04  5.3492E+03  5.3490E+03
1.4011E-04  5.3460E+03  5.3458E+03
1.4018E-04  5.3429E+03  5.3427E+03
1.4025E-04  5.3397E+03  5.3395E+03
1.4031E-04  5.3365E+03  5.3363E+03
1.4038E-04  5.3334E+03  5.3332E+03
1.4045E-04  5.3302E+03  5.3300E+03
1.4051E-04  5.3271E+03  5.3269E+03
1.4058E-04  5.3239E+03  5.3237E+03
1.4065E-04  5.3208E+03  5.3206E+03
1.4071E-04  5.3176E+03  5.3174E+03
1.4078E-04  5.3145E+03  5.3143E+03
1.4085E-04  5.3113E+03  5.3111E+03
1.4092E-04  5.3082E+03  5.3080E+03
1.4098E-04  5.3051E+03  5.3049E+03
1.4105E-04  5.3019E+03  5.3017E+03
1.4112E-04  5.2988E+03  5.2986E+03
1.4118E-04  5.2956E+03  5.2955E+03
1.4125E-04  5.2925E+03  5.2923E+03
1.4132E-04  5.2894E+03  5.2892E+03
1.4138E-04  5.2863E+03  5.2861E+03
1.4145E-04  5.2831E+03  5.2829E+03
1.4152E-04  5.2800E+03  5.2798E+03
1.4159E-04  5.2769E+03  5.2767E+03
1.4165E-04  5.2738E+03  5.2736E+03
1.4172E-04  5.2707E+03  5.2705E+03
1.4179E-04  5.2675E+03  5.2673E+03
1.4186E-04  5.2644E+03  5.2642E+03
1.4192E-04  5.2613E+03  5.2611E+03
1.4199E-04  5.2582E+03  5.2580E+03
1.4206E-04  5.2551E+03  5.2549E+03
1.4213E-04  5.2520E+03  5.2518E+03
1.4219E-04  5.2489E+03  5.2487E+03
1.4226E-04  5.2458E+03  5.2456E+03
1.4233E-04  5.2427E+03  5.2425E+03
1.4240E-04  5.2396E+03  5.2394E+03
1.4246E-04  5.2358E+03  5.2356E+03
1.4253E-04  5.2270E+03  5.2268E+03
1.4260E-04  5.2174E+03  5.2172E+03
1.4267E-04  5.2077E+03  5.2075E+03
1.4274E-04  5.1981E+03  5.1979E+03
1.4280E-04  5.1885E+03  5.1883E+03
1.4287E-04  5.1789E+03  5.1787E+03
1.4294E-04  5.1693E+03  5.1691E+03
1.4301E-04  5.1597E+03  5.1595E+03
1.4307E-04  5.1502E+03  5.1500E+03
1.4314E-04  5.1406E+03  5.1404E+03
1.4321E-04  5.1310E+03  5.1309E+03
1.4328E-04  5.1215E+03  5.1213E+03
1.4335E-04  5.1120E+03  5.1118E+03
1.4342E-04  5.1025E+03  5.1023E+03
1.4348E-04  5.0930E+03  5.0928E+03
1.4355E-04  5.0835E+03  5.0833E+03
1.4362E-04  5.0740E+03  5.0738E+03
1.4369E-04  5.0645E+03  5.0643E+03
1.4376E-04  5.0551E+03  5.0549E+03
1.4382E-04  5.0456E+03  5.0454E+03
1.4389E-04  5.0362E+03  5.0360E+03
1.4396E-04  5.0268E+03  5.0266E+03
1.4403E-04  5.0174E+03  5.0172E+03
1.4410E-04  5.0080E+03  5.0078E+03
1.4417E-04  4.9986E+03  4.9984E+03
1.4424E-04  4.9892E+03  4.9890E+03
1.4430E-04  4.9799E+03  4.9797E+03
1.4437E-04  4.9705E+03  4.9703E+03
1.4444E-04  4.9612E+03  4.9610E+03
1.4451E-04  4.9518E+03  4.9516E+03
1.4458E-04  4.9425E+03  4.9423E+03
1.4465E-04  4.9332E+03  4.9330E+03
1.4472E-04  4.9239E+03  4.9237E+03
1.4478E-04  4.9146E+03  4.9144E+03
1.4485E-04  4.9053E+03  4.9051E+03
1.4492E-04  4.8961E+03  4.8959E+03
1.4499E-04  4.8880E+03  4.8878E+03
1.4506E-04  4.8818E+03  4.8816E+03
1.4513E-04  4.8756E+03  4.8754E+03
1.4520E-04  4.8695E+03  4.8693E+03
1.4527E-04  4.8633E+03  4.8631E+03
1.4534E-04  4.8571E+03  4.8569E+03
1.4541E-04  4.8510E+03  4.8508E+03
1.4547E-04  4.8449E+03  4.8447E+03
1.4554E-04  4.8387E+03  4.8385E+03
1.4561E-04  4.8326E+03  4.8324E+03
1.4568E-04  4.8265E+03  4.8263E+03
1.4575E-04  4.8204E+03  4.8202E+03
1.4582E-04  4.8143E+03  4.8141E+03
1.4589E-04  4.8082E+03  4.8080E+03
1.4596E-04  4.8021E+03  4.8019E+03
1.4603E-04  4.7960E+03  4.7958E+03
1.4610E-04  4.7899E+03  4.7897E+03
1.4617E-04  4.7838E+03  4.7836E+03
1.4624E-04  4.7778E+03  4.7776E+03
1.4631E-04  4.7717E+03  4.7715E+03
1.4638E-04  4.7656E+03  4.7654E+03
1.4645E-04  4.7596E+03  4.7594E+03
1.4652E-04  4.7536E+03  4.7534E+03
1.4659E-04  4.7475E+03  4.7473E+03
1.4665E-04  4.7415E+03  4.7413E+03
1.4672E-04  4.7355E+03  4.7353E+03
1.4679E-04  4.7294E+03  4.7293E+03
1.4686E-04  4.7234E+03  4.7232E+03
1.4693E-04  4.7174E+03  4.7172E+03
1.4700E-04  4.7114E+03  4.7112E+03
1.4707E-04  4.7055E+03  4.7053E+03
1.4714E-04  4.6995E+03  4.6993E+03
1.4721E-04  4.6935E+03  4.6933E+03
1.4728E-04  4.6875E+03  4.6873E+03
1.4735E-04  4.6816E+03  4.6814E+03
1.4742E-04  4.6756E+03  4.6754E+03
1.4749E-04  4.6699E+03  4.6697E+03
1.4756E-04  4.6647E+03  4.6645E+03
1.4763E-04  4.6594E+03  4.6592E+03
1.4770E-04  4.6542E+03  4.6540E+03
1.4777E-04  4.6490E+03  4.6488E+03
1.4784E-04  4.6437E+03  4.6435E+03
1.4791E-04  4.6385E+03  4.6383E+03
1.4799E-04  4.6333E+03  4.6331E+03
1.4806E-04  4.6281E+03  4.6279E+03
1.4813E-04  4.6229E+03  4.6227E+03
1.4820E-04  4.6176E+03  4.6174E+03
1.4827E-04  4.6124E+03  4.6123E+03
1.4834E-04  4.6073E+03  4.6071E+03
1.4841E-04  4.6021E+03  4.6019E+03
1.4848E-04  4.5969E+03  4.5967E+03
1.4855E-04  4.5917E+03  4.5915E+03
1.4862E-04  4.5865E+03  4.5863E+03
1.4869E-04  4.5814E+03  4.5812E+03
1.4876E-04  4.5762E+03  4.5760E+03
1.4883E-04  4.5710E+03  4.5708E+03
1.4890E-04  4.5659E+03  4.5657E+03
1.4897E-04  4.5607E+03  4.5606E+03
1.4904E-04  4.5556E+03  4.5554E+03
1.4911E-04  4.5505E+03  4.5503E+03
1.4919E-04  4.5453E+03  4.5451E+03
1.4926E-04  4.5402E+03  4.5400E+03
1.4933E-04  4.5351E+03  4.5349E+03
1.4940E-04  4.5300E+03  4.5298E+03
1.4947E-04  4.5249E+03  4.5247E+03
1.4954E-04  4.5198E+03  4.5196E+03
1.4961E-04  4.5147E+03  4.5145E+03
1.4968E-04  4.5096E+03  4.5094E+03
1.4975E-04  4.5045E+03  4.5043E+03
1.4983E-04  4.4994E+03  4.4992E+03
1.4990E-04  4.4943E+03  4.4941E+03
1.4997E-04  4.4893E+03  4.4891E+03
1.5004E-04  4.4845E+03  4.4843E+03
1.5011E-04  4.4797E+03  4.4795E+03
1.5018E-04  4.4750E+03  4.4748E+03
1.5025E-04  4.4702E+03  4.4700E+03
1.5032E-04  4.4655E+03  4.4653E+03
1.5040E-04  4.4608E+03  4.4606E+03
1.5047E-04  4.4560E+03  4.4558E+03
1.5054E-04  4.4513E+03  4.4511E+03
1.5061E-04  4.4466E+03  4.4464E+03
1.5068E-04  4.4418E+03  4.4416E+03
1.5075E-04  4.4371E+03  4.4369E+03
1.5083E-04  4.4324E+03  4.4322E+03
1.5090E-04  4.4277E+03  4.4275E+03
1.5097E-04  4.4230E+03  4.4228E+03
1.5104E-04  4.4183E+03  4.4181E+03
1.5111E-04  4.4136E+03  4.4134E+03
1.5118E-04  4.4089E+03  4.4087E+03
1.5126E-04  4.4042E+03  4.4040E+03
1.5133E-04  4.3996E+03  4.3994E+03
1.5140E-04  4.3949E+03  4.3947E+03
1.5147E-04  4.3902E+03  4.3900E+03
1.5154E-04  4.3856E+03  4.3854E+03
1.5162E-04  4.3809E+03  4.3807E+03
1.5169E-04  4.3762E+03  4.3760E+03
1.5176E-04  4.3716E+03  4.3714E+03
1.5183E-04  4.3669E+03  4.3667E+03
1.5190E-04  4.3623E+03  4.3621E+03
1.5198E-04  4.3577E+03  4.3575E+03
1.5205E-04  4.3530E+03  4.3528E+03
1.5212E-04  4.3484E+03  4.3482E+03
1.5219E-04  4.3438E+03  4.3436E+03
1.5227E-04  4.3392E+03  4.3390E+03
1.5234E-04  4.3345E+03  4.3343E+03
1.5241E-04  4.3299E+03  4.3297E+03
1.5248E-04  4.3254E+03  4.3252E+03
1.5256E-04  4.3211E+03  4.3209E+03
1.5263E-04  4.3168E+03  4.3166E+03
1.5270E-04  4.3125E+03  4.3123E+03
1.5277E-04  4.3081E+03  4.3079E+03
1.5285E-04  4.3038E+03  4.3036E+03
1.5292E-04  4.2995E+03  4.2993E+03
1.5299E-04  4.2952E+03  4.2950E+03
1.5306E-04  4.2909E+03  4.2907E+03
1.5314E-04  4.2867E+03  4.2865E+03
1.5321E-04  4.2824E+03  4.2822E+03
1.5328E-04  4.2781E+03  4.2779E+03
1.5336E-04  4.2738E+03  4.2736E+03
1.5343E-04  4.2695E+03  4.2693E+03
1.5350E-04  4.2653E+03  4.2651E+03
1.5357E-04  4.2610E+03  4.2608E+03
1.5365E-04  4.2567E+03  4.2565E+03
1.5372E-04  4.2525E+03  4.2523E+03
1.5379E-04  4.2482E+03  4.2480E+03
1.5387E-04  4.2440E+03  4.2438E+03
1.5394E-04  4.2397E+03  4.2395E+03
1.5401E-04  4.2355E+03  4.2353E+03
1.5409E-04  4.2313E+03  4.2311E+03
1.5416E-04  4.2270E+03  4.2268E+03
1.5423E-04  4.2228E+03  4.2226E+03
1.5431E-04  4.2186E+03  4.2184E+03
1.5438E-04  4.2144E+03  4.2142E+03
1.5445E-04  4.2102E+03  4.2100E+03
1.5453E-04  4.2060E+03  4.2058E+03
1.5460E-04  4.2017E+03  4.2015E+03
1.5467E-04  4.1975E+03  4.1973E+03
1.5475E-04  4.1933E+03  4.1931E+03
1.5482E-04  4.1892E+03  4.1890E+03
1.5489E-04  4.1850E+03  4.1848E+03
1.5497E-04  4.1809E+03  4.1807E+03
1.5504E-04  4.1771E+03  4.1769E+03
1.5511E-04  4.1735E+03  4.1733E+03
1.5519E-04  4.1698E+03  4.1696E+03
1.5526E-04  4.1662E+03  4.1660E+03
1.5534E-04  4.1625E+03  4.1623E+03
1.5541E-04  4.1589E+03  4.1587E+03
1.5548E-04  4.1553E+03  4.1551E+03
1.5556E-04  4.1516E+03  4.1514E+03
1.5563E-04  4.1480E+03  4.1478E+03
1.5571E-04  4.1443E+03  4.1442E+03
1.5578E-04  4.1407E+03  4.1405E+03
1.5585E-04  4.1371E+03  4.1369E+03
1.5593E-04  4.1335E+03  4.1333E+03
1.5600E-04  4.1299E+03  4.1297E+03
1.5608E-04  4.1262E+03  4.1260E+03
1.5615E-04  4.1226E+03  4.1224E+03
1.5622E-04  4.1190E+03  4.1188E+03
1.5630E-04  4.1154E+03  4.1152E+03
1.5637E-04  4.1118E+03  4.1116E+03
1.5645E-04  4.1082E+03  4.1080E+03
1.5652E-04  4.1046E+03  4.1044E+03
1.5660E-04  4.1010E+03  4.1008E+03
1.5667E-04  4.0975E+03  4.0973E+03
1.5675E-04  4.0939E+03  4.0937E+03
1.5682E-04  4.0903E+03  4.0901E+03
1.5689E-04  4.0867E+03  4.0865E+03
1.5697E-04  4.0831E+03  4.0829E+03
1.5704E-04  4.0796E+03  4.0794E+03
1.5712E-04  4.0760E+03  4.0758E+03
1.5719E-04  4.0724E+03  4.0722E+03
1.5727E-04  4.0689E+03  4.0687E+03
1.5734E-04  4.0653E+03  4.0651E+03
1.5742E-04  4.0617E+03  4.0615E+03
1.5749E-04  4.0587E+03  4.0585E+03
1.5757E-04  4.0565E+03  4.0563E+03
1.5764E-04  4.0542E+03  4.0540E+03
1.5772E-04  4.0520E+03  4.0518E+03
1.5779E-04  4.0498E+03  4.0496E+03
1.5787E-04  4.0476E+03  4.0474E+03
1.5794E-04  4.0453E+03  4.0451E+03
1.5802E-04  4.0431E+03  4.0429E+03
1.5809E-04  4.0409E+03  4.0407E+03
1.5817E-04  4.0387E+03  4.0385E+03
1.5824E-04  4.0364E+03  4.0362E+03
1.5832E-04  4.0342E+03  4.0340E+03
1.5839E-04  4.0320E+03  4.0318E+03
1.5847E-04  4.0298E+03  4.0296E+03
1.5854E-04  4.0276E+03  4.0274E+03
1.5862E-04  4.0254E+03  4.0252E+03
1.5869E-04  4.0231E+03  4.0229E+03
1.5877E-04  4.0209E+03  4.0207E+03
1.5885E-04  4.0187E+03  4.0185E+03
1.5892E-04  4.0165E+03  4.0163E+03
1.5900E-04  4.0143E+03  4.0141E+03
1.5907E-04  4.0121E+03  4.0119E+03
1.5915E-04  4.0099E+03  4.0097E+03
1.5922E-04  4.0077E+03  4.0075E+03
1.5930E-04  4.0055E+03  4.0053E+03
1.5937E-04  4.0033E+03  4.0031E+03
1.5945E-04  4.0011E+03  4.0009E+03
1.5953E-04  3.9989E+03  3.9987E+03
1.5960E-04  3.9967E+03  3.9965E+03
1.5968E-04  3.9945E+03  3.9943E+03
1.5975E-04  3.9923E+03  3.9921E+03
1.5983E-04  3.9901E+03  3.9899E+03
1.5991E-04  3.9879E+03  3.9877E+03
1.5998E-04  3.9873E+03  3.9871E+03
1.6006E-04  3.9904E+03  3.9902E+03
1.6013E-04  3.9937E+03  3.9935E+03
1.6021E-04  3.9969E+03  3.9967E+03
1.6029E-04  4.0002E+03  4.0000E+03
1.6036E-04  4.0034E+03  4.0032E+03
1.6044E-04  4.0067E+03  4.0065E+03
1.6051E-04  4.0099E+03  4.0097E+03
1.6059E-04  4.0132E+03  4.0130E+03
1.6067E-04  4.0164E+03  4.0162E+03
1.6074E-04  4.0196E+03  4.0194E+03
1.6082E-04  4.0228E+03  4.0226E+03
1.6090E-04  4.0260E+03  4.0258E+03
1.6097E-04  4.0292E+03  4.0290E+03
1.6105E-04  4.0324E+03  4.0322E+03
1.6113E-04  4.0356E+03  4.0354E+03
1.6120E-04  4.0388E+03  4.0386E+03
1.6128E-04  4.0420E+03  4.0418E+03
1.6136E-04  4.0451E+03  4.0449E+03
1.6143E-04  4.0483E+03  4.0481E+03
1.6151E-04  4.0514E+03  4.0512E+03
1.6159E-04  4.0546E+03  4.0544E+03
1.6166E-04  4.0577E+03  4.0575E+03
1.6174E-04  4.0609E+03  4.0607E+03
1.6182E-04  4.0640E+03  4.0638E+03
1.6189E-04  4.0671E+03  4.0669E+03
1.6197E-04  4.0702E+03  4.0700E+03
1.6205E-04  4.0733E+03  4.0731E+03
1.6212E-04  4.0764E+03  4.0762E+03
1.6220E-04  4.0795E+03  4.0793E+03
1.6228E-04  4.0826E+03  4.0824E+03
1.6236E-04  4.0857E+03  4.0855E+03
1.6243E-04  4.0895E+03  4.0893E+03
1.6251E-04  4.1398E+03  4.1400E+03
1.6259E-04  4.2187E+03  4.2189E+03
1.6267E-04  4.2975E+03  4.2976E+03
1.6274E-04  4.3761E+03  4.3763E+03
1.6282E-04  4.4547E+03  4.4548E+03
1.6290E-04  4.5331E+03  4.5332E+03
1.6297E-04  4.6114E+03  4.6115E+03
1.6305E-04  4.6896E+03  4.6897E+03
1.6313E-04  4.7676E+03  4.7678E+03
1.6321E-04  4.8456E+03  4.8457E+03
1.6328E-04  4.9234E+03  4.9235E+03
1.6336E-04  5.0011E+03  5.0012E+03
1.6344E-04  5.0787E+03  5.0788E+03
1.6352E-04  5.1562E+03  5.1563E+03
1.6360E-04  5.2336E+03  5.2337E+03
1.6367E-04  5.3109E+03  5.3109E+03
1.6375E-04  5.3880E+03  5.3881E+03
1.6383E-04  5.4650E+03  5.4651E+03
1.6391E-04  5.5419E+03  5.5420E+03
1.6398E-04  5.6187E+03  5.6188E+03
1.6406E-04  5.6954E+03  5.6955E+03
1.6414E-04  5.7720E+03  5.7720E+03
1.6422E-04  5.8484E+03  5.8485E+03
1.6430E-04  5.9248E+03  5.9248E+03
1.6437E-04  6.0010E+03  6.0010E+03
1.6445E-04  6.0771E+03  6.0771E+03
1.6453E-04  6.1531E+03  6.1531E+03
1.6461E-04  6.2289E+03  6.2290E+03
1.6469E-04  6.3047E+03  6.3047E+03
1.6477E-04  6.3804E+03  6.3804E+03
1.6484E-04  6.4559E+03  6.4559E+03
1.6492E-04  6.5313E+03  6.5313E+03
1.6500E-04  6.5498E+03  6.5496E+03
1.6508E-04  6.5141E+03  6.5139E+03
1.6516E-04  6.4785E+03  6.4783E+03
1.6524E-04  6.4429E+03  6.4427E+03
1.6532E-04  6.4074E+03  6.4072E+03
1.6539E-04  6.3719E+03  6.3717E+03
1.6547E-04  6.3364E+03  6.3363E+03
1.6555E-04  6.3011E+03  6.3009E+03
1.6563E-04  6.2657E+03  6.2656E+03
1.6571E-04  6.2304E+03  6.2303E+03
1.6579E-04  6.1952E+03  6.1951E+03
1.6587E-04  6.1600E+03  6.1599E+03
1.6594E-04  6.1249E+03  6.1247E+03
1.6602E-04  6.0898E+03  6.0896E+03
1.6610E-04  6.0547E+03  6.0546E+03
1.6618E-04  6.0197E+03  6.0196E+03
1.6626E-04  5.9848E+03  5.9846E+03
1.6634E-04  5.9499E+03  5.9498E+03
1.6642E-04  5.9151E+03  5.9149E+03
1.6650E-04  5.8803E+03  5.8801E+03
1.6658E-04  5.8455E+03  5.8453E+03
1.6666E-04  5.8108E+03  5.8106E+03
1.6674E-04  5.7761E+03  5.7760E+03
1.6681E-04  5.7415E+03  5.7414E+03
1.6689E-04  5.7070E+03  5.7068E+03
1.6697E-04  5.6724E+03  5.6723E+03
1.6705E-04  5.6380E+03  5.6378E+03
1.6713E-04  5.6036E+03  5.6034E+03
1.6721E-04  5.5692E+03  5.5690E+03
1.6729E-04  5.5349E+03  5.5347E+03
1.6737E-04  5.5006E+03  5.5004E+03
1.6745E-04  5.4647E+03  5.4646E+03
1.6753E-04  5.4116E+03  5.4115E+03
1.6761E-04  5.3540E+03  5.3540E+03
1.6769E-04  5.2966E+03  5.2965E+03
1.6777E-04  5.2392E+03  5.2391E+03
1.6785E-04  5.1819E+03  5.1818E+03
1.6793E-04  5.1246E+03  5.1246E+03
1.6801E-04  5.0675E+03  5.0675E+03
1.6809E-04  5.0104E+03  5.0104E+03
1.6817E-04  4.9535E+03  4.9534E+03
1.6825E-04  4.8966E+03  4.8965E+03
1.6833E-04  4.8397E+03  4.8397E+03
1.6841E-04  4.7830E+03  4.7830E+03
1.6849E-04  4.7263E+03  4.7263E+03
1.6857E-04  4.6698E+03  4.6697E+03
1.6865E-04  4.6133E+03  4.6132E+03
1.6873E-04  4.5568E+03  4.5568E+03
1.6881E-04  4.5005E+03  4.5005E+03
1.6889E-04  4.4442E+03  4.4442E+03
1.6897E-04  4.3881E+03  4.3880E+03
1.6905E-04  4.3320E+03  4.3319E+03
1.6913E-04  4.2760E+03  4.2759E+03
1.6921E-04  4.2200E+03  4.2200E+03
1.6929E-04  4.1642E+03  4.1641E+03
1.6937E-04  4.1084E+03  4.1084E+03
1.6945E-04  4.0527E+03  4.0527E+03
1.6953E-04  3.9971E+03  3.9971E+03
1.6961E-04  3.9415E+03  3.9415E+03
1.6969E-04  3.8861E+03  3.8861E+03
1.6977E-04  3.8307E+03  3.8307E+03
1.6985E-04  3.7754E+03  3.7754E+03
1.6994E-04  3.7212E+03  3.7211E+03
1.7002E-04  3.6971E+03  3.6969E+03
1.7010E-04  3.6874E+03  3.6872E+03
1.7018E-04  3.6776E+03  3.6774E+03
1.7026E-04  3.6679E+03  3.6677E+03
1.7034E-04  3.6582E+03  3.6580E+03
1.7042E-04  3.6485E+03  3.6483E+03
1.7050E-04  3.6388E+03  3.6386E+03
1.7058E-04  3.6291E+03  3.6289E+03
1.7066E-04  3.6195E+03  3.6193E+03
1.7075E-04  3.6098E+03  3.6096E+03
1.7083E-04  3.6002E+03  3.6000E+03
1.7091E-04  3.5906E+03  3.5904E+03
1.7099E-04  3.5810E+03  3.5808E+03
1.7107E-04  3.5714E+03  3.5712E+03
1.7115E-04  3.5618E+03  3.5616E+03
1.7123E-04  3.5522E+03  3.5520E+03
1.7131E-04  3.5426E+03  3.5424E+03
1.7140E-04  3.5331E+03  3.5329E+03
1.7148E-04  3.5235E+03  3.5233E+03
1.7156E-04  3.5140E+03  3.5138E+03
1.7164E-04  3.5045E+03  3.5043E+03
1.7172E-04  3.4950E+03  3.4948E+03
1.7180E-04  3.4855E+03  3.4853E+03
1.7189E-04  3.4760E+03  3.4758E+03
1.7197E-04  3.4666E+03  3.4664E+03
1.7205E-04  3.4571E+03  3.4569E+03
1.7213E-04  3.4477E+03  3.4475E+03
1.7221E-04  3.4383E+03  3.4381E+03
1.7229E-04  3.4288E+03  3.4286E+03
1.7238E-04  3.4194E+03  3.4192E+03
1.7246E-04  3.4105E+03  3.4103E+03
1.7254E-04  3.4047E+03  3.4045E+03
1.7262E-04  3.3995E+03  3.3993E+03
1.7270E-04  3.3942E+03  3.3940E+03
1.7279E-04  3.3889E+03  3.3887E+03
1.7287E-04  3.3837E+03  3.3835E+03
1.7295E-04  3.3784E+03  3.3782E+03
1.7303E-04  3.3732E+03  3.3730E+03
1.7311E-04  3.3680E+03  3.3678E+03
1.7320E-04  3.3627E+03  3.3625E+03
1.7328E-04  3.3575E+03  3.3573E+03
1.7336E-04  3.3523E+03  3.3521E+03
1.7344E-04  3.3471E+03  3.3469E+03
1.7353E-04  3.3419E+03  3.3417E+03
1.7361E-04  3.3367E+03  3.3365E+03
1.7369E-04  3.3315E+03  3.3313E+03
1.7377E-04  3.3263E+03  3.3261E+03
1.7386E-04  3.3212E+03  3.3210E+03
1.7394E-04  3.3160E+03  3.3158E+03
1.7402E-04  3.3108E+03  3.3106E+03
1.7411E-04  3.3057E+03  3.3055E+03
1.7419E-04  3.3005E+03  3.3003E+03
1.7427E-04  3.2954E+03  3.2952E+03
1.7435E-04  3.2902E+03  3.2900E+03
1.7444E-04  3.2851E+03  3.2849E+03
1.7452E-04  3.2800E+03  3.2797E+03
1.7460E-04  3.2748E+03  3.2746E+03
1.7469E-04  3.2697E+03  3.2695E+03
1.7477E-04  3.2646E+03  3.2644E+03
1.7485E-04  3.2595E+03  3.2593E+03
1.7493E-04  3.2544E+03  3.2542E+03
1.7502E-04  3.2500E+03  3.2497E+03
1.7510E-04  3.2458E+03  3.2456E+03
1.7518E-04  3.2416E+03  3.2414E+03
1.7527E-04  3.2375E+03  3.2373E+03
1.7535E-04  3.2333E+03  3.2331E+03
1.7543E-04  3.2291E+03  3.2289E+03
1.7552E-04  3.2250E+03  3.2248E+03
1.7560E-04  3.2209E+03  3.2207E+03
1.7568E-04  3.2167E+03  3.2165E+03
1.7577E-04  3.2126E+03  3.2124E+03
1.7585E-04  3.2085E+03  3.2083E+03
1.7594E-04  3.2043E+03  3.2041E+03
1.7602E-04  3.2002E+03  3.2000E+03
1.7610E-04  3.1961E+03  3.1959E+03
1.7619E-04  3.1920E+03  3.1918E+03
1.7627E-04  3.1879E+03  3.1877E+03
1.7635E-04  3.1838E+03  3.1836E+03
1.7644E-04  3.1797E+03  3.1795E+03
1.7652E-04  3.1756E+03  3.1754E+03
1.7661E-04  3.1715E+03  3.1713E+03
1.7669E-04  3.1674E+03  3.1672E+03
1.7677E-04  3.1633E+03  3.1631E+03
1.7686E-04  3.1593E+03  3.1591E+03
1.7694E-04  3.1552E+03  3.1550E+03
1.7703E-04  3.1511E+03  3.1509E+03
1.7711E-04  3.1471E+03  3.1469E+03
1.7719E-04  3.1430E+03  3.1428E+03
1.7728E-04  3.1389E+03  3.1387E+03
1.7736E-04  3.1349E+03  3.1347E+03
1.7745E-04  3.1309E+03  3.1307E+03
1.7753E-04  3.1271E+03  3.1269E+03
1.7762E-04  3.1235E+03  3.1233E+03
1.7770E-04  3.1198E+03  3.1196E+03
1.7778E-04  3.1161E+03  3.1159E+03
1.7787E-04  3.1125E+03  3.1123E+03
1.7795E-04  3.1088E+03  3.1086E+03
1.7804E-04  3.1052E+03  3.1050E+03
1.7812E-04  3.1015E+03  3.1013E+03
1.7821E-04  3.0979E+03  3.0977E+03
1.7829E-04  3.0943E+03  3.0941E+03
1.7838E-04  3.0906E+03  3.0904E+03
1.7846E-04  3.0870E+03  3.0868E+03
1.7855E-04  3.0834E+03  3.0832E+03
1.7863E-04  3.0798E+03  3.0796E+03
1.7872E-04  3.0762E+03  3.0759E+03
1.7880E-04  3.0725E+03  3.0723E+03
1.7889E-04  3.0689E+03  3.0687E+03
1.7897E-04  3.0653E+03  3.0651E+03
1.7906E-04  3.0617E+03  3.0615E+03
1.7914E-04  3.0581E+03  3.0579E+03
1.7923E-04  3.0545E+03  3.0543E+03
1.7931E-04  3.0509E+03  3.0507E+03
1.7940E-04  3.0474E+03  3.0472E+03
1.7948E-04  3.0438E+03  3.0436E+03
1.7957E-04  3.0402E+03  3.0400E+03
1.7965E-04  3.0366E+03  3.0364E+03
1.7974E-04  3.0330E+03  3.0328E+03
1.7982E-04  3.0295E+03  3.0293E+03
1.7991E-04  3.0259E+03  3.0257E+03
1.7999E-04  3.0224E+03  3.0222E+03
1.8008E-04  3.0190E+03  3.0188E+03
1.8017E-04  3.0157E+03  3.0155E+03
1.8025E-04  3.0123E+03  3.0121E+03
1.8034E-04  3.0089E+03  3.0087E+03
1.8042E-04  3.0055E+03  3.0053E+03
1.8051E-04  3.0022E+03  3.0020E+03
1.8059E-04  2.9988E+03  2.9986E+03
1.8068E-04  2.9954E+03  2.9952E+03
1.8077E-04  2.9921E+03  2.9919E+03
1.8085E-04  2.9887E+03  2.9885E+03
1.8094E-04  2.9854E+03  2.9852E+03
1.8102E-04  2.9820E+03  2.9818E+03
1.8111E-04  2.9787E+03  2.9785E+03
1.8120E-04  2.9753E+03  2.9751E+03
1.8128E-04  2.9720E+03  2.9718E+03
1.8137E-04  2.9687E+03  2.9685E+03
1.8146E-04  2.9653E+03  2.9651E+03
1.8154E-04  2.9620E+03  2.9618E+03
1.8163E-04  2.9587E+03  2.9585E+03
1.8171E-04  2.9554E+03  2.9552E+03
1.8180E-04  2.9520E+03  2.9518E+03
1.8189E-04  2.9487E+03  2.9485E+03
1.8197E-04  2.9454E+03  2.9452E+03
1.8206E-04  2.9421E+03  2.9419E+03
1.8215E-04  2.9388E+03  2.9386E+03
1.8223E-04  2.9355E+03  2.9353E+03
1.8232E-04  2.9322E+03  2.9320E+03
1.8241E-04  2.9289E+03  2.9287E+03
1.8249E-04  2.9257E+03  2.9255E+03
1.8258E-04  2.9225E+03  2.9223E+03
1.8267E-04  2.9193E+03  2.9191E+03
1.8275E-04  2.9161E+03  2.9159E+03
1.8284E-04  2.9129E+03  2.9127E+03
1.8293E-04  2.9097E+03  2.9095E+03
1.8301E-04  2.9065E+03  2.9063E+03
1.8310E-04  2.9033E+03  2.9031E+03
1.8319E-04  2.9001E+03  2.8999E+03
1.8328E-04  2.8970E+03  2.8968E+03
1.8336E-04  2.8938E+03  2.8936E+03
1.8345E-04  2.8906E+03  2.8904E+03
1.8354E-04  2.8874E+03  2.8872E+03
1.8362E-04  2.8843E+03  2.8841E+03
1.8371E-04  2.8811E+03  2.8809E+03
1.8380E-04  2.8780E+03  2.8778E+03
1.8389E-04  2.8748E+03  2.8746E+03
1.8397E-04  2.8717E+03  2.8715E+03
1.8406E-04  2.8685E+03  2.8683E+03
1.8415E-04  2.8654E+03  2.8652E+03
1.8424E-04  2.8622E+03  2.8620E+03
1.8432E-04  2.8591E+03  2.8589E+03
1.8441E-04  2.8560E+03  2.8557E+03
1.8450E-04  2.8528E+03  2.8526E+03
1.8459E-04  2.8497E+03  2.8495E+03
1.8467E-04  2.8466E+03  2.8464E+03
1.8476E-04  2.8434E+03  2.8432E+03
1.8485E-04  2.8403E+03  2.8401E+03
1.8494E-04  2.8372E+03  2.8370E+03
1.8503E-04  2.8340E+03  2.8338E+03
1.8511E-04  2.8309E+03  2.8307E+03
1.8520E-04  2.8277E+03  2.8275E+03
1.8529E-04  2.8245E+03  2.8243E+03
1.8538E-04  2.8214E+03  2.8212E+03
1.8547E-04  2.8182E+03  2.8180E+03
1.8555E-04  2.8151E+03  2.8149E+03
1.8564E-04  2.8119E+03  2.8117E+03
1.8573E-04  2.8088E+03  2.8086E+03
1.8582E-04  2.8056E+03  2.8054E+03
1.8591E-04  2.8025E+03  2.8023E+03
1.8600E-04  2.7993E+03  2.7991E+03
1.8608E-04  2.7962E+03  2.7960E+03
1.8617E-04  2.7931E+03  2.7929E+03
1.8626E-04  2.7899E+03  2.7897E+03
1.8635E-04  2.7868E+03  2.7866E+03
1.8644E-04  2.7837E+03  2.7835E+03
1.8653E-04  2.7806E+03  2.7804E+03
1.8662E-04  2.7775E+03  2.7772E+03
1.8670E-04  2.7743E+03  2.7741E+03
1.8679E-04  2.7712E+03  2.7710E+03
1.8688E-04  2.7681E+03  2.7679E+03
1.8697E-04  2.7650E+03  2.7648E+03
1.8706E-04  2.7619E+03  2.7617E+03
1.8715E-04  2.7588E+03  2.7586E+03
1.8724E-04  2.7557E+03  2.7555E+03
1.8733E-04  2.7526E+03  2.7524E+03
1.8742E-04  2.7496E+03  2.7493E+03
1.8750E-04  2.7465E+03  2.7463E+03
1.8759E-04  2.7436E+03  2.7434E+03
1.8768E-04  2.7406E+03  2.7404E+03
1.8777E-04  2.7377E+03  2.7375E+03
1.8786E-04  2.7347E+03  2.7345E+03
1.8795E-04  2.7318E+03  2.7316E+03
1.8804E-04  2.7288E+03  2.7286E+03
1.8813E-04  2.7259E+03  2.7257E+03
1.8822E-04  2.7229E+03  2.7227E+03
1.8831E-04  2.7200E+03  2.7198E+03
1.8840E-04  2.7171E+03  2.7169E+03
1.8849E-04  2.7141E+03  2.7139E+03
1.8858E-04  2.7112E+03  2.7110E+03
1.8867E-04  2.7083E+03  2.7081E+03
1.8876E-04  2.7054E+03  2.7051E+03
1.8885E-04  2.7024E+03  2.7022E+03
1.8894E-04  2.6995E+03  2.6993E+03
1.8903E-04  2.6966E+03  2.6964E+03
1.8912E-04  2.6937E+03  2.6935E+03
1.8921E-04  2.6908E+03  2.6906E+03
1.8930E-04  2.6879E+03  2.6877E+03
1.8939E-04  2.6850E+03  2.6848E+03
1.8948E-04  2.6821E+03  2.6819E+03
1.8957E-04  2.6792E+03  2.6790E+03
1.8966E-04  2.6763E+03  2.6761E+03
1.8975E-04  2.6734E+03  2.6732E+03
1.8984E-04  2.6705E+03  2.6703E+03
1.8993E-04  2.6676E+03  2.6674E+03
1.9002E-04  2.6648E+03  2.6646E+03
1.9011E-04  2.6619E+03  2.6617E+03
1.9020E-04  2.6591E+03  2.6589E+03
1.9029E-04  2.6563E+03  2.6561E+03
1.9038E-04  2.6535E+03  2.6533E+03
1.9047E-04  2.6506E+03  2.6504E+03
1.9056E-04  2.6478E+03  2.6476E+03
1.9065E-04  2.6450E+03  2.6448E+03
1.9074E-04  2.6422E+03  2.6420E+03
1.9083E-04  2.6394E+03  2.6392E+03
1.9092E-04  2.6366E+03  2.6363E+03
1.9101E-04  2.6337E+03  2.6335E+03
1.9110E-04  2.6309E+03  2.6307E+03
1.9119E-04  2.6281E+03  2.6279E+03
1.9129E-04  2.6253E+03  2.6251E+03
1.9138E-04  2.6225E+03  2.6223E+03
1.9147E-04  2.6197E+03  2.6195E+03
1.9156E-04  2.6170E+03  2.6167E+03
1.9165E-04  2.6142E+03  2.6140E+03
1.9174E-04  2.6114E+03  2.6112E+03
1.9183E-04  2.6086E+03  2.6084E+03
1.9192E-04  2.6058E+03  2.6056E+03
1.9201E-04  2.6030E+03  2.6028E+03
1.9211E-04  2.6003E+03  2.6001E+03
1.9220E-04  2.5975E+03  2.5973E+03
1.9229E-04  2.5947E+03  2.5945E+03
1.9238E-04  2.5920E+03  2.5918E+03
1.9247E-04  2.5892E+03  2.5890E+03
1.9256E-04  2.5865E+03  2.5863E+03
1.9265E-04  2.5838E+03  2.5836E+03
1.9275E-04  2.5810E+03  2.5808E+03
1.9284E-04  2.5783E+03  2.5781E+03
1.9293E-04  2.5756E+03  2.5754E+03
1.9302E-04  2.5729E+03  2.5727E+03
1.9311E-04  2.5702E+03  2.5700E+03
1.9320E-04  2.5675E+03  2.5673E+03
1.9330E-04  2.5648E+03  2.5646E+03
1.9339E-04  2.5621E+03  2.5619E+03
1.9348E-04  2.5594E+03  2.5592E+03
1.9357E-04  2.5567E+03  2.5565E+03
1.9366E-04  2.5540E+03  2.5538E+03
1.9376E-04  2.5513E+03  2.5511E+03
1.9385E-04  2.5486E+03  2.5484E+03
1.9394E-04  2.5460E+03  2.5458E+03
1.9403E-04  2.5433E+03  2.5431E+03
1.9412E-04  2.5406E+03  2.5404E+03
1.9422E-04  2.5379E+03  2.5377E+03
1.9431E-04  2.5353E+03  2.5351E+03
1.9440E-04  2.5326E+03  2.5324E+03
1.9449E-04  2.5299E+03  2.5297E+03
1.9459E-04  2.5273E+03  2.5271E+03
1.9468E-04  2.5246E+03  2.5244E+03
1.9477E-04  2.5219E+03  2.5217E+03
1.9486E-04  2.5193E+03  2.5191E+03
1.9496E-04  2.5166E+03  2.5164E+03
1.9505E-04  2.5140E+03  2.5138E+03
1.9514E-04  2.5114E+03  2.5112E+03
1.9523E-04  2.5088E+03  2.5086E+03
1.9533E-04  2.5063E+03  2.5060E+03
1.9542E-04  2.5037E+03  2.5035E+03
1.9551E-04  2.5011E+03  2.5009E+03
1.9561E-04  2.4985E+03  2.4983E+03
1.9570E-04  2.4959E+03  2.4957E+03
1.9579E-04  2.4933E+03  2.4931E+03
1.9589E-04  2.4907E+03  2.4905E+03
1.9598E-04  2.4882E+03  2.4880E+03
1.9607E-04  2.4856E+03  2.4854E+03
1.9616E-04  2.4830E+03  2.4828E+03
1.9626E-04  2.4805E+03  2.4803E+03
1.9635E-04  2.4779E+03  2.4777E+03
1.9644E-04  2.4753E+03  2.4751E+03
1.9654E-04  2.4728E+03  2.4726E+03
1.9663E-04  2.4702E+03  2.4700E+03
1.9672E-04  2.4677E+03  2.4675E+03
1.9682E-04  2.4651E+03  2.4649E+03
1.9691E-04  2.4626E+03  2.4624E+03
1.9701E-04  2.4600E+03  2.4598E+03
1.9710E-04  2.4575E+03  2.4573E+03
1.9719E-04  2.4549E+03  2.4547E+03
1.9729E-04  2.4524E+03  2.4522E+03
1.9738E-04  2.4499E+03  2.4496E+03
1.9747E-04  2.4473E+03  2.4471E+03
1.9757E-04  2.4449E+03  2.4447E+03
1.9766E-04  2.4425E+03  2.4422E+03
1.9776E-04  2.4400E+03  2.4398E+03
1.9785E-04  2.4376E+03  2.4374E+03
1.9794E-04  2.4351E+03  2.4349E+03
1.9804E-04  2.4327E+03  2.4325E+03
1.9813E-04  2.4303E+03  2.4301E+03
1.9823E-04  2.4278E+03  2.4276E+03
1.9832E-04  2.4254E+03  2.4252E+03
1.9842E-04  2.4230E+03  2.4228E+03
1.9851E-04  2.4206E+03  2.4204E+03
1.9860E-04  2.4182E+03  2.4180E+03
1.9870E-04  2.4157E+03  2.4155E+03
1.9879E-04  2.4133E+03  2.4131E+03
1.9889E-04  2.4109E+03  2.4107E+03
1.9898E-04  2.4085E+03  2.4083E+03
1.9908E-04  2.4061E+03  2.4059E+03
1.9917E-04  2.4037E+03  2.4035E+03
1.9927E-04  2.4013E+03  2.4011E+03
1.9936E-04  2.3989E+03  2.3987E+03
1.9946E-04  2.3965E+03  2.3963E+03
1.9955E-04  2.3941E+03  2.3939E+03
1.9964E-04  2.3917E+03  2.3915E+03
1.9974E-04  2.3893E+03  2.3891E+03
1.9983E-04  2.3869E+03  2.3867E+03
1.9993E-04  2.3845E+03  2.3843E+03
2.0002E-04  2.3823E+03  2.3821E+03
2.0012E-04  2.3801E+03  2.3799E+03
2.0022E-04  2.3779E+03  2.3777E+03
2.0031E-04  2.3757E+03  2.3755E+03
2.0041E-04  2.3736E+03  2.3733E+03
2.0050E-04  2.3714E+03  2.3712E+03
2.0060E-04  2.3692E+03  2.3690E+03
2.0069E-04  2.3670E+03  2.3668E+03
2.0079E-04  2.3648E+03  2.3646E+03
2.0088E-04  2.3627E+03  2.3625E+03
2.0098E-04  2.3605E+03  2.3603E+03
2.0107E-04  2.3583E+03  2.3581E+03
2.0117E-04  2.3562E+03  2.3559E+03
2.0126E-04  2.3540E+03  2.3538E+03
2.0136E-04  2.3518E+03  2.3516E+03
2.0146E-04  2.3497E+03  2.3495E+03
2.0155E-04  2.3475E+03  2.3473E+03
2.0165E-04  2.3453E+03  2.3451E+03
2.0174E-04  2.3432E+03  2.3430E+03
2.0184E-04  2.3410E+03  2.3408E+03
2.0194E-04  2.3389E+03  2.3387E+03
2.0203E-04  2.3367E+03  2.3365E+03
2.0213E-04  2.3346E+03  2.3344E+03
2.0222E-04  2.3324E+03  2.3322E+03
2.0232E-04  2.3303E+03  2.3301E+03
2.0242E-04  2.3282E+03  2.3280E+03
2.0251E-04  2.3264E+03  2.3262E+03
2.0261E-04  2.3248E+03  2.3246E+03
2.0270E-04  2.3232E+03  2.3230E+03
2.0280E-04  2.3216E+03  2.3214E+03
2.0290E-04  2.3200E+03  2.3198E+03
2.0299E-04  2.3184E+03  2.3182E+03
2.0309E-04  2.3169E+03  2.3167E+03
2.0319E-04  2.3153E+03  2.3151E+03
2.0328E-04  2.3137E+03  2.3135E+03