Number of T =   1  Number of rho =   1  Number of materials =   9
TOPS results for  phW12T1         on Sep 19, 2026
Opacities in cm**2/gm, T in keV, density in gm/cc
Normalized composition for requested elements
No. Fraction Mass Fraction  At. No.  Chem. Sym.  Mat ID.
9.7044E-01   8.8941E-01      1         H         4525
2.9297E-02   1.0664E-01      2         He        4675
2.4325E-06   2.6953E-05      6         C         4387
1.1017E-04   1.4030E-03      7         N         4005
8.3156E-05   1.2116E-03      8         O         4105
2.5313E-09   4.3732E-08      9         F         4405
2.2228E-05   4.0413E-04     10         Ne        4145
4.1339E-05   9.0165E-04     12         Mg        4682
2.1699E-07   7.8856E-06     20         Ca        2302
Temperature grid used the following   1 points
2.0000E-03
Density grid used the following   1 points
1.9163E-09
Photon grid used the following 999 points
9.0773E-03  9.0816E-03  9.0860E-03  9.0903E-03  9.0946E-03  9.0989E-03
9.1032E-03  9.1076E-03  9.1119E-03  9.1162E-03  9.1206E-03  9.1249E-03
9.1292E-03  9.1336E-03  9.1379E-03  9.1423E-03  9.1466E-03  9.1510E-03
9.1553E-03  9.1597E-03  9.1640E-03  9.1684E-03  9.1727E-03  9.1771E-03
9.1815E-03  9.1858E-03  9.1902E-03  9.1946E-03  9.1989E-03  9.2033E-03
9.2077E-03  9.2121E-03  9.2164E-03  9.2208E-03  9.2252E-03  9.2296E-03
9.2340E-03  9.2384E-03  9.2428E-03  9.2472E-03  9.2515E-03  9.2559E-03
9.2603E-03  9.2647E-03  9.2692E-03  9.2736E-03  9.2780E-03  9.2824E-03
9.2868E-03  9.2912E-03  9.2956E-03  9.3000E-03  9.3045E-03  9.3089E-03
9.3133E-03  9.3177E-03  9.3222E-03  9.3266E-03  9.3310E-03  9.3355E-03
9.3399E-03  9.3444E-03  9.3488E-03  9.3532E-03  9.3577E-03  9.3621E-03
9.3666E-03  9.3710E-03  9.3755E-03  9.3799E-03  9.3844E-03  9.3889E-03
9.3933E-03  9.3978E-03  9.4023E-03  9.4067E-03  9.4112E-03  9.4157E-03
9.4202E-03  9.4246E-03  9.4291E-03  9.4336E-03  9.4381E-03  9.4426E-03
9.4471E-03  9.4515E-03  9.4560E-03  9.4605E-03  9.4650E-03  9.4695E-03
9.4740E-03  9.4785E-03  9.4830E-03  9.4876E-03  9.4921E-03  9.4966E-03
9.5011E-03  9.5056E-03  9.5101E-03  9.5146E-03  9.5192E-03  9.5237E-03
9.5282E-03  9.5328E-03  9.5373E-03  9.5418E-03  9.5464E-03  9.5509E-03
9.5554E-03  9.5600E-03  9.5645E-03  9.5691E-03  9.5736E-03  9.5782E-03
9.5827E-03  9.5873E-03  9.5918E-03  9.5964E-03  9.6010E-03  9.6055E-03
9.6101E-03  9.6147E-03  9.6192E-03  9.6238E-03  9.6284E-03  9.6330E-03
9.6375E-03  9.6421E-03  9.6467E-03  9.6513E-03  9.6559E-03  9.6605E-03
9.6651E-03  9.6697E-03  9.6742E-03  9.6788E-03  9.6834E-03  9.6881E-03
9.6927E-03  9.6973E-03  9.7019E-03  9.7065E-03  9.7111E-03  9.7157E-03
9.7203E-03  9.7250E-03  9.7296E-03  9.7342E-03  9.7388E-03  9.7435E-03
9.7481E-03  9.7527E-03  9.7574E-03  9.7620E-03  9.7666E-03  9.7713E-03
9.7759E-03  9.7806E-03  9.7852E-03  9.7899E-03  9.7945E-03  9.7992E-03
9.8039E-03  9.8085E-03  9.8132E-03  9.8178E-03  9.8225E-03  9.8272E-03
9.8319E-03  9.8365E-03  9.8412E-03  9.8459E-03  9.8506E-03  9.8552E-03
9.8599E-03  9.8646E-03  9.8693E-03  9.8740E-03  9.8787E-03  9.8834E-03
9.8881E-03  9.8928E-03  9.8975E-03  9.9022E-03  9.9069E-03  9.9116E-03
9.9163E-03  9.9210E-03  9.9258E-03  9.9305E-03  9.9352E-03  9.9399E-03
9.9446E-03  9.9494E-03  9.9541E-03  9.9588E-03  9.9636E-03  9.9683E-03
9.9730E-03  9.9778E-03  9.9825E-03  9.9873E-03  9.9920E-03  9.9968E-03
1.0002E-02  1.0006E-02  1.0011E-02  1.0016E-02  1.0021E-02  1.0025E-02
1.0030E-02  1.0035E-02  1.0040E-02  1.0044E-02  1.0049E-02  1.0054E-02
1.0059E-02  1.0064E-02  1.0068E-02  1.0073E-02  1.0078E-02  1.0083E-02
1.0087E-02  1.0092E-02  1.0097E-02  1.0102E-02  1.0107E-02  1.0111E-02
1.0116E-02  1.0121E-02  1.0126E-02  1.0131E-02  1.0136E-02  1.0140E-02
1.0145E-02  1.0150E-02  1.0155E-02  1.0160E-02  1.0164E-02  1.0169E-02
1.0174E-02  1.0179E-02  1.0184E-02  1.0189E-02  1.0193E-02  1.0198E-02
1.0203E-02  1.0208E-02  1.0213E-02  1.0218E-02  1.0223E-02  1.0227E-02
1.0232E-02  1.0237E-02  1.0242E-02  1.0247E-02  1.0252E-02  1.0257E-02
1.0262E-02  1.0266E-02  1.0271E-02  1.0276E-02  1.0281E-02  1.0286E-02
1.0291E-02  1.0296E-02  1.0301E-02  1.0306E-02  1.0310E-02  1.0315E-02
1.0320E-02  1.0325E-02  1.0330E-02  1.0335E-02  1.0340E-02  1.0345E-02
1.0350E-02  1.0355E-02  1.0360E-02  1.0364E-02  1.0369E-02  1.0374E-02
1.0379E-02  1.0384E-02  1.0389E-02  1.0394E-02  1.0399E-02  1.0404E-02
1.0409E-02  1.0414E-02  1.0419E-02  1.0424E-02  1.0429E-02  1.0434E-02
1.0439E-02  1.0444E-02  1.0449E-02  1.0454E-02  1.0458E-02  1.0463E-02
1.0468E-02  1.0473E-02  1.0478E-02  1.0483E-02  1.0488E-02  1.0493E-02
1.0498E-02  1.0503E-02  1.0508E-02  1.0513E-02  1.0518E-02  1.0523E-02
1.0528E-02  1.0533E-02  1.0538E-02  1.0543E-02  1.0548E-02  1.0553E-02
1.0558E-02  1.0563E-02  1.0568E-02  1.0573E-02  1.0578E-02  1.0583E-02
1.0589E-02  1.0594E-02  1.0599E-02  1.0604E-02  1.0609E-02  1.0614E-02
1.0619E-02  1.0624E-02  1.0629E-02  1.0634E-02  1.0639E-02  1.0644E-02
1.0649E-02  1.0654E-02  1.0659E-02  1.0664E-02  1.0669E-02  1.0674E-02
1.0680E-02  1.0685E-02  1.0690E-02  1.0695E-02  1.0700E-02  1.0705E-02
1.0710E-02  1.0715E-02  1.0720E-02  1.0725E-02  1.0730E-02  1.0735E-02
1.0741E-02  1.0746E-02  1.0751E-02  1.0756E-02  1.0761E-02  1.0766E-02
1.0771E-02  1.0776E-02  1.0782E-02  1.0787E-02  1.0792E-02  1.0797E-02
1.0802E-02  1.0807E-02  1.0812E-02  1.0817E-02  1.0823E-02  1.0828E-02
1.0833E-02  1.0838E-02  1.0843E-02  1.0848E-02  1.0853E-02  1.0859E-02
1.0864E-02  1.0869E-02  1.0874E-02  1.0879E-02  1.0884E-02  1.0890E-02
1.0895E-02  1.0900E-02  1.0905E-02  1.0910E-02  1.0916E-02  1.0921E-02
1.0926E-02  1.0931E-02  1.0936E-02  1.0942E-02  1.0947E-02  1.0952E-02
1.0957E-02  1.0962E-02  1.0968E-02  1.0973E-02  1.0978E-02  1.0983E-02
1.0988E-02  1.0994E-02  1.0999E-02  1.1004E-02  1.1009E-02  1.1015E-02
1.1020E-02  1.1025E-02  1.1030E-02  1.1036E-02  1.1041E-02  1.1046E-02
1.1051E-02  1.1057E-02  1.1062E-02  1.1067E-02  1.1072E-02  1.1078E-02
1.1083E-02  1.1088E-02  1.1093E-02  1.1099E-02  1.1104E-02  1.1109E-02
1.1114E-02  1.1120E-02  1.1125E-02  1.1130E-02  1.1136E-02  1.1141E-02
1.1146E-02  1.1152E-02  1.1157E-02  1.1162E-02  1.1167E-02  1.1173E-02
1.1178E-02  1.1183E-02  1.1189E-02  1.1194E-02  1.1199E-02  1.1205E-02
1.1210E-02  1.1215E-02  1.1221E-02  1.1226E-02  1.1231E-02  1.1237E-02
1.1242E-02  1.1247E-02  1.1253E-02  1.1258E-02  1.1263E-02  1.1269E-02
1.1274E-02  1.1279E-02  1.1285E-02  1.1290E-02  1.1296E-02  1.1301E-02
1.1306E-02  1.1312E-02  1.1317E-02  1.1322E-02  1.1328E-02  1.1333E-02
1.1339E-02  1.1344E-02  1.1349E-02  1.1355E-02  1.1360E-02  1.1366E-02
1.1371E-02  1.1376E-02  1.1382E-02  1.1387E-02  1.1393E-02  1.1398E-02
1.1403E-02  1.1409E-02  1.1414E-02  1.1420E-02  1.1425E-02  1.1431E-02
1.1436E-02  1.1441E-02  1.1447E-02  1.1452E-02  1.1458E-02  1.1463E-02
1.1469E-02  1.1474E-02  1.1480E-02  1.1485E-02  1.1490E-02  1.1496E-02
1.1501E-02  1.1507E-02  1.1512E-02  1.1518E-02  1.1523E-02  1.1529E-02
1.1534E-02  1.1540E-02  1.1545E-02  1.1551E-02  1.1556E-02  1.1562E-02
1.1567E-02  1.1573E-02  1.1578E-02  1.1584E-02  1.1589E-02  1.1595E-02
1.1600E-02  1.1606E-02  1.1611E-02  1.1617E-02  1.1622E-02  1.1628E-02
1.1633E-02  1.1639E-02  1.1644E-02  1.1650E-02  1.1656E-02  1.1661E-02
1.1667E-02  1.1672E-02  1.1678E-02  1.1683E-02  1.1689E-02  1.1694E-02
1.1700E-02  1.1705E-02  1.1711E-02  1.1717E-02  1.1722E-02  1.1728E-02
1.1733E-02  1.1739E-02  1.1744E-02  1.1750E-02  1.1756E-02  1.1761E-02
1.1767E-02  1.1772E-02  1.1778E-02  1.1784E-02  1.1789E-02  1.1795E-02
1.1800E-02  1.1806E-02  1.1812E-02  1.1817E-02  1.1823E-02  1.1829E-02
1.1834E-02  1.1840E-02  1.1845E-02  1.1851E-02  1.1857E-02  1.1862E-02
1.1868E-02  1.1874E-02  1.1879E-02  1.1885E-02  1.1891E-02  1.1896E-02
1.1902E-02  1.1907E-02  1.1913E-02  1.1919E-02  1.1924E-02  1.1930E-02
1.1936E-02  1.1941E-02  1.1947E-02  1.1953E-02  1.1959E-02  1.1964E-02
1.1970E-02  1.1976E-02  1.1981E-02  1.1987E-02  1.1993E-02  1.1998E-02
1.2004E-02  1.2010E-02  1.2015E-02  1.2021E-02  1.2027E-02  1.2033E-02
1.2038E-02  1.2044E-02  1.2050E-02  1.2056E-02  1.2061E-02  1.2067E-02
1.2073E-02  1.2078E-02  1.2084E-02  1.2090E-02  1.2096E-02  1.2101E-02
1.2107E-02  1.2113E-02  1.2119E-02  1.2124E-02  1.2130E-02  1.2136E-02
1.2142E-02  1.2148E-02  1.2153E-02  1.2159E-02  1.2165E-02  1.2171E-02
1.2176E-02  1.2182E-02  1.2188E-02  1.2194E-02  1.2200E-02  1.2205E-02
1.2211E-02  1.2217E-02  1.2223E-02  1.2229E-02  1.2234E-02  1.2240E-02
1.2246E-02  1.2252E-02  1.2258E-02  1.2264E-02  1.2269E-02  1.2275E-02
1.2281E-02  1.2287E-02  1.2293E-02  1.2299E-02  1.2304E-02  1.2310E-02
1.2316E-02  1.2322E-02  1.2328E-02  1.2334E-02  1.2340E-02  1.2345E-02
1.2351E-02  1.2357E-02  1.2363E-02  1.2369E-02  1.2375E-02  1.2381E-02
1.2387E-02  1.2392E-02  1.2398E-02  1.2404E-02  1.2410E-02  1.2416E-02
1.2422E-02  1.2428E-02  1.2434E-02  1.2440E-02  1.2446E-02  1.2452E-02
1.2457E-02  1.2463E-02  1.2469E-02  1.2475E-02  1.2481E-02  1.2487E-02
1.2493E-02  1.2499E-02  1.2505E-02  1.2511E-02  1.2517E-02  1.2523E-02
1.2529E-02  1.2535E-02  1.2541E-02  1.2547E-02  1.2553E-02  1.2559E-02
1.2564E-02  1.2570E-02  1.2576E-02  1.2582E-02  1.2588E-02  1.2594E-02
1.2600E-02  1.2606E-02  1.2612E-02  1.2618E-02  1.2624E-02  1.2630E-02
1.2636E-02  1.2642E-02  1.2648E-02  1.2654E-02  1.2660E-02  1.2666E-02
1.2672E-02  1.2678E-02  1.2684E-02  1.2691E-02  1.2697E-02  1.2703E-02
1.2709E-02  1.2715E-02  1.2721E-02  1.2727E-02  1.2733E-02  1.2739E-02
1.2745E-02  1.2751E-02  1.2757E-02  1.2763E-02  1.2769E-02  1.2775E-02
1.2781E-02  1.2787E-02  1.2793E-02  1.2800E-02  1.2806E-02  1.2812E-02
1.2818E-02  1.2824E-02  1.2830E-02  1.2836E-02  1.2842E-02  1.2848E-02
1.2854E-02  1.2861E-02  1.2867E-02  1.2873E-02  1.2879E-02  1.2885E-02
1.2891E-02  1.2897E-02  1.2903E-02  1.2910E-02  1.2916E-02  1.2922E-02
1.2928E-02  1.2934E-02  1.2940E-02  1.2946E-02  1.2953E-02  1.2959E-02
1.2965E-02  1.2971E-02  1.2977E-02  1.2983E-02  1.2990E-02  1.2996E-02
1.3002E-02  1.3008E-02  1.3014E-02  1.3020E-02  1.3027E-02  1.3033E-02
1.3039E-02  1.3045E-02  1.3051E-02  1.3058E-02  1.3064E-02  1.3070E-02
1.3076E-02  1.3082E-02  1.3089E-02  1.3095E-02  1.3101E-02  1.3107E-02
1.3114E-02  1.3120E-02  1.3126E-02  1.3132E-02  1.3139E-02  1.3145E-02
1.3151E-02  1.3157E-02  1.3164E-02  1.3170E-02  1.3176E-02  1.3182E-02
1.3189E-02  1.3195E-02  1.3201E-02  1.3207E-02  1.3214E-02  1.3220E-02
1.3226E-02  1.3233E-02  1.3239E-02  1.3245E-02  1.3251E-02  1.3258E-02
1.3264E-02  1.3270E-02  1.3277E-02  1.3283E-02  1.3289E-02  1.3296E-02
1.3302E-02  1.3308E-02  1.3315E-02  1.3321E-02  1.3327E-02  1.3334E-02
1.3340E-02  1.3346E-02  1.3353E-02  1.3359E-02  1.3365E-02  1.3372E-02
1.3378E-02  1.3384E-02  1.3391E-02  1.3397E-02  1.3403E-02  1.3410E-02
1.3416E-02  1.3423E-02  1.3429E-02  1.3435E-02  1.3442E-02  1.3448E-02
1.3455E-02  1.3461E-02  1.3467E-02  1.3474E-02  1.3480E-02  1.3487E-02
1.3493E-02  1.3499E-02  1.3506E-02  1.3512E-02  1.3519E-02  1.3525E-02
1.3531E-02  1.3538E-02  1.3544E-02  1.3551E-02  1.3557E-02  1.3564E-02
1.3570E-02  1.3577E-02  1.3583E-02  1.3589E-02  1.3596E-02  1.3602E-02
1.3609E-02  1.3615E-02  1.3622E-02  1.3628E-02  1.3635E-02  1.3641E-02
1.3648E-02  1.3654E-02  1.3661E-02  1.3667E-02  1.3674E-02  1.3680E-02
1.3687E-02  1.3693E-02  1.3700E-02  1.3706E-02  1.3713E-02  1.3719E-02
1.3726E-02  1.3732E-02  1.3739E-02  1.3745E-02  1.3752E-02  1.3758E-02
1.3765E-02  1.3772E-02  1.3778E-02  1.3785E-02  1.3791E-02  1.3798E-02
1.3804E-02  1.3811E-02  1.3817E-02  1.3824E-02  1.3831E-02  1.3837E-02
1.3844E-02  1.3850E-02  1.3857E-02  1.3863E-02  1.3870E-02  1.3877E-02
1.3883E-02  1.3890E-02  1.3896E-02  1.3903E-02  1.3910E-02  1.3916E-02
1.3923E-02  1.3930E-02  1.3936E-02  1.3943E-02  1.3949E-02  1.3956E-02
1.3963E-02  1.3969E-02  1.3976E-02  1.3983E-02  1.3989E-02  1.3996E-02
1.4003E-02  1.4009E-02  1.4016E-02  1.4023E-02  1.4029E-02  1.4036E-02
1.4043E-02  1.4049E-02  1.4056E-02  1.4063E-02  1.4069E-02  1.4076E-02
1.4083E-02  1.4089E-02  1.4096E-02  1.4103E-02  1.4109E-02  1.4116E-02
1.4123E-02  1.4130E-02  1.4136E-02  1.4143E-02  1.4150E-02  1.4156E-02
1.4163E-02  1.4170E-02  1.4177E-02  1.4183E-02  1.4190E-02  1.4197E-02
1.4204E-02  1.4210E-02  1.4217E-02  1.4224E-02  1.4231E-02  1.4237E-02
1.4244E-02  1.4251E-02  1.4258E-02  1.4264E-02  1.4271E-02  1.4278E-02
1.4285E-02  1.4292E-02  1.4298E-02  1.4305E-02  1.4312E-02  1.4319E-02
1.4326E-02  1.4332E-02  1.4339E-02  1.4346E-02  1.4353E-02  1.4360E-02
1.4367E-02  1.4373E-02  1.4380E-02  1.4387E-02  1.4394E-02  1.4401E-02
1.4408E-02  1.4414E-02  1.4421E-02  1.4428E-02  1.4435E-02  1.4442E-02
1.4449E-02  1.4456E-02  1.4462E-02  1.4469E-02  1.4476E-02  1.4483E-02
1.4490E-02  1.4497E-02  1.4504E-02  1.4511E-02  1.4518E-02  1.4524E-02
1.4531E-02  1.4538E-02  1.4545E-02  1.4552E-02  1.4559E-02  1.4566E-02
1.4573E-02  1.4580E-02  1.4587E-02
Rosseland and Planck opacities and free electrons
Density     Ross opa    Planck opa  No. Free    Av Sq Free  T=  2.0000E-03
1.9163E-09  3.5530E+00  4.0076E+02  9.9982E-01  1.0002E+00
Multigroup opacities
Energy      Ross mg     Planck mg    for T, density =   2.0000E-03  1.9163E-09
9.0773E-03  2.0437E+00  1.6801E+00
9.0816E-03  2.0381E+00  1.6745E+00
9.0860E-03  2.0359E+00  1.6723E+00
9.0903E-03  2.0370E+00  1.6734E+00
9.0946E-03  2.0338E+00  1.6702E+00
9.0989E-03  2.0295E+00  1.6659E+00
9.1032E-03  2.0272E+00  1.6636E+00
9.1076E-03  2.0255E+00  1.6619E+00
9.1119E-03  2.0260E+00  1.6624E+00
9.1162E-03  2.0235E+00  1.6599E+00
9.1206E-03  2.0792E+00  1.7167E+00
9.1249E-03  2.0170E+00  1.6534E+00
9.1292E-03  2.0143E+00  1.6507E+00
9.1336E-03  2.0127E+00  1.6491E+00
9.1379E-03  2.0961E+00  1.7435E+00
9.1423E-03  2.1285E+00  1.7806E+00
9.1466E-03  2.0059E+00  1.6423E+00
9.1510E-03  2.0035E+00  1.6399E+00
9.1553E-03  2.0013E+00  1.6377E+00
9.1597E-03  1.9992E+00  1.6355E+00
9.1640E-03  1.9971E+00  1.6335E+00
9.1684E-03  1.9949E+00  1.6313E+00
9.1727E-03  1.9928E+00  1.6292E+00
9.1771E-03  1.9909E+00  1.6272E+00
9.1815E-03  1.9949E+00  1.6313E+00
9.1858E-03  1.9895E+00  1.6259E+00
9.1902E-03  2.0167E+00  1.6546E+00
9.1946E-03  2.0530E+00  1.6916E+00
9.1989E-03  2.0598E+00  1.6995E+00
9.2033E-03  2.0033E+00  1.6409E+00
9.2077E-03  1.9769E+00  1.6133E+00
9.2121E-03  2.1594E+00  1.8098E+00
9.2164E-03  1.9914E+00  1.6292E+00
9.2208E-03  1.9705E+00  1.6069E+00
9.2252E-03  1.9680E+00  1.6044E+00
9.2296E-03  1.9658E+00  1.6022E+00
9.2340E-03  1.9638E+00  1.6002E+00
9.2384E-03  1.9618E+00  1.5981E+00
9.2428E-03  1.9598E+00  1.5961E+00
9.2472E-03  1.9576E+00  1.5940E+00
9.2515E-03  1.9555E+00  1.5919E+00
9.2559E-03  1.9535E+00  1.5899E+00
9.2603E-03  1.9514E+00  1.5878E+00
9.2647E-03  1.9495E+00  1.5859E+00
9.2692E-03  1.9474E+00  1.5838E+00
9.2736E-03  1.9454E+00  1.5817E+00
9.2780E-03  1.9433E+00  1.5797E+00
9.2824E-03  1.9413E+00  1.5777E+00
9.2868E-03  1.9401E+00  1.5764E+00
9.2912E-03  1.9374E+00  1.5738E+00
9.2956E-03  1.9353E+00  1.5716E+00
9.3000E-03  1.9335E+00  1.5699E+00
9.3045E-03  1.9342E+00  1.5706E+00
9.3089E-03  1.9295E+00  1.5659E+00
9.3133E-03  1.9272E+00  1.5636E+00
9.3177E-03  1.9252E+00  1.5616E+00
9.3222E-03  1.9232E+00  1.5596E+00
9.3266E-03  1.9214E+00  1.5578E+00
9.3310E-03  1.9195E+00  1.5559E+00
9.3355E-03  1.9175E+00  1.5539E+00
9.3399E-03  1.9157E+00  1.5520E+00
9.3444E-03  1.9135E+00  1.5499E+00
9.3488E-03  1.9116E+00  1.5480E+00
9.3532E-03  1.9095E+00  1.5459E+00
9.3577E-03  1.9159E+00  1.5523E+00
9.3621E-03  1.9075E+00  1.5438E+00
9.3666E-03  1.9037E+00  1.5401E+00
9.3710E-03  1.9033E+00  1.5396E+00
9.3755E-03  1.9005E+00  1.5368E+00
9.3799E-03  1.9163E+00  1.5531E+00
9.3844E-03  1.9316E+00  1.5690E+00
9.3889E-03  1.9300E+00  1.5745E+00
9.3933E-03  2.4818E+00  2.2796E+00
9.3978E-03  1.8920E+00  1.5283E+00
9.4023E-03  1.8888E+00  1.5252E+00
9.4067E-03  1.8904E+00  1.5268E+00
9.4112E-03  1.8984E+00  1.5348E+00
9.4157E-03  1.8845E+00  1.5209E+00
9.4202E-03  1.8882E+00  1.5245E+00
9.4246E-03  1.8876E+00  1.5241E+00
9.4291E-03  1.8778E+00  1.5141E+00
9.4336E-03  1.8874E+00  1.5238E+00
9.4381E-03  1.8727E+00  1.5090E+00
9.4426E-03  1.8707E+00  1.5071E+00
9.4471E-03  1.8688E+00  1.5051E+00
9.4515E-03  1.8754E+00  1.5118E+00
9.4560E-03  1.8683E+00  1.5047E+00
9.4605E-03  1.8629E+00  1.4993E+00
9.4650E-03  1.8615E+00  1.4978E+00
9.4695E-03  1.8602E+00  1.4966E+00
9.4740E-03  1.8581E+00  1.4945E+00
9.4785E-03  1.8558E+00  1.4921E+00
9.4830E-03  1.8538E+00  1.4901E+00
9.4876E-03  1.8519E+00  1.4883E+00
9.4921E-03  1.8506E+00  1.4869E+00
9.4966E-03  1.8480E+00  1.4843E+00
9.5011E-03  1.8464E+00  1.4827E+00
9.5056E-03  1.8442E+00  1.4805E+00
9.5101E-03  1.8429E+00  1.4792E+00
9.5146E-03  1.8412E+00  1.4776E+00
9.5192E-03  1.8387E+00  1.4750E+00
9.5237E-03  1.8367E+00  1.4731E+00
9.5282E-03  1.8348E+00  1.4711E+00
9.5328E-03  1.8333E+00  1.4697E+00
9.5373E-03  1.8334E+00  1.4698E+00
9.5418E-03  1.8317E+00  1.4680E+00
9.5464E-03  1.8278E+00  1.4641E+00
9.5509E-03  1.8263E+00  1.4626E+00
9.5554E-03  1.8488E+00  1.4859E+00
9.5600E-03  1.8466E+00  1.4838E+00
9.5645E-03  1.8206E+00  1.4570E+00
9.5691E-03  1.8190E+00  1.4553E+00
9.5736E-03  1.8179E+00  1.4542E+00
9.5782E-03  1.8160E+00  1.4523E+00
9.5827E-03  1.8149E+00  1.4512E+00
9.5873E-03  1.8148E+00  1.4511E+00
9.5918E-03  1.8199E+00  1.4563E+00
9.5964E-03  2.0434E+00  3.5490E+00
9.6010E-03  4.6121E+00  2.7457E+01
9.6055E-03  2.0906E+00  1.8007E+00
9.6101E-03  2.0455E+00  1.7492E+00
9.6147E-03  1.8223E+00  1.4586E+00
9.6192E-03  1.8174E+00  1.4539E+00
9.6238E-03  1.8519E+00  1.4898E+00
9.6284E-03  1.7963E+00  1.4326E+00
9.6330E-03  1.7940E+00  1.4303E+00
9.6375E-03  1.7920E+00  1.4283E+00
9.6421E-03  1.7900E+00  1.4263E+00
9.6467E-03  1.7880E+00  1.4243E+00
9.6513E-03  1.7863E+00  1.4226E+00
9.6559E-03  1.7847E+00  1.4210E+00
9.6605E-03  1.7834E+00  1.4197E+00
9.6651E-03  1.7816E+00  1.4180E+00
9.6697E-03  1.7865E+00  1.4229E+00
9.6742E-03  1.7843E+00  1.4207E+00
9.6788E-03  1.7757E+00  1.4120E+00
9.6834E-03  1.7741E+00  1.4104E+00
9.6881E-03  1.7723E+00  1.4086E+00
9.6927E-03  1.7706E+00  1.4069E+00
9.6973E-03  1.7689E+00  1.4053E+00
9.7019E-03  1.7671E+00  1.4034E+00
9.7065E-03  1.7654E+00  1.4017E+00
9.7111E-03  1.7642E+00  1.4005E+00
9.7157E-03  1.7624E+00  1.3987E+00
9.7203E-03  1.7642E+00  1.4005E+00
9.7250E-03  1.7655E+00  1.4018E+00
9.7296E-03  1.7570E+00  1.3933E+00
9.7342E-03  1.7552E+00  1.3915E+00
9.7388E-03  1.7535E+00  1.3898E+00
9.7435E-03  1.7519E+00  1.3882E+00
9.7481E-03  1.7506E+00  1.3869E+00
9.7527E-03  1.7490E+00  1.3853E+00
9.7574E-03  1.7471E+00  1.3834E+00
9.7620E-03  1.7457E+00  1.3820E+00
9.7666E-03  1.7448E+00  1.3811E+00
9.7713E-03  1.7430E+00  1.3793E+00
9.7759E-03  1.7410E+00  1.3773E+00
9.7806E-03  1.7393E+00  1.3756E+00
9.7852E-03  1.7378E+00  1.3741E+00
9.7899E-03  1.7364E+00  1.3727E+00
9.7945E-03  1.7388E+00  1.3751E+00
9.7992E-03  1.7411E+00  1.3774E+00
9.8039E-03  1.7318E+00  1.3681E+00
9.8085E-03  1.7303E+00  1.3666E+00
9.8132E-03  1.7287E+00  1.3650E+00
9.8178E-03  1.7270E+00  1.3633E+00
9.8225E-03  1.7255E+00  1.3618E+00
9.8272E-03  1.7241E+00  1.3604E+00
9.8319E-03  1.7227E+00  1.3590E+00
9.8365E-03  1.7214E+00  1.3577E+00
9.8412E-03  1.7203E+00  1.3566E+00
9.8459E-03  1.7189E+00  1.3552E+00
9.8506E-03  1.7175E+00  1.3538E+00
9.8552E-03  1.7162E+00  1.3525E+00
9.8599E-03  1.7150E+00  1.3513E+00
9.8646E-03  1.7153E+00  1.3516E+00
9.8693E-03  1.7138E+00  1.3501E+00
9.8740E-03  1.7232E+00  1.3595E+00
9.8787E-03  1.7181E+00  1.3544E+00
9.8834E-03  1.7123E+00  1.3486E+00
9.8881E-03  1.7125E+00  1.3488E+00
9.8928E-03  1.7065E+00  1.3428E+00
9.8975E-03  1.7053E+00  1.3416E+00
9.9022E-03  1.7045E+00  1.3408E+00
9.9069E-03  1.7044E+00  1.3407E+00
9.9116E-03  1.7051E+00  1.3414E+00
9.9163E-03  1.7085E+00  1.3448E+00
9.9210E-03  1.7110E+00  1.3473E+00
9.9258E-03  1.7012E+00  1.3375E+00
9.9305E-03  1.7017E+00  1.3380E+00
9.9352E-03  1.6998E+00  1.3361E+00
9.9399E-03  1.7000E+00  1.3363E+00
9.9446E-03  1.6990E+00  1.3353E+00
9.9494E-03  1.6984E+00  1.3347E+00
9.9541E-03  1.7040E+00  1.3403E+00
9.9588E-03  1.7158E+00  1.3523E+00
9.9636E-03  1.7008E+00  1.3370E+00
9.9683E-03  1.7000E+00  1.3363E+00
9.9730E-03  1.7007E+00  1.3370E+00
9.9778E-03  1.6986E+00  1.3349E+00
9.9825E-03  1.6976E+00  1.3339E+00
9.9873E-03  1.6980E+00  1.3343E+00
9.9920E-03  1.6981E+00  1.3343E+00
9.9968E-03  1.6993E+00  1.3356E+00
1.0002E-02  1.7012E+00  1.3375E+00
1.0006E-02  1.7032E+00  1.3395E+00
1.0011E-02  1.7054E+00  1.3416E+00
1.0016E-02  1.7083E+00  1.3446E+00
1.0021E-02  1.7171E+00  1.3534E+00
1.0025E-02  1.7123E+00  1.3485E+00
1.0030E-02  1.7142E+00  1.3505E+00
1.0035E-02  1.7667E+00  1.4082E+00
1.0040E-02  1.8104E+00  1.4553E+00
1.0044E-02  1.7302E+00  1.3665E+00
1.0049E-02  1.7366E+00  1.3729E+00
1.0054E-02  1.7427E+00  1.3790E+00
1.0059E-02  1.7592E+00  1.3955E+00
1.0064E-02  1.7619E+00  1.3982E+00
1.0068E-02  1.7731E+00  1.4093E+00
1.0073E-02  1.7817E+00  1.4180E+00
1.0078E-02  1.7927E+00  1.4289E+00
1.0083E-02  1.8085E+00  1.4449E+00
1.0087E-02  1.8240E+00  1.4603E+00
1.0092E-02  1.8456E+00  1.4819E+00
1.0097E-02  1.8728E+00  1.5091E+00
1.0102E-02  1.9013E+00  1.5376E+00
1.0107E-02  1.9292E+00  1.5655E+00
1.0111E-02  1.9741E+00  1.6105E+00
1.0116E-02  2.0271E+00  1.6635E+00
1.0121E-02  2.0807E+00  1.7171E+00
1.0126E-02  2.1526E+00  1.7895E+00
1.0131E-02  2.2558E+00  1.8926E+00
1.0136E-02  2.3644E+00  2.0012E+00
1.0140E-02  2.5119E+00  2.1500E+00
1.0145E-02  2.7179E+00  2.3562E+00
1.0150E-02  2.9579E+00  2.5983E+00
1.0155E-02  3.3380E+00  2.9803E+00
1.0160E-02  3.8242E+00  3.4730E+00
1.0164E-02  4.5883E+00  4.2436E+00
1.0169E-02  5.7440E+00  5.4254E+00
1.0174E-02  7.7586E+00  7.5269E+00
1.0179E-02  1.1074E+01  1.0956E+01
1.0184E-02  1.7986E+01  1.8310E+01
1.0189E-02  3.5573E+01  3.8017E+01
1.0193E-02  9.7274E+01  1.2168E+02
1.0198E-02  6.3611E+02  2.9586E+04
1.0203E-02  4.1244E+03  6.9828E+05
1.0208E-02  2.3328E+02  4.5261E+02
1.0213E-02  6.0084E+01  6.9065E+01
1.0218E-02  2.6125E+01  2.7425E+01
1.0223E-02  1.4401E+01  1.4514E+01
1.0227E-02  9.3763E+00  9.1857E+00
1.0232E-02  6.7169E+00  6.4230E+00
1.0237E-02  5.1613E+00  4.8340E+00
1.0242E-02  4.2413E+00  3.8954E+00
1.0247E-02  3.5832E+00  3.2261E+00
1.0252E-02  3.1554E+00  2.7977E+00
1.0257E-02  2.8286E+00  2.4669E+00
1.0262E-02  2.6119E+00  2.2502E+00
1.0266E-02  2.4310E+00  2.0680E+00
1.0271E-02  2.3714E+00  2.0139E+00
1.0276E-02  2.1765E+00  1.8134E+00
1.0281E-02  2.0775E+00  1.7140E+00
1.0286E-02  2.0147E+00  1.6511E+00
1.0291E-02  1.9547E+00  1.5911E+00
1.0296E-02  1.8964E+00  1.5328E+00
1.0301E-02  1.8586E+00  1.4949E+00
1.0306E-02  1.8271E+00  1.4634E+00
1.0310E-02  1.7967E+00  1.4331E+00
1.0315E-02  1.7660E+00  1.4023E+00
1.0320E-02  1.7443E+00  1.3806E+00
1.0325E-02  1.7271E+00  1.3634E+00
1.0330E-02  1.7084E+00  1.3447E+00
1.0335E-02  1.6915E+00  1.3278E+00
1.0340E-02  1.6748E+00  1.3110E+00
1.0345E-02  1.6742E+00  1.3107E+00
1.0350E-02  1.6743E+00  1.3112E+00
1.0355E-02  1.6516E+00  1.2879E+00
1.0360E-02  1.6426E+00  1.2789E+00
1.0364E-02  1.6247E+00  1.2609E+00
1.0369E-02  1.6139E+00  1.2502E+00
1.0374E-02  1.6075E+00  1.2438E+00
1.0379E-02  1.6035E+00  1.2398E+00
1.0384E-02  1.5946E+00  1.2308E+00
1.0389E-02  1.5886E+00  1.2248E+00
1.0394E-02  1.5907E+00  1.2269E+00
1.0399E-02  1.5782E+00  1.2144E+00
1.0404E-02  1.5724E+00  1.2086E+00
1.0409E-02  1.5683E+00  1.2046E+00
1.0414E-02  1.5655E+00  1.2018E+00
1.0419E-02  1.5724E+00  1.2086E+00
1.0424E-02  1.5569E+00  1.1931E+00
1.0429E-02  1.5520E+00  1.1882E+00
1.0434E-02  1.5720E+00  1.2086E+00
1.0439E-02  1.5506E+00  1.1869E+00
1.0444E-02  1.5439E+00  1.1801E+00
1.0449E-02  1.5387E+00  1.1749E+00
1.0454E-02  1.5430E+00  1.1793E+00
1.0458E-02  1.5341E+00  1.1703E+00
1.0463E-02  1.5296E+00  1.1658E+00
1.0468E-02  1.5288E+00  1.1650E+00
1.0473E-02  1.5239E+00  1.1601E+00
1.0478E-02  1.5217E+00  1.1579E+00
1.0483E-02  1.5182E+00  1.1544E+00
1.0488E-02  1.5153E+00  1.1516E+00
1.0493E-02  1.5129E+00  1.1491E+00
1.0498E-02  1.5150E+00  1.1513E+00
1.0503E-02  1.5771E+00  1.2164E+00
1.0508E-02  1.5069E+00  1.1431E+00
1.0513E-02  1.5055E+00  1.1418E+00
1.0518E-02  1.5066E+00  1.1428E+00
1.0523E-02  1.5238E+00  1.1603E+00
1.0528E-02  1.5542E+00  1.1915E+00
1.0533E-02  1.5230E+00  1.1593E+00
1.0538E-02  1.5071E+00  1.1433E+00
1.0543E-02  1.5004E+00  1.1366E+00
1.0548E-02  1.5041E+00  1.1403E+00
1.0553E-02  1.5467E+00  1.1860E+00
1.0558E-02  2.0291E+00  1.6780E+00
1.0563E-02  3.4659E+00  6.0418E+03
1.0568E-02  3.9222E+00  1.5570E+03
1.0573E-02  1.7697E+00  1.4446E+00
1.0578E-02  1.4974E+00  1.1337E+00
1.0583E-02  1.4829E+00  1.1191E+00
1.0589E-02  1.4782E+00  1.1144E+00
1.0594E-02  1.4771E+00  1.1133E+00
1.0599E-02  1.4717E+00  1.1080E+00
1.0604E-02  1.4729E+00  1.1092E+00
1.0609E-02  1.4718E+00  1.1080E+00
1.0614E-02  1.4715E+00  1.1077E+00
1.0619E-02  1.4743E+00  1.1105E+00
1.0624E-02  1.4733E+00  1.1096E+00
1.0629E-02  1.4595E+00  1.0957E+00
1.0634E-02  1.4576E+00  1.0938E+00
1.0639E-02  1.4564E+00  1.0926E+00
1.0644E-02  1.4528E+00  1.0890E+00
1.0649E-02  1.4508E+00  1.0870E+00
1.0654E-02  1.4595E+00  1.0957E+00
1.0659E-02  1.4483E+00  1.0845E+00
1.0664E-02  1.4452E+00  1.0814E+00
1.0669E-02  1.4435E+00  1.0798E+00
1.0674E-02  1.4419E+00  1.0781E+00
1.0680E-02  1.4402E+00  1.0764E+00
1.0685E-02  1.4385E+00  1.0747E+00
1.0690E-02  1.4370E+00  1.0732E+00
1.0695E-02  1.4432E+00  1.0796E+00
1.0700E-02  1.4439E+00  1.0803E+00
1.0705E-02  1.4325E+00  1.0687E+00
1.0710E-02  1.4310E+00  1.0672E+00
1.0715E-02  1.4287E+00  1.0649E+00
1.0720E-02  1.4322E+00  1.0684E+00
1.0725E-02  1.4275E+00  1.0637E+00
1.0730E-02  1.4282E+00  1.0644E+00
1.0735E-02  1.4298E+00  1.0661E+00
1.0741E-02  1.4269E+00  1.0632E+00
1.0746E-02  1.4205E+00  1.0567E+00
1.0751E-02  1.4192E+00  1.0554E+00
1.0756E-02  1.4176E+00  1.0538E+00
1.0761E-02  1.4183E+00  1.0545E+00
1.0766E-02  1.4121E+00  1.0483E+00
1.0771E-02  1.4105E+00  1.0467E+00
1.0776E-02  1.4087E+00  1.0449E+00
1.0782E-02  1.4072E+00  1.0434E+00
1.0787E-02  1.4056E+00  1.0417E+00
1.0792E-02  1.4049E+00  1.0411E+00
1.0797E-02  1.4039E+00  1.0401E+00
1.0802E-02  1.4008E+00  1.0370E+00
1.0807E-02  1.3995E+00  1.0357E+00
1.0812E-02  1.4132E+00  1.0499E+00
1.0817E-02  1.4146E+00  1.0514E+00
1.0823E-02  1.3945E+00  1.0307E+00
1.0828E-02  1.3929E+00  1.0291E+00
1.0833E-02  1.3921E+00  1.0283E+00
1.0838E-02  1.3901E+00  1.0263E+00
1.0843E-02  1.3882E+00  1.0244E+00
1.0848E-02  1.3866E+00  1.0228E+00
1.0853E-02  1.3851E+00  1.0213E+00
1.0859E-02  1.3836E+00  1.0198E+00
1.0864E-02  1.3821E+00  1.0183E+00
1.0869E-02  1.3807E+00  1.0169E+00
1.0874E-02  1.3802E+00  1.0164E+00
1.0879E-02  1.3816E+00  1.0178E+00
1.0884E-02  1.3803E+00  1.0165E+00
1.0890E-02  1.3747E+00  1.0109E+00
1.0895E-02  1.3731E+00  1.0093E+00
1.0900E-02  1.3723E+00  1.0085E+00
1.0905E-02  1.3735E+00  1.0097E+00
1.0910E-02  1.3707E+00  1.0069E+00
1.0916E-02  1.3714E+00  1.0075E+00
1.0921E-02  1.3757E+00  1.0119E+00
1.0926E-02  1.3720E+00  1.0082E+00
1.0931E-02  1.3639E+00  1.0000E+00
1.0936E-02  1.3622E+00  9.9834E-01
1.0942E-02  1.3601E+00  9.9625E-01
1.0947E-02  1.3588E+00  9.9499E-01
1.0952E-02  1.3576E+00  9.9381E-01
1.0957E-02  1.3558E+00  9.9197E-01
1.0962E-02  1.3544E+00  9.9060E-01
1.0968E-02  1.3537E+00  9.8983E-01
1.0973E-02  1.3525E+00  9.8864E-01
1.0978E-02  1.6132E+00  1.3709E+00
1.0983E-02  1.4385E+00  1.1166E+00
1.0988E-02  1.4013E+00  1.0623E+00
1.0994E-02  1.7722E+00  1.6351E+00
1.0999E-02  1.3462E+00  9.8235E-01
1.1004E-02  1.3441E+00  9.8027E-01
1.1009E-02  1.3434E+00  9.7957E-01
1.1015E-02  1.3415E+00  9.7767E-01
1.1020E-02  1.3414E+00  9.7760E-01
1.1025E-02  1.3400E+00  9.7621E-01
1.1030E-02  1.3367E+00  9.7287E-01
1.1036E-02  1.3352E+00  9.7137E-01
1.1041E-02  1.3339E+00  9.7002E-01
1.1046E-02  1.3325E+00  9.6872E-01
1.1051E-02  1.3332E+00  9.6933E-01
1.1057E-02  1.3301E+00  9.6626E-01
1.1062E-02  1.3287E+00  9.6491E-01
1.1067E-02  1.3283E+00  9.6447E-01
1.1072E-02  1.3279E+00  9.6403E-01
1.1078E-02  1.3783E+00  1.0195E+00
1.1083E-02  1.3551E+00  9.9439E-01
1.1088E-02  1.3250E+00  9.6112E-01
1.1093E-02  1.3219E+00  9.5802E-01
1.1099E-02  1.3199E+00  9.5606E-01
1.1104E-02  1.3185E+00  9.5471E-01
1.1109E-02  1.3174E+00  9.5352E-01
1.1114E-02  1.3173E+00  9.5346E-01
1.1120E-02  1.3172E+00  9.5335E-01
1.1125E-02  1.3151E+00  9.5130E-01
1.1130E-02  1.3140E+00  9.5016E-01
1.1136E-02  1.3124E+00  9.4861E-01
1.1141E-02  1.3100E+00  9.4621E-01
1.1146E-02  1.3088E+00  9.4493E-01
1.1152E-02  1.3076E+00  9.4376E-01
1.1157E-02  1.3064E+00  9.4256E-01
1.1162E-02  1.3051E+00  9.4128E-01
1.1167E-02  1.3044E+00  9.4052E-01
1.1173E-02  1.3027E+00  9.3889E-01
1.1178E-02  1.3013E+00  9.3746E-01
1.1183E-02  1.3001E+00  9.3626E-01
1.1189E-02  1.2989E+00  9.3508E-01
1.1194E-02  1.2987E+00  9.3490E-01
1.1199E-02  1.2971E+00  9.3323E-01
1.1205E-02  1.2982E+00  9.3435E-01
1.1210E-02  1.2953E+00  9.3149E-01
1.1215E-02  1.2931E+00  9.2930E-01
1.1221E-02  1.2918E+00  9.2800E-01
1.1226E-02  1.2908E+00  9.2698E-01
1.1231E-02  1.2897E+00  9.2583E-01
1.1237E-02  1.2885E+00  9.2468E-01
1.1242E-02  1.2947E+00  9.3094E-01
1.1247E-02  1.2862E+00  9.2239E-01
1.1253E-02  1.2850E+00  9.2119E-01
1.1258E-02  1.2842E+00  9.2040E-01
1.1263E-02  1.2837E+00  9.1987E-01
1.1269E-02  1.2817E+00  9.1786E-01
1.1274E-02  1.2805E+00  9.1663E-01
1.1279E-02  1.2797E+00  9.1587E-01
1.1285E-02  1.2954E+00  9.3176E-01
1.1290E-02  1.2779E+00  9.1402E-01
1.1296E-02  1.2973E+00  9.3393E-01
1.1301E-02  1.2835E+00  9.1977E-01
1.1306E-02  1.2775E+00  9.1366E-01
1.1312E-02  1.2819E+00  9.1811E-01
1.1317E-02  1.3146E+00  9.5605E-01
1.1322E-02  1.3196E+00  9.6170E-01
1.1328E-02  1.2708E+00  9.0690E-01
1.1333E-02  1.2702E+00  9.0636E-01
1.1339E-02  1.2734E+00  9.0956E-01
1.1344E-02  1.2671E+00  9.0328E-01
1.1349E-02  1.2655E+00  9.0160E-01
1.1355E-02  1.2641E+00  9.0029E-01
1.1360E-02  1.2632E+00  8.9934E-01
1.1366E-02  1.2638E+00  8.9996E-01
1.1371E-02  1.2651E+00  9.0128E-01
1.1376E-02  1.2606E+00  8.9679E-01
1.1382E-02  1.3130E+00  9.5165E-01
1.1387E-02  1.2989E+00  9.3581E-01
1.1393E-02  1.3698E+00  1.0196E+00
1.1398E-02  1.4734E+00  1.1277E+00
1.1403E-02  1.3197E+00  9.6246E-01
1.1409E-02  1.2543E+00  8.9043E-01
1.1414E-02  1.2538E+00  8.8997E-01
1.1420E-02  1.2551E+00  8.9122E-01
1.1425E-02  1.3127E+00  9.5340E-01
1.1431E-02  1.2764E+00  9.1457E-01
1.1436E-02  1.2500E+00  8.8614E-01
1.1441E-02  1.2503E+00  8.8640E-01
1.1447E-02  1.3441E+00  1.0060E+00
1.1452E-02  1.3725E+00  1.0422E+00
1.1458E-02  1.2570E+00  8.9338E-01
1.1463E-02  1.2454E+00  8.8157E-01
1.1469E-02  1.2674E+00  9.0404E-01
1.1474E-02  1.2475E+00  8.8367E-01
1.1480E-02  1.2418E+00  8.7794E-01
1.1485E-02  1.2467E+00  8.8326E-01
1.1490E-02  1.5247E+00  1.1852E+00
1.1496E-02  1.2768E+00  9.1382E-01
1.1501E-02  1.2462E+00  8.8244E-01
1.1507E-02  1.2763E+00  9.1593E-01
1.1512E-02  2.2786E+00  4.6376E+00
1.1518E-02  1.3690E+00  1.0158E+00
1.1523E-02  1.2346E+00  8.7078E-01
1.1529E-02  1.2383E+00  8.7452E-01
1.1534E-02  1.2488E+00  8.8505E-01
1.1540E-02  1.2326E+00  8.6869E-01
1.1545E-02  1.2458E+00  8.8436E-01
1.1551E-02  1.5075E+00  1.2298E+00
1.1556E-02  1.2368E+00  8.7294E-01
1.1562E-02  1.2290E+00  8.6518E-01
1.1567E-02  1.2280E+00  8.6410E-01
1.1573E-02  1.2300E+00  8.6611E-01
1.1578E-02  1.3810E+00  1.0275E+00
1.1584E-02  1.2501E+00  8.8835E-01
1.1589E-02  1.2724E+00  9.0890E-01
1.1595E-02  1.2439E+00  8.8091E-01
1.1600E-02  1.2372E+00  8.7389E-01
1.1606E-02  1.2237E+00  8.5979E-01
1.1611E-02  1.2502E+00  8.8692E-01
1.1617E-02  1.3297E+00  9.7348E-01
1.1622E-02  1.2292E+00  8.6540E-01
1.1628E-02  1.2311E+00  8.6729E-01
1.1633E-02  1.2423E+00  8.8142E-01
1.1639E-02  1.5424E+00  1.1885E+00
1.1644E-02  1.2458E+00  8.8237E-01
1.1650E-02  1.2216E+00  8.5775E-01
1.1656E-02  1.2185E+00  8.5462E-01
1.1661E-02  1.2222E+00  8.5834E-01
1.1667E-02  1.2496E+00  8.8643E-01
1.1672E-02  1.2279E+00  8.6460E-01
1.1678E-02  1.8566E+00  2.2472E+00
1.1683E-02  1.2380E+00  8.7458E-01
1.1689E-02  1.2184E+00  8.5455E-01
1.1694E-02  1.2172E+00  8.5334E-01
1.1700E-02  1.2891E+00  9.3026E-01
1.1705E-02  1.2538E+00  8.9112E-01
1.1711E-02  1.2152E+00  8.5132E-01
1.1717E-02  1.2228E+00  8.5891E-01
1.1722E-02  1.3483E+00  9.9817E-01
1.1728E-02  1.2292E+00  8.6540E-01
1.1733E-02  1.2167E+00  8.5285E-01
1.1739E-02  1.3327E+00  9.8934E-01
1.1744E-02  1.8180E+00  1.4811E+00
1.1750E-02  1.3074E+00  9.4979E-01
1.1756E-02  1.2475E+00  8.8401E-01
1.1761E-02  1.7606E+00  1.7301E+00
1.1767E-02  2.2218E+00  2.6093E+00
1.1772E-02  1.2720E+00  9.0996E-01
1.1778E-02  1.2829E+00  9.2152E-01
1.1784E-02  1.5229E+00  1.1731E+00
1.1789E-02  1.4665E+00  1.1892E+00
1.1795E-02  1.2464E+00  8.8251E-01
1.1800E-02  1.2837E+00  9.2142E-01
1.1806E-02  1.3965E+00  1.0498E+00
1.1812E-02  1.3060E+00  9.4220E-01
1.1817E-02  1.3246E+00  9.9530E-01
1.1823E-02  2.8562E+00  6.1256E+00
1.1829E-02  1.4941E+00  1.1313E+00
1.1834E-02  1.6695E+00  1.3177E+00
1.1840E-02  2.9255E+00  3.1732E+00
1.1845E-02  2.4028E+01  3.0857E+01
1.1851E-02  6.1098E+00  6.9077E+00
1.1857E-02  1.2725E+01  1.6841E+02
1.1862E-02  9.4063E+00  1.1771E+01
1.1868E-02  3.3886E+00  3.7961E+00
1.1874E-02  1.6222E+00  1.4746E+00
1.1879E-02  1.3821E+00  1.0186E+00
1.1885E-02  1.3619E+00  9.9892E-01
1.1891E-02  1.3266E+00  9.6345E-01
1.1896E-02  1.3162E+00  9.5252E-01
1.1902E-02  1.3021E+00  9.3823E-01
1.1907E-02  1.2980E+00  9.3411E-01
1.1913E-02  1.3441E+00  9.8087E-01
1.1919E-02  1.3237E+00  9.6019E-01
1.1924E-02  1.3094E+00  9.4549E-01
1.1930E-02  1.4080E+00  1.0458E+00
1.1936E-02  1.4819E+00  1.1196E+00
1.1941E-02  1.3742E+00  1.0109E+00
1.1947E-02  1.3819E+00  1.0188E+00
1.1953E-02  1.3740E+00  1.0101E+00
1.1959E-02  1.3948E+00  1.0309E+00
1.1964E-02  1.4199E+00  1.0560E+00
1.1970E-02  1.4498E+00  1.0860E+00
1.1976E-02  1.4930E+00  1.1293E+00
1.1981E-02  1.5395E+00  1.1757E+00
1.1987E-02  1.5901E+00  1.2264E+00
1.1993E-02  1.6575E+00  1.2940E+00
1.1998E-02  1.7396E+00  1.3761E+00
1.2004E-02  1.8313E+00  1.4680E+00
1.2010E-02  1.9557E+00  1.5932E+00
1.2015E-02  2.1243E+00  1.7622E+00
1.2021E-02  2.3404E+00  1.9777E+00
1.2027E-02  2.5970E+00  2.2374E+00
1.2033E-02  2.9466E+00  2.5887E+00
1.2038E-02  3.4993E+00  3.1491E+00
1.2044E-02  4.2625E+00  3.9174E+00
1.2050E-02  5.3504E+00  5.0192E+00
1.2056E-02  7.1569E+00  6.8764E+00
1.2061E-02  1.0273E+01  1.0094E+01
1.2067E-02  1.6246E+01  1.6429E+01
1.2073E-02  2.9569E+01  3.0781E+01
1.2078E-02  6.8700E+01  7.7516E+01
1.2084E-02  2.6076E+02  4.1369E+02
1.2090E-02  4.1284E+03  6.4823E+04
1.2096E-02  8.5949E+02  2.0493E+04
1.2101E-02  1.2859E+02  1.6003E+02
1.2107E-02  4.4339E+01  4.7732E+01
1.2113E-02  2.1901E+01  2.2534E+01
1.2119E-02  1.2919E+01  1.2862E+01
1.2124E-02  8.5518E+00  8.3202E+00
1.2130E-02  6.1841E+00  5.8807E+00
1.2136E-02  4.7933E+00  4.4588E+00
1.2142E-02  3.8532E+00  3.5041E+00
1.2148E-02  3.2047E+00  2.8522E+00
1.2153E-02  2.7676E+00  2.4082E+00
1.2159E-02  2.4418E+00  2.0822E+00
1.2165E-02  2.2049E+00  1.8428E+00
1.2171E-02  2.0252E+00  1.6629E+00
1.2176E-02  1.8722E+00  1.5091E+00
1.2182E-02  1.7679E+00  1.4045E+00
1.2188E-02  1.6792E+00  1.3157E+00
1.2194E-02  1.5990E+00  1.2354E+00
1.2200E-02  1.5372E+00  1.1736E+00
1.2205E-02  1.4868E+00  1.1230E+00
1.2211E-02  1.4497E+00  1.0863E+00
1.2217E-02  1.3977E+00  1.0338E+00
1.2223E-02  1.3710E+00  1.0071E+00
1.2229E-02  1.3492E+00  9.8530E-01
1.2234E-02  1.3267E+00  9.6280E-01
1.2240E-02  1.3026E+00  9.3872E-01
1.2246E-02  1.2859E+00  9.2204E-01
1.2252E-02  1.2731E+00  9.0919E-01
1.2258E-02  1.2681E+00  9.0429E-01
1.2264E-02  1.2495E+00  8.8560E-01
1.2269E-02  1.2388E+00  8.7492E-01
1.2275E-02  1.2286E+00  8.6469E-01
1.2281E-02  1.2209E+00  8.5698E-01
1.2287E-02  1.2139E+00  8.4996E-01
1.2293E-02  1.2061E+00  8.4216E-01
1.2299E-02  1.2046E+00  8.4070E-01
1.2304E-02  1.1936E+00  8.2970E-01
1.2310E-02  1.5275E+00  1.4183E+00
1.2316E-02  1.2453E+00  9.2216E-01
1.2322E-02  1.2259E+00  8.6704E-01
1.2328E-02  1.4231E+00  1.1243E+00
1.2334E-02  1.2126E+00  8.5839E-01
1.2340E-02  1.2011E+00  8.3835E-01
1.2345E-02  1.1855E+00  8.2226E-01
1.2351E-02  1.4622E+00  1.1850E+00
1.2357E-02  1.2124E+00  8.5059E-01
1.2363E-02  1.1614E+00  7.9745E-01
1.2369E-02  1.1570E+00  7.9310E-01
1.2375E-02  1.1563E+00  7.9237E-01
1.2381E-02  1.1544E+00  7.9048E-01
1.2387E-02  1.1530E+00  7.8904E-01
1.2392E-02  1.1518E+00  7.8791E-01
1.2398E-02  1.1509E+00  7.8695E-01
1.2404E-02  1.1501E+00  7.8613E-01
1.2410E-02  1.1493E+00  7.8538E-01
1.2416E-02  1.1502E+00  7.8630E-01
1.2422E-02  1.1516E+00  7.8766E-01
1.2428E-02  1.1550E+00  7.9108E-01
1.2434E-02  1.1538E+00  7.8993E-01
1.2440E-02  1.1489E+00  7.8501E-01
1.2446E-02  1.3094E+00  9.8106E-01
1.2452E-02  1.1707E+00  8.0896E-01
1.2457E-02  1.1733E+00  8.0964E-01
1.2463E-02  1.1509E+00  7.8692E-01
1.2469E-02  1.1510E+00  7.8708E-01
1.2475E-02  1.1544E+00  7.9047E-01
1.2481E-02  1.1554E+00  7.9148E-01
1.2487E-02  1.2226E+00  8.6936E-01
1.2493E-02  2.1058E+00  7.0035E+00
1.2499E-02  1.2545E+00  1.3883E+00
1.2505E-02  1.1654E+00  8.0152E-01
1.2511E-02  1.1739E+00  8.1006E-01
1.2517E-02  1.1678E+00  8.0389E-01
1.2523E-02  1.1721E+00  8.0815E-01
1.2529E-02  1.1746E+00  8.1068E-01
1.2535E-02  1.1787E+00  8.1478E-01
1.2541E-02  1.1841E+00  8.2017E-01
1.2547E-02  1.4419E+00  1.1828E+00
1.2553E-02  1.1962E+00  8.3224E-01
1.2559E-02  1.2023E+00  8.3841E-01
1.2564E-02  1.2087E+00  8.4479E-01
1.2570E-02  1.2163E+00  8.5233E-01
1.2576E-02  1.2273E+00  8.6341E-01
1.2582E-02  1.2404E+00  8.7648E-01
1.2588E-02  1.2536E+00  8.8968E-01
1.2594E-02  1.2670E+00  9.0307E-01
1.2600E-02  1.2815E+00  9.1759E-01
1.2606E-02  1.3022E+00  9.3832E-01
1.2612E-02  1.3277E+00  9.6384E-01
1.2618E-02  1.3527E+00  9.8885E-01
1.2624E-02  1.3802E+00  1.0163E+00
1.2630E-02  1.4112E+00  1.0474E+00
1.2636E-02  1.4566E+00  1.0928E+00
1.2642E-02  1.5113E+00  1.1482E+00
1.2648E-02  1.6694E+00  1.3146E+00
1.2654E-02  1.6352E+00  1.2718E+00
1.2660E-02  1.7309E+00  1.3675E+00
1.2666E-02  1.8351E+00  1.4721E+00
1.2672E-02  1.9940E+00  1.6319E+00
1.2678E-02  2.1805E+00  1.8182E+00
1.2684E-02  2.4318E+00  2.0730E+00
1.2691E-02  2.7807E+00  2.4215E+00
1.2697E-02  3.2564E+00  2.9061E+00
1.2703E-02  3.9351E+00  3.5875E+00
1.2709E-02  5.0201E+00  4.7006E+00
1.2715E-02  6.7379E+00  6.4292E+00
1.2721E-02  9.6276E+00  9.4532E+00
1.2727E-02  1.5307E+01  1.5366E+01
1.2733E-02  2.7676E+01  2.8829E+01
1.2739E-02  6.3712E+01  7.1334E+01
1.2745E-02  2.3482E+02  3.8553E+02
1.2751E-02  4.3222E+03  2.3358E+04
1.2757E-02  8.3987E+02  5.4420E+03
1.2763E-02  1.2561E+02  1.5664E+02
1.2769E-02  4.3092E+01  4.6294E+01
1.2775E-02  2.1169E+01  2.1625E+01
1.2781E-02  1.2687E+01  1.2620E+01
1.2787E-02  8.4076E+00  8.1606E+00
1.2793E-02  7.5536E+00  7.4360E+00
1.2800E-02  5.0402E+00  4.7002E+00
1.2806E-02  4.6180E+00  4.2547E+00
1.2812E-02  5.8157E+00  5.7581E+00
1.2818E-02  2.8809E+01  1.8846E+05
1.2824E-02  1.1098E+01  2.0453E+04
1.2830E-02  4.4857E+00  4.1746E+00
1.2836E-02  6.3550E+00  1.0038E+01
1.2842E-02  1.8303E+01  4.5290E+01
1.2848E-02  3.5805E+00  3.5434E+00
1.2854E-02  2.3558E+00  2.0036E+00
1.2861E-02  2.0716E+00  1.7088E+00
1.2867E-02  1.9149E+00  1.5516E+00
1.2873E-02  1.8272E+00  1.4635E+00
1.2879E-02  1.7710E+00  1.4071E+00
1.2885E-02  1.7415E+00  1.3775E+00
1.2891E-02  1.7236E+00  1.3596E+00
1.2897E-02  1.7105E+00  1.3465E+00
1.2903E-02  1.7039E+00  1.3400E+00
1.2910E-02  1.7057E+00  1.3418E+00
1.2916E-02  1.7179E+00  1.3539E+00
1.2922E-02  1.7379E+00  1.3740E+00
1.2928E-02  1.7619E+00  1.3979E+00
1.2934E-02  1.7877E+00  1.4238E+00
1.2940E-02  1.8219E+00  1.4581E+00
1.2946E-02  1.8761E+00  1.5123E+00
1.2953E-02  1.9303E+00  1.5665E+00
1.2959E-02  2.0018E+00  1.6381E+00
1.2965E-02  2.1011E+00  1.7376E+00
1.2971E-02  2.2099E+00  1.8471E+00
1.2977E-02  2.3629E+00  1.9997E+00
1.2983E-02  2.5584E+00  2.1986E+00
1.2990E-02  2.8529E+00  2.4911E+00
1.2996E-02  3.1326E+00  2.7730E+00
1.3002E-02  3.6199E+00  3.2658E+00
1.3008E-02  4.3227E+00  3.9781E+00
1.3014E-02  5.4098E+00  5.0836E+00
1.3020E-02  7.2582E+00  6.9832E+00
1.3027E-02  1.0258E+01  1.0070E+01
1.3033E-02  1.6224E+01  1.6330E+01
1.3039E-02  2.9825E+01  3.1166E+01
1.3045E-02  7.1300E+01  8.1069E+01
1.3051E-02  2.9179E+02  4.9489E+02
1.3058E-02  5.1479E+03  1.1219E+04
1.3064E-02  6.5927E+02  2.2823E+03
1.3070E-02  1.1105E+02  1.3522E+02
1.3076E-02  4.0267E+01  4.3111E+01
1.3082E-02  2.0424E+01  2.0772E+01
1.3089E-02  1.2532E+01  1.2403E+01
1.3095E-02  8.7208E+00  8.4526E+00
1.3101E-02  6.6255E+00  6.3035E+00
1.3107E-02  5.4380E+00  5.0903E+00
1.3114E-02  4.7109E+00  4.3541E+00
1.3120E-02  4.2515E+00  3.8906E+00
1.3126E-02  4.0147E+00  3.6515E+00
1.3132E-02  3.9466E+00  3.5834E+00
1.3139E-02  3.9039E+00  3.5401E+00
1.3145E-02  4.0304E+00  3.6676E+00
1.3151E-02  4.5200E+00  4.1759E+00
1.3157E-02  8.2516E+00  1.2942E+01
1.3164E-02  1.2267E+01  3.2462E+01
1.3170E-02  5.7741E+00  5.4155E+00
1.3176E-02  6.2446E+00  5.9194E+00
1.3182E-02  7.4974E+00  7.1505E+00
1.3189E-02  9.3528E+00  9.0877E+00
1.3195E-02  1.5191E+01  1.5362E+01
1.3201E-02  2.1308E+01  2.1619E+01
1.3207E-02  4.1351E+01  4.4161E+01
1.3214E-02  1.1464E+02  1.3888E+02
1.3220E-02  6.4794E+02  1.5431E+03
1.3226E-02  3.3728E+03  5.5053E+03
1.3233E-02  2.9506E+02  4.7312E+02
1.3239E-02  7.4452E+01  8.4224E+01
1.3245E-02  3.2665E+01  3.3869E+01
1.3251E-02  1.9320E+01  1.9316E+01
1.3258E-02  1.3925E+01  1.3663E+01
1.3264E-02  1.1489E+01  1.1147E+01
1.3270E-02  1.0556E+01  1.0194E+01
1.3277E-02  1.4093E+01  6.2708E+01
1.3283E-02  1.3600E+01  3.7772E+01
1.3289E-02  1.3348E+01  1.3042E+01
1.3296E-02  1.7389E+01  1.7225E+01
1.3302E-02  2.6216E+01  2.6602E+01
1.3308E-02  4.9895E+01  5.3111E+01
1.3315E-02  1.3527E+02  1.6564E+02
1.3321E-02  7.8766E+02  1.4161E+03
1.3327E-02  1.9163E+03  2.6766E+03
1.3334E-02  2.4242E+02  3.4033E+02
1.3340E-02  7.4647E+01  8.0866E+01
1.3346E-02  3.9340E+01  3.9896E+01
1.3353E-02  2.9309E+01  2.9028E+01
1.3359E-02  2.8181E+01  2.7842E+01
1.3365E-02  3.3598E+01  3.3486E+01
1.3372E-02  4.9990E+01  5.1272E+01
1.3378E-02  1.0571E+02  1.1865E+02
1.3384E-02  4.0177E+02  5.7344E+02
1.3391E-02  1.6348E+03  1.7436E+03
1.3397E-02  3.4432E+02  4.6853E+02
1.3403E-02  1.1004E+02  1.1769E+02
1.3410E-02  7.0476E+01  7.0415E+01
1.3416E-02  7.3161E+01  7.3385E+01
1.3423E-02  1.1945E+02  1.2752E+02
1.3429E-02  3.4843E+02  4.3659E+02
1.3435E-02  9.9765E+02  1.0303E+03
1.3442E-02  3.2380E+02  3.8456E+02
1.3448E-02  1.5480E+02  1.5683E+02
1.3455E-02  1.5713E+02  1.5912E+02
1.3461E-02  3.0649E+02  3.4215E+02
1.3467E-02  6.3419E+02  6.4411E+02
1.3474E-02  3.3828E+02  3.5382E+02
1.3480E-02  2.5865E+02  2.5837E+02
1.3487E-02  2.8300E+02  2.8328E+02
1.3493E-02  3.2815E+02  3.2845E+02
1.3499E-02  3.6945E+02  3.6936E+02
1.3506E-02  3.7866E+02  3.7830E+02
1.3512E-02  3.7643E+02  3.7607E+02
1.3519E-02  3.7460E+02  3.7424E+02
1.3525E-02  3.7309E+02  3.7273E+02
1.3531E-02  3.7175E+02  3.7138E+02
1.3538E-02  3.7051E+02  3.7015E+02
1.3544E-02  3.6934E+02  3.6898E+02
1.3551E-02  3.6822E+02  3.6786E+02
1.3557E-02  3.6714E+02  3.6678E+02
1.3564E-02  3.6610E+02  3.6573E+02
1.3570E-02  3.6506E+02  3.6470E+02
1.3577E-02  3.6406E+02  3.6369E+02
1.3583E-02  3.6307E+02  3.6270E+02
1.3589E-02  3.6209E+02  3.6172E+02
1.3596E-02  3.6112E+02  3.6076E+02
1.3602E-02  3.6017E+02  3.5981E+02
1.3609E-02  3.5924E+02  3.5888E+02
1.3615E-02  3.5835E+02  3.5799E+02
1.3622E-02  3.5745E+02  3.5709E+02
1.3628E-02  3.5663E+02  3.5626E+02
1.3635E-02  3.5592E+02  3.5556E+02
1.3641E-02  3.5645E+02  3.5609E+02
1.3648E-02  3.9867E+02  4.0467E+02
1.3654E-02  3.7549E+02  1.6180E+03
1.3661E-02  8.4083E+02  3.1849E+04
1.3667E-02  4.2099E+02  5.2813E+02
1.3674E-02  3.5106E+02  3.5070E+02
1.3680E-02  3.5017E+02  3.4981E+02
1.3687E-02  3.4938E+02  3.4901E+02
1.3693E-02  3.4862E+02  3.4826E+02
1.3700E-02  3.4789E+02  3.4753E+02
1.3706E-02  3.4718E+02  3.4681E+02
1.3713E-02  3.4648E+02  3.4611E+02
1.3719E-02  3.4580E+02  3.4543E+02
1.3726E-02  3.4513E+02  3.4477E+02
1.3732E-02  3.4445E+02  3.4409E+02
1.3739E-02  3.4379E+02  3.4343E+02
1.3745E-02  3.4314E+02  3.4278E+02
1.3752E-02  3.4251E+02  3.4214E+02
1.3758E-02  3.4281E+02  3.4246E+02
1.3765E-02  3.4223E+02  3.4188E+02
1.3772E-02  3.4064E+02  3.4028E+02
1.3778E-02  3.4006E+02  3.3969E+02
1.3785E-02  3.3947E+02  3.3911E+02
1.3791E-02  3.3889E+02  3.3852E+02
1.3798E-02  3.3829E+02  3.3793E+02
1.3804E-02  3.3770E+02  3.3734E+02
1.3811E-02  3.3716E+02  3.3680E+02
1.3817E-02  3.3661E+02  3.3625E+02
1.3824E-02  3.3606E+02  3.3569E+02
1.3831E-02  3.3548E+02  3.3511E+02
1.3837E-02  3.3492E+02  3.3456E+02
1.3844E-02  3.3438E+02  3.3402E+02
1.3850E-02  3.3386E+02  3.3349E+02
1.3857E-02  3.3334E+02  3.3298E+02
1.3863E-02  3.3281E+02  3.3244E+02
1.3870E-02  3.3229E+02  3.3193E+02
1.3877E-02  3.3179E+02  3.3143E+02
1.3883E-02  3.3131E+02  3.3095E+02
1.3890E-02  3.4988E+02  3.6066E+02
1.3896E-02  4.0890E+02  4.7068E+02
1.3903E-02  3.3186E+02  3.3152E+02
1.3910E-02  3.2937E+02  3.2901E+02
1.3916E-02  3.2883E+02  3.2846E+02
1.3923E-02  3.2834E+02  3.2798E+02
1.3930E-02  3.2787E+02  3.2750E+02
1.3936E-02  3.2740E+02  3.2703E+02
1.3943E-02  3.2693E+02  3.2656E+02
1.3949E-02  3.2647E+02  3.2610E+02
1.3956E-02  3.2601E+02  3.2564E+02
1.3963E-02  3.2555E+02  3.2519E+02
1.3969E-02  3.2510E+02  3.2474E+02
1.3976E-02  3.2466E+02  3.2430E+02
1.3983E-02  3.2423E+02  3.2387E+02
1.3989E-02  3.2378E+02  3.2342E+02
1.3996E-02  3.2338E+02  3.2302E+02
1.4003E-02  3.2292E+02  3.2256E+02
1.4009E-02  3.2246E+02  3.2210E+02
1.4016E-02  3.2204E+02  3.2167E+02
1.4023E-02  3.2161E+02  3.2125E+02
1.4029E-02  3.2119E+02  3.2082E+02
1.4036E-02  3.2079E+02  3.2043E+02
1.4043E-02  3.2035E+02  3.1999E+02
1.4049E-02  3.1994E+02  3.1957E+02
1.4056E-02  3.1952E+02  3.1916E+02
1.4063E-02  3.1911E+02  3.1875E+02
1.4069E-02  3.1871E+02  3.1834E+02
1.4076E-02  3.1831E+02  3.1794E+02
1.4083E-02  3.1791E+02  3.1755E+02
1.4089E-02  3.1752E+02  3.1716E+02
1.4096E-02  3.1712E+02  3.1676E+02
1.4103E-02  3.1673E+02  3.1636E+02
1.4109E-02  3.1632E+02  3.1596E+02
1.4116E-02  3.1596E+02  3.1560E+02
1.4123E-02  3.1556E+02  3.1519E+02
1.4130E-02  3.1612E+02  3.1576E+02
1.4136E-02  3.1491E+02  3.1455E+02
1.4143E-02  3.1449E+02  3.1413E+02
1.4150E-02  3.1402E+02  3.1366E+02
1.4156E-02  3.1364E+02  3.1328E+02
1.4163E-02  3.1327E+02  3.1290E+02
1.4170E-02  3.1292E+02  3.1256E+02
1.4177E-02  3.1251E+02  3.1215E+02
1.4183E-02  3.1215E+02  3.1179E+02
1.4190E-02  3.1179E+02  3.1143E+02
1.4197E-02  3.1142E+02  3.1105E+02
1.4204E-02  3.1106E+02  3.1069E+02
1.4210E-02  3.1069E+02  3.1033E+02
1.4217E-02  3.1032E+02  3.0995E+02
1.4224E-02  3.0995E+02  3.0959E+02
1.4231E-02  3.0959E+02  3.0923E+02
1.4237E-02  3.0924E+02  3.0887E+02
1.4244E-02  3.0888E+02  3.0852E+02
1.4251E-02  3.0853E+02  3.0816E+02
1.4258E-02  3.0817E+02  3.0781E+02
1.4264E-02  3.0782E+02  3.0746E+02
1.4271E-02  3.0747E+02  3.0710E+02
1.4278E-02  3.0712E+02  3.0676E+02
1.4285E-02  3.0677E+02  3.0641E+02
1.4292E-02  3.0643E+02  3.0606E+02
1.4298E-02  3.0609E+02  3.0573E+02
1.4305E-02  3.0578E+02  3.0542E+02
1.4312E-02  3.0543E+02  3.0506E+02
1.4319E-02  3.0505E+02  3.0469E+02
1.4326E-02  3.0472E+02  3.0435E+02
1.4332E-02  3.0438E+02  3.0401E+02
1.4339E-02  3.0404E+02  3.0367E+02
1.4346E-02  3.0370E+02  3.0334E+02
1.4353E-02  3.0337E+02  3.0300E+02
1.4360E-02  3.0303E+02  3.0267E+02
1.4367E-02  3.0270E+02  3.0234E+02
1.4373E-02  3.0238E+02  3.0202E+02
1.4380E-02  3.0204E+02  3.0167E+02
1.4387E-02  3.0171E+02  3.0134E+02
1.4394E-02  3.0138E+02  3.0101E+02
1.4401E-02  3.0106E+02  3.0069E+02
1.4408E-02  3.0073E+02  3.0036E+02
1.4414E-02  3.0040E+02  3.0004E+02
1.4421E-02  3.0008E+02  2.9971E+02
1.4428E-02  2.9975E+02  2.9939E+02
1.4435E-02  2.9943E+02  2.9906E+02
1.4442E-02  2.9910E+02  2.9874E+02
1.4449E-02  2.9878E+02  2.9842E+02
1.4456E-02  2.9846E+02  2.9810E+02
1.4462E-02  2.9814E+02  2.9778E+02
1.4469E-02  2.9783E+02  2.9747E+02
1.4476E-02  2.9750E+02  2.9714E+02
1.4483E-02  2.9719E+02  2.9682E+02
1.4490E-02  2.9687E+02  2.9651E+02
1.4497E-02  2.9664E+02  2.9628E+02
1.4504E-02  2.9626E+02  2.9590E+02
1.4511E-02  2.9593E+02  2.9556E+02
1.4518E-02  2.9563E+02  2.9526E+02
1.4524E-02  2.9530E+02  2.9494E+02
1.4531E-02  2.9504E+02  2.9468E+02
1.4538E-02  2.9472E+02  2.9436E+02
1.4545E-02  2.9436E+02  2.9400E+02
1.4552E-02  2.9405E+02  2.9369E+02
1.4559E-02  2.9375E+02  2.9338E+02
1.4566E-02  2.9345E+02  2.9308E+02
1.4573E-02  2.9313E+02  2.9277E+02
1.4580E-02  2.9287E+02  2.9250E+02
1.4587E-02  2.9252E+02  2.9216E+02