Number of T =   1  Number of rho =   1  Number of materials =   9
TOPS results for  phW10T0         on Sep 19, 2026
Opacities in cm**2/gm, T in keV, density in gm/cc
Normalized composition for requested elements
No. Fraction Mass Fraction  At. No.  Chem. Sym.  Mat ID.
9.7044E-01   8.8941E-01      1         H         4525
2.9297E-02   1.0664E-01      2         He        4675
2.4325E-06   2.6953E-05      6         C         4387
1.1017E-04   1.4030E-03      7         N         4005
8.3156E-05   1.2116E-03      8         O         4105
2.5313E-09   4.3732E-08      9         F         4405
2.2228E-05   4.0413E-04     10         Ne        4145
4.1339E-05   9.0165E-04     12         Mg        4682
2.1699E-07   7.8856E-06     20         Ca        2302
Temperature grid used the following   1 points
1.5000E-03
Density grid used the following   1 points
1.9163E-09
Photon grid used the following 999 points
3.5119E-03  3.5136E-03  3.5153E-03  3.5169E-03  3.5186E-03  3.5203E-03
3.5220E-03  3.5236E-03  3.5253E-03  3.5270E-03  3.5287E-03  3.5303E-03
3.5320E-03  3.5337E-03  3.5354E-03  3.5371E-03  3.5387E-03  3.5404E-03
3.5421E-03  3.5438E-03  3.5455E-03  3.5472E-03  3.5488E-03  3.5505E-03
3.5522E-03  3.5539E-03  3.5556E-03  3.5573E-03  3.5590E-03  3.5607E-03
3.5624E-03  3.5641E-03  3.5657E-03  3.5674E-03  3.5691E-03  3.5708E-03
3.5725E-03  3.5742E-03  3.5759E-03  3.5776E-03  3.5793E-03  3.5810E-03
3.5827E-03  3.5844E-03  3.5861E-03  3.5878E-03  3.5896E-03  3.5913E-03
3.5930E-03  3.5947E-03  3.5964E-03  3.5981E-03  3.5998E-03  3.6015E-03
3.6032E-03  3.6049E-03  3.6067E-03  3.6084E-03  3.6101E-03  3.6118E-03
3.6135E-03  3.6152E-03  3.6170E-03  3.6187E-03  3.6204E-03  3.6221E-03
3.6238E-03  3.6256E-03  3.6273E-03  3.6290E-03  3.6307E-03  3.6325E-03
3.6342E-03  3.6359E-03  3.6376E-03  3.6394E-03  3.6411E-03  3.6428E-03
3.6446E-03  3.6463E-03  3.6480E-03  3.6498E-03  3.6515E-03  3.6532E-03
3.6550E-03  3.6567E-03  3.6584E-03  3.6602E-03  3.6619E-03  3.6637E-03
3.6654E-03  3.6672E-03  3.6689E-03  3.6706E-03  3.6724E-03  3.6741E-03
3.6759E-03  3.6776E-03  3.6794E-03  3.6811E-03  3.6829E-03  3.6846E-03
3.6864E-03  3.6881E-03  3.6899E-03  3.6916E-03  3.6934E-03  3.6951E-03
3.6969E-03  3.6987E-03  3.7004E-03  3.7022E-03  3.7039E-03  3.7057E-03
3.7075E-03  3.7092E-03  3.7110E-03  3.7128E-03  3.7145E-03  3.7163E-03
3.7180E-03  3.7198E-03  3.7216E-03  3.7234E-03  3.7251E-03  3.7269E-03
3.7287E-03  3.7304E-03  3.7322E-03  3.7340E-03  3.7358E-03  3.7375E-03
3.7393E-03  3.7411E-03  3.7429E-03  3.7447E-03  3.7464E-03  3.7482E-03
3.7500E-03  3.7518E-03  3.7536E-03  3.7553E-03  3.7571E-03  3.7589E-03
3.7607E-03  3.7625E-03  3.7643E-03  3.7661E-03  3.7679E-03  3.7696E-03
3.7714E-03  3.7732E-03  3.7750E-03  3.7768E-03  3.7786E-03  3.7804E-03
3.7822E-03  3.7840E-03  3.7858E-03  3.7876E-03  3.7894E-03  3.7912E-03
3.7930E-03  3.7948E-03  3.7966E-03  3.7984E-03  3.8002E-03  3.8020E-03
3.8038E-03  3.8057E-03  3.8075E-03  3.8093E-03  3.8111E-03  3.8129E-03
3.8147E-03  3.8165E-03  3.8183E-03  3.8202E-03  3.8220E-03  3.8238E-03
3.8256E-03  3.8274E-03  3.8292E-03  3.8311E-03  3.8329E-03  3.8347E-03
3.8365E-03  3.8384E-03  3.8402E-03  3.8420E-03  3.8438E-03  3.8457E-03
3.8475E-03  3.8493E-03  3.8511E-03  3.8530E-03  3.8548E-03  3.8566E-03
3.8585E-03  3.8603E-03  3.8621E-03  3.8640E-03  3.8658E-03  3.8677E-03
3.8695E-03  3.8713E-03  3.8732E-03  3.8750E-03  3.8769E-03  3.8787E-03
3.8805E-03  3.8824E-03  3.8842E-03  3.8861E-03  3.8879E-03  3.8898E-03
3.8916E-03  3.8935E-03  3.8953E-03  3.8972E-03  3.8990E-03  3.9009E-03
3.9027E-03  3.9046E-03  3.9064E-03  3.9083E-03  3.9102E-03  3.9120E-03
3.9139E-03  3.9157E-03  3.9176E-03  3.9195E-03  3.9213E-03  3.9232E-03
3.9251E-03  3.9269E-03  3.9288E-03  3.9307E-03  3.9325E-03  3.9344E-03
3.9363E-03  3.9381E-03  3.9400E-03  3.9419E-03  3.9438E-03  3.9456E-03
3.9475E-03  3.9494E-03  3.9513E-03  3.9531E-03  3.9550E-03  3.9569E-03
3.9588E-03  3.9607E-03  3.9625E-03  3.9644E-03  3.9663E-03  3.9682E-03
3.9701E-03  3.9720E-03  3.9739E-03  3.9758E-03  3.9776E-03  3.9795E-03
3.9814E-03  3.9833E-03  3.9852E-03  3.9871E-03  3.9890E-03  3.9909E-03
3.9928E-03  3.9947E-03  3.9966E-03  3.9985E-03  4.0004E-03  4.0023E-03
4.0042E-03  4.0061E-03  4.0080E-03  4.0099E-03  4.0118E-03  4.0137E-03
4.0156E-03  4.0175E-03  4.0195E-03  4.0214E-03  4.0233E-03  4.0252E-03
4.0271E-03  4.0290E-03  4.0309E-03  4.0328E-03  4.0348E-03  4.0367E-03
4.0386E-03  4.0405E-03  4.0424E-03  4.0444E-03  4.0463E-03  4.0482E-03
4.0501E-03  4.0521E-03  4.0540E-03  4.0559E-03  4.0578E-03  4.0598E-03
4.0617E-03  4.0636E-03  4.0656E-03  4.0675E-03  4.0694E-03  4.0714E-03
4.0733E-03  4.0752E-03  4.0772E-03  4.0791E-03  4.0811E-03  4.0830E-03
4.0849E-03  4.0869E-03  4.0888E-03  4.0908E-03  4.0927E-03  4.0947E-03
4.0966E-03  4.0985E-03  4.1005E-03  4.1024E-03  4.1044E-03  4.1063E-03
4.1083E-03  4.1102E-03  4.1122E-03  4.1142E-03  4.1161E-03  4.1181E-03
4.1200E-03  4.1220E-03  4.1239E-03  4.1259E-03  4.1279E-03  4.1298E-03
4.1318E-03  4.1338E-03  4.1357E-03  4.1377E-03  4.1397E-03  4.1416E-03
4.1436E-03  4.1456E-03  4.1475E-03  4.1495E-03  4.1515E-03  4.1535E-03
4.1554E-03  4.1574E-03  4.1594E-03  4.1614E-03  4.1633E-03  4.1653E-03
4.1673E-03  4.1693E-03  4.1713E-03  4.1732E-03  4.1752E-03  4.1772E-03
4.1792E-03  4.1812E-03  4.1832E-03  4.1852E-03  4.1871E-03  4.1891E-03
4.1911E-03  4.1931E-03  4.1951E-03  4.1971E-03  4.1991E-03  4.2011E-03
4.2031E-03  4.2051E-03  4.2071E-03  4.2091E-03  4.2111E-03  4.2131E-03
4.2151E-03  4.2171E-03  4.2191E-03  4.2211E-03  4.2231E-03  4.2251E-03
4.2271E-03  4.2291E-03  4.2312E-03  4.2332E-03  4.2352E-03  4.2372E-03
4.2392E-03  4.2412E-03  4.2432E-03  4.2453E-03  4.2473E-03  4.2493E-03
4.2513E-03  4.2533E-03  4.2554E-03  4.2574E-03  4.2594E-03  4.2614E-03
4.2635E-03  4.2655E-03  4.2675E-03  4.2695E-03  4.2716E-03  4.2736E-03
4.2756E-03  4.2777E-03  4.2797E-03  4.2817E-03  4.2838E-03  4.2858E-03
4.2878E-03  4.2899E-03  4.2919E-03  4.2940E-03  4.2960E-03  4.2980E-03
4.3001E-03  4.3021E-03  4.3042E-03  4.3062E-03  4.3083E-03  4.3103E-03
4.3124E-03  4.3144E-03  4.3165E-03  4.3185E-03  4.3206E-03  4.3226E-03
4.3247E-03  4.3267E-03  4.3288E-03  4.3309E-03  4.3329E-03  4.3350E-03
4.3370E-03  4.3391E-03  4.3412E-03  4.3432E-03  4.3453E-03  4.3474E-03
4.3494E-03  4.3515E-03  4.3536E-03  4.3556E-03  4.3577E-03  4.3598E-03
4.3618E-03  4.3639E-03  4.3660E-03  4.3681E-03  4.3701E-03  4.3722E-03
4.3743E-03  4.3764E-03  4.3785E-03  4.3805E-03  4.3826E-03  4.3847E-03
4.3868E-03  4.3889E-03  4.3910E-03  4.3930E-03  4.3951E-03  4.3972E-03
4.3993E-03  4.4014E-03  4.4035E-03  4.4056E-03  4.4077E-03  4.4098E-03
4.4119E-03  4.4140E-03  4.4161E-03  4.4182E-03  4.4203E-03  4.4224E-03
4.4245E-03  4.4266E-03  4.4287E-03  4.4308E-03  4.4329E-03  4.4350E-03
4.4371E-03  4.4392E-03  4.4413E-03  4.4434E-03  4.4456E-03  4.4477E-03
4.4498E-03  4.4519E-03  4.4540E-03  4.4561E-03  4.4583E-03  4.4604E-03
4.4625E-03  4.4646E-03  4.4667E-03  4.4689E-03  4.4710E-03  4.4731E-03
4.4752E-03  4.4774E-03  4.4795E-03  4.4816E-03  4.4838E-03  4.4859E-03
4.4880E-03  4.4902E-03  4.4923E-03  4.4944E-03  4.4966E-03  4.4987E-03
4.5008E-03  4.5030E-03  4.5051E-03  4.5073E-03  4.5094E-03  4.5115E-03
4.5137E-03  4.5158E-03  4.5180E-03  4.5201E-03  4.5223E-03  4.5244E-03
4.5266E-03  4.5287E-03  4.5309E-03  4.5330E-03  4.5352E-03  4.5373E-03
4.5395E-03  4.5417E-03  4.5438E-03  4.5460E-03  4.5481E-03  4.5503E-03
4.5525E-03  4.5546E-03  4.5568E-03  4.5590E-03  4.5611E-03  4.5633E-03
4.5655E-03  4.5676E-03  4.5698E-03  4.5720E-03  4.5742E-03  4.5763E-03
4.5785E-03  4.5807E-03  4.5829E-03  4.5850E-03  4.5872E-03  4.5894E-03
4.5916E-03  4.5938E-03  4.5959E-03  4.5981E-03  4.6003E-03  4.6025E-03
4.6047E-03  4.6069E-03  4.6091E-03  4.6113E-03  4.6135E-03  4.6156E-03
4.6178E-03  4.6200E-03  4.6222E-03  4.6244E-03  4.6266E-03  4.6288E-03
4.6310E-03  4.6332E-03  4.6354E-03  4.6376E-03  4.6398E-03  4.6420E-03
4.6443E-03  4.6465E-03  4.6487E-03  4.6509E-03  4.6531E-03  4.6553E-03
4.6575E-03  4.6597E-03  4.6619E-03  4.6642E-03  4.6664E-03  4.6686E-03
4.6708E-03  4.6730E-03  4.6753E-03  4.6775E-03  4.6797E-03  4.6819E-03
4.6842E-03  4.6864E-03  4.6886E-03  4.6908E-03  4.6931E-03  4.6953E-03
4.6975E-03  4.6998E-03  4.7020E-03  4.7042E-03  4.7065E-03  4.7087E-03
4.7110E-03  4.7132E-03  4.7154E-03  4.7177E-03  4.7199E-03  4.7222E-03
4.7244E-03  4.7266E-03  4.7289E-03  4.7311E-03  4.7334E-03  4.7356E-03
4.7379E-03  4.7401E-03  4.7424E-03  4.7447E-03  4.7469E-03  4.7492E-03
4.7514E-03  4.7537E-03  4.7559E-03  4.7582E-03  4.7605E-03  4.7627E-03
4.7650E-03  4.7673E-03  4.7695E-03  4.7718E-03  4.7741E-03  4.7763E-03
4.7786E-03  4.7809E-03  4.7831E-03  4.7854E-03  4.7877E-03  4.7900E-03
4.7922E-03  4.7945E-03  4.7968E-03  4.7991E-03  4.8014E-03  4.8037E-03
4.8059E-03  4.8082E-03  4.8105E-03  4.8128E-03  4.8151E-03  4.8174E-03
4.8197E-03  4.8220E-03  4.8242E-03  4.8265E-03  4.8288E-03  4.8311E-03
4.8334E-03  4.8357E-03  4.8380E-03  4.8403E-03  4.8426E-03  4.8449E-03
4.8472E-03  4.8495E-03  4.8518E-03  4.8541E-03  4.8565E-03  4.8588E-03
4.8611E-03  4.8634E-03  4.8657E-03  4.8680E-03  4.8703E-03  4.8726E-03
4.8750E-03  4.8773E-03  4.8796E-03  4.8819E-03  4.8842E-03  4.8865E-03
4.8889E-03  4.8912E-03  4.8935E-03  4.8958E-03  4.8982E-03  4.9005E-03
4.9028E-03  4.9052E-03  4.9075E-03  4.9098E-03  4.9122E-03  4.9145E-03
4.9168E-03  4.9192E-03  4.9215E-03  4.9239E-03  4.9262E-03  4.9285E-03
4.9309E-03  4.9332E-03  4.9356E-03  4.9379E-03  4.9403E-03  4.9426E-03
4.9450E-03  4.9473E-03  4.9497E-03  4.9520E-03  4.9544E-03  4.9567E-03
4.9591E-03  4.9614E-03  4.9638E-03  4.9662E-03  4.9685E-03  4.9709E-03
4.9732E-03  4.9756E-03  4.9780E-03  4.9803E-03  4.9827E-03  4.9851E-03
4.9874E-03  4.9898E-03  4.9922E-03  4.9946E-03  4.9969E-03  4.9993E-03
5.0017E-03  5.0041E-03  5.0064E-03  5.0088E-03  5.0112E-03  5.0136E-03
5.0160E-03  5.0184E-03  5.0207E-03  5.0231E-03  5.0255E-03  5.0279E-03
5.0303E-03  5.0327E-03  5.0351E-03  5.0375E-03  5.0399E-03  5.0423E-03
5.0447E-03  5.0471E-03  5.0495E-03  5.0519E-03  5.0543E-03  5.0567E-03
5.0591E-03  5.0615E-03  5.0639E-03  5.0663E-03  5.0687E-03  5.0711E-03
5.0735E-03  5.0759E-03  5.0783E-03  5.0808E-03  5.0832E-03  5.0856E-03
5.0880E-03  5.0904E-03  5.0928E-03  5.0953E-03  5.0977E-03  5.1001E-03
5.1025E-03  5.1050E-03  5.1074E-03  5.1098E-03  5.1122E-03  5.1147E-03
5.1171E-03  5.1195E-03  5.1220E-03  5.1244E-03  5.1268E-03  5.1293E-03
5.1317E-03  5.1342E-03  5.1366E-03  5.1390E-03  5.1415E-03  5.1439E-03
5.1464E-03  5.1488E-03  5.1513E-03  5.1537E-03  5.1562E-03  5.1586E-03
5.1611E-03  5.1635E-03  5.1660E-03  5.1684E-03  5.1709E-03  5.1733E-03
5.1758E-03  5.1783E-03  5.1807E-03  5.1832E-03  5.1857E-03  5.1881E-03
5.1906E-03  5.1931E-03  5.1955E-03  5.1980E-03  5.2005E-03  5.2029E-03
5.2054E-03  5.2079E-03  5.2104E-03  5.2128E-03  5.2153E-03  5.2178E-03
5.2203E-03  5.2228E-03  5.2252E-03  5.2277E-03  5.2302E-03  5.2327E-03
5.2352E-03  5.2377E-03  5.2402E-03  5.2427E-03  5.2451E-03  5.2476E-03
5.2501E-03  5.2526E-03  5.2551E-03  5.2576E-03  5.2601E-03  5.2626E-03
5.2651E-03  5.2676E-03  5.2701E-03  5.2726E-03  5.2751E-03  5.2777E-03
5.2802E-03  5.2827E-03  5.2852E-03  5.2877E-03  5.2902E-03  5.2927E-03
5.2952E-03  5.2978E-03  5.3003E-03  5.3028E-03  5.3053E-03  5.3078E-03
5.3104E-03  5.3129E-03  5.3154E-03  5.3179E-03  5.3205E-03  5.3230E-03
5.3255E-03  5.3281E-03  5.3306E-03  5.3331E-03  5.3357E-03  5.3382E-03
5.3407E-03  5.3433E-03  5.3458E-03  5.3484E-03  5.3509E-03  5.3534E-03
5.3560E-03  5.3585E-03  5.3611E-03  5.3636E-03  5.3662E-03  5.3687E-03
5.3713E-03  5.3738E-03  5.3764E-03  5.3790E-03  5.3815E-03  5.3841E-03
5.3866E-03  5.3892E-03  5.3917E-03  5.3943E-03  5.3969E-03  5.3994E-03
5.4020E-03  5.4046E-03  5.4071E-03  5.4097E-03  5.4123E-03  5.4149E-03
5.4174E-03  5.4200E-03  5.4226E-03  5.4252E-03  5.4277E-03  5.4303E-03
5.4329E-03  5.4355E-03  5.4381E-03  5.4407E-03  5.4432E-03  5.4458E-03
5.4484E-03  5.4510E-03  5.4536E-03  5.4562E-03  5.4588E-03  5.4614E-03
5.4640E-03  5.4666E-03  5.4692E-03  5.4718E-03  5.4744E-03  5.4770E-03
5.4796E-03  5.4822E-03  5.4848E-03  5.4874E-03  5.4900E-03  5.4926E-03
5.4952E-03  5.4978E-03  5.5005E-03  5.5031E-03  5.5057E-03  5.5083E-03
5.5109E-03  5.5135E-03  5.5162E-03  5.5188E-03  5.5214E-03  5.5240E-03
5.5267E-03  5.5293E-03  5.5319E-03  5.5346E-03  5.5372E-03  5.5398E-03
5.5424E-03  5.5451E-03  5.5477E-03  5.5504E-03  5.5530E-03  5.5556E-03
5.5583E-03  5.5609E-03  5.5636E-03  5.5662E-03  5.5689E-03  5.5715E-03
5.5741E-03  5.5768E-03  5.5795E-03  5.5821E-03  5.5848E-03  5.5874E-03
5.5901E-03  5.5927E-03  5.5954E-03  5.5980E-03  5.6007E-03  5.6034E-03
5.6060E-03  5.6087E-03  5.6114E-03  5.6140E-03  5.6167E-03  5.6194E-03
5.6220E-03  5.6247E-03  5.6274E-03  5.6301E-03  5.6327E-03  5.6354E-03
5.6381E-03  5.6408E-03  5.6435E-03
Rosseland and Planck opacities and free electrons
Density     Ross opa    Planck opa  No. Free    Av Sq Free  T=  1.5000E-03
1.9163E-09  9.1378E+00  1.1273E+03  9.8847E-01  9.8856E-01
Multigroup opacities
Energy      Ross mg     Planck mg    for T, density =   1.5000E-03  1.9163E-09
3.5119E-03  5.2938E+01  5.2585E+01
3.5136E-03  5.4291E+01  5.3962E+01
3.5153E-03  5.7958E+01  5.7708E+01
3.5169E-03  6.1323E+01  6.1038E+01
3.5186E-03  5.5891E+01  5.5581E+01
3.5203E-03  5.3338E+01  5.2991E+01
3.5220E-03  5.2354E+01  5.2001E+01
3.5236E-03  5.1987E+01  5.1633E+01
3.5253E-03  5.1814E+01  5.1460E+01
3.5270E-03  5.1697E+01  5.1343E+01
3.5287E-03  5.1606E+01  5.1252E+01
3.5303E-03  5.1529E+01  5.1175E+01
3.5320E-03  5.1461E+01  5.1107E+01
3.5337E-03  5.1401E+01  5.1047E+01
3.5354E-03  5.1349E+01  5.0995E+01
3.5371E-03  5.1308E+01  5.0954E+01
3.5387E-03  5.1277E+01  5.0923E+01
3.5404E-03  5.1255E+01  5.0901E+01
3.5421E-03  5.1244E+01  5.0890E+01
3.5438E-03  5.1247E+01  5.0893E+01
3.5455E-03  5.1280E+01  5.0926E+01
3.5472E-03  5.1390E+01  5.1036E+01
3.5488E-03  5.1533E+01  5.1179E+01
3.5505E-03  5.1467E+01  5.1113E+01
3.5522E-03  5.1384E+01  5.1030E+01
3.5539E-03  5.1416E+01  5.1062E+01
3.5556E-03  5.1580E+01  5.1226E+01
3.5573E-03  5.2019E+01  5.1666E+01
3.5590E-03  5.3261E+01  5.2920E+01
3.5607E-03  5.4776E+01  5.4430E+01
3.5624E-03  5.4424E+01  5.4097E+01
3.5641E-03  5.2402E+01  5.2051E+01
3.5657E-03  5.1644E+01  5.1290E+01
3.5674E-03  5.1328E+01  5.0974E+01
3.5691E-03  5.1167E+01  5.0813E+01
3.5708E-03  5.1066E+01  5.0712E+01
3.5725E-03  5.0975E+01  5.0621E+01
3.5742E-03  5.0896E+01  5.0542E+01
3.5759E-03  5.0830E+01  5.0476E+01
3.5776E-03  5.0776E+01  5.0422E+01
3.5793E-03  5.0735E+01  5.0381E+01
3.5810E-03  5.0718E+01  5.0364E+01
3.5827E-03  5.0738E+01  5.0384E+01
3.5844E-03  5.0776E+01  5.0422E+01
3.5861E-03  5.0754E+01  5.0400E+01
3.5878E-03  5.0800E+01  5.0446E+01
3.5896E-03  5.1022E+01  5.0668E+01
3.5913E-03  5.1542E+01  5.1188E+01
3.5930E-03  5.2073E+01  5.1720E+01
3.5947E-03  5.1584E+01  5.1234E+01
3.5964E-03  5.0844E+01  5.0492E+01
3.5981E-03  5.0428E+01  5.0075E+01
3.5998E-03  5.0190E+01  4.9836E+01
3.6015E-03  5.0035E+01  4.9680E+01
3.6032E-03  4.9921E+01  4.9567E+01
3.6049E-03  4.9832E+01  4.9477E+01
3.6067E-03  4.9749E+01  4.9395E+01
3.6084E-03  4.9673E+01  4.9319E+01
3.6101E-03  4.9603E+01  4.9249E+01
3.6118E-03  4.9538E+01  4.9184E+01
3.6135E-03  4.9475E+01  4.9120E+01
3.6152E-03  4.9413E+01  4.9059E+01
3.6170E-03  4.9353E+01  4.8999E+01
3.6187E-03  4.9293E+01  4.8939E+01
3.6204E-03  4.9235E+01  4.8881E+01
3.6221E-03  4.9178E+01  4.8823E+01
3.6238E-03  4.9119E+01  4.8765E+01
3.6256E-03  4.9062E+01  4.8708E+01
3.6273E-03  4.9006E+01  4.8652E+01
3.6290E-03  4.8950E+01  4.8595E+01
3.6307E-03  4.8893E+01  4.8539E+01
3.6325E-03  4.8837E+01  4.8483E+01
3.6342E-03  4.8781E+01  4.8427E+01
3.6359E-03  4.8726E+01  4.8372E+01
3.6376E-03  4.8671E+01  4.8316E+01
3.6394E-03  4.8616E+01  4.8261E+01
3.6411E-03  4.8561E+01  4.8206E+01
3.6428E-03  4.8507E+01  4.8153E+01
3.6446E-03  4.8455E+01  4.8101E+01
3.6463E-03  4.8399E+01  4.8044E+01
3.6480E-03  4.8343E+01  4.7989E+01
3.6498E-03  4.8289E+01  4.7935E+01
3.6515E-03  4.8235E+01  4.7881E+01
3.6532E-03  4.8181E+01  4.7827E+01
3.6550E-03  4.8127E+01  4.7773E+01
3.6567E-03  4.8073E+01  4.7719E+01
3.6584E-03  4.8020E+01  4.7666E+01
3.6602E-03  4.7971E+01  4.7617E+01
3.6619E-03  4.7918E+01  4.7563E+01
3.6637E-03  4.7861E+01  4.7507E+01
3.6654E-03  4.7807E+01  4.7453E+01
3.6672E-03  4.7754E+01  4.7400E+01
3.6689E-03  4.7701E+01  4.7347E+01
3.6706E-03  4.7649E+01  4.7295E+01
3.6724E-03  4.7597E+01  4.7242E+01
3.6741E-03  4.7545E+01  4.7190E+01
3.6759E-03  4.7494E+01  4.7139E+01
3.6776E-03  4.7442E+01  4.7088E+01
3.6794E-03  4.7393E+01  4.7039E+01
3.6811E-03  4.7352E+01  4.6998E+01
3.6829E-03  4.7313E+01  4.6958E+01
3.6846E-03  4.7337E+01  4.6983E+01
3.6864E-03  4.9422E+01  4.9139E+01
3.6881E-03  4.9354E+01  4.9075E+01
3.6899E-03  4.7186E+01  4.6832E+01
3.6916E-03  4.7051E+01  4.6696E+01
3.6934E-03  4.6982E+01  4.6628E+01
3.6951E-03  4.6925E+01  4.6570E+01
3.6969E-03  4.6870E+01  4.6516E+01
3.6987E-03  4.6818E+01  4.6464E+01
3.7004E-03  4.6773E+01  4.6418E+01
3.7022E-03  4.6718E+01  4.6363E+01
3.7039E-03  4.6661E+01  4.6306E+01
3.7057E-03  4.6608E+01  4.6254E+01
3.7075E-03  4.6557E+01  4.6202E+01
3.7092E-03  4.6505E+01  4.6151E+01
3.7110E-03  4.6456E+01  4.6101E+01
3.7128E-03  4.6407E+01  4.6052E+01
3.7145E-03  4.6356E+01  4.6001E+01
3.7163E-03  4.6302E+01  4.5948E+01
3.7180E-03  4.6250E+01  4.5896E+01
3.7198E-03  4.6199E+01  4.5845E+01
3.7216E-03  4.6149E+01  4.5794E+01
3.7234E-03  4.6098E+01  4.5743E+01
3.7251E-03  4.6047E+01  4.5693E+01
3.7269E-03  4.5997E+01  4.5642E+01
3.7287E-03  4.5946E+01  4.5592E+01
3.7304E-03  4.5896E+01  4.5541E+01
3.7322E-03  4.5846E+01  4.5491E+01
3.7340E-03  4.5795E+01  4.5441E+01
3.7358E-03  4.5745E+01  4.5391E+01
3.7375E-03  4.5697E+01  4.5343E+01
3.7393E-03  4.5646E+01  4.5291E+01
3.7411E-03  4.5595E+01  4.5240E+01
3.7429E-03  4.5545E+01  4.5190E+01
3.7447E-03  4.5495E+01  4.5140E+01
3.7464E-03  4.5445E+01  4.5090E+01
3.7482E-03  4.5395E+01  4.5041E+01
3.7500E-03  4.5346E+01  4.4991E+01
3.7518E-03  4.5296E+01  4.4941E+01
3.7536E-03  4.5246E+01  4.4892E+01
3.7553E-03  4.5197E+01  4.4842E+01
3.7571E-03  4.5147E+01  4.4792E+01
3.7589E-03  4.5098E+01  4.4743E+01
3.7607E-03  4.5048E+01  4.4694E+01
3.7625E-03  4.4999E+01  4.4644E+01
3.7643E-03  4.4950E+01  4.4595E+01
3.7661E-03  4.4901E+01  4.4546E+01
3.7679E-03  4.4852E+01  4.4497E+01
3.7696E-03  4.4803E+01  4.4448E+01
3.7714E-03  4.4754E+01  4.4399E+01
3.7732E-03  4.4705E+01  4.4351E+01
3.7750E-03  4.4657E+01  4.4302E+01
3.7768E-03  4.4609E+01  4.4254E+01
3.7786E-03  4.4562E+01  4.4207E+01
3.7804E-03  4.4516E+01  4.4162E+01
3.7822E-03  4.4474E+01  4.4119E+01
3.7840E-03  4.4443E+01  4.4088E+01
3.7858E-03  4.4472E+01  4.4117E+01
3.7876E-03  4.5167E+01  4.4820E+01
3.7894E-03  4.5064E+01  4.4719E+01
3.7912E-03  4.4314E+01  4.3959E+01
3.7930E-03  4.4197E+01  4.3842E+01
3.7948E-03  4.4132E+01  4.3777E+01
3.7966E-03  4.4077E+01  4.3723E+01
3.7984E-03  4.4026E+01  4.3671E+01
3.8002E-03  4.3975E+01  4.3620E+01
3.8020E-03  4.3926E+01  4.3571E+01
3.8038E-03  4.3876E+01  4.3522E+01
3.8057E-03  4.3828E+01  4.3473E+01
3.8075E-03  4.3779E+01  4.3424E+01
3.8093E-03  4.3730E+01  4.3375E+01
3.8111E-03  4.3682E+01  4.3327E+01
3.8129E-03  4.3633E+01  4.3279E+01
3.8147E-03  4.3585E+01  4.3230E+01
3.8165E-03  4.3537E+01  4.3182E+01
3.8183E-03  4.3488E+01  4.3134E+01
3.8202E-03  4.3440E+01  4.3086E+01
3.8220E-03  4.3393E+01  4.3038E+01
3.8238E-03  4.3346E+01  4.2991E+01
3.8256E-03  4.3298E+01  4.2943E+01
3.8274E-03  4.3263E+01  4.2908E+01
3.8292E-03  4.3206E+01  4.2852E+01
3.8311E-03  4.3153E+01  4.2798E+01
3.8329E-03  4.3105E+01  4.2750E+01
3.8347E-03  4.3058E+01  4.2703E+01
3.8365E-03  4.3011E+01  4.2656E+01
3.8384E-03  4.2964E+01  4.2609E+01
3.8402E-03  4.2917E+01  4.2562E+01
3.8420E-03  4.2871E+01  4.2516E+01
3.8438E-03  4.2825E+01  4.2471E+01
3.8457E-03  4.2842E+01  4.2487E+01
3.8475E-03  4.2806E+01  4.2451E+01
3.8493E-03  4.2714E+01  4.2359E+01
3.8511E-03  4.2725E+01  4.2370E+01
3.8530E-03  4.2896E+01  4.2541E+01
3.8548E-03  4.2908E+01  4.2554E+01
3.8566E-03  4.2580E+01  4.2225E+01
3.8585E-03  4.2474E+01  4.2119E+01
3.8603E-03  4.2411E+01  4.2056E+01
3.8621E-03  4.2357E+01  4.2002E+01
3.8640E-03  4.2306E+01  4.1951E+01
3.8658E-03  4.2257E+01  4.1902E+01
3.8677E-03  4.2217E+01  4.1862E+01
3.8695E-03  4.2182E+01  4.1827E+01
3.8713E-03  4.2116E+01  4.1761E+01
3.8732E-03  4.2067E+01  4.1712E+01
3.8750E-03  4.2020E+01  4.1665E+01
3.8769E-03  4.1974E+01  4.1619E+01
3.8787E-03  4.1927E+01  4.1572E+01
3.8805E-03  4.1881E+01  4.1526E+01
3.8824E-03  4.1835E+01  4.1480E+01
3.8842E-03  4.1789E+01  4.1434E+01
3.8861E-03  4.1743E+01  4.1388E+01
3.8879E-03  4.1699E+01  4.1344E+01
3.8898E-03  4.1655E+01  4.1300E+01
3.8916E-03  4.1614E+01  4.1259E+01
3.8935E-03  4.1578E+01  4.1223E+01
3.8953E-03  4.1559E+01  4.1204E+01
3.8972E-03  4.1581E+01  4.1226E+01
3.8990E-03  4.1610E+01  4.1255E+01
3.9009E-03  4.1468E+01  4.1113E+01
3.9027E-03  4.1364E+01  4.1009E+01
3.9046E-03  4.1298E+01  4.0943E+01
3.9064E-03  4.1256E+01  4.0901E+01
3.9083E-03  4.1240E+01  4.0885E+01
3.9102E-03  4.1155E+01  4.0800E+01
3.9120E-03  4.1098E+01  4.0743E+01
3.9139E-03  4.1051E+01  4.0696E+01
3.9157E-03  4.1005E+01  4.0650E+01
3.9176E-03  4.0960E+01  4.0605E+01
3.9195E-03  4.0916E+01  4.0561E+01
3.9213E-03  4.0874E+01  4.0519E+01
3.9232E-03  4.0847E+01  4.0491E+01
3.9251E-03  4.0804E+01  4.0449E+01
3.9269E-03  4.0768E+01  4.0413E+01
3.9288E-03  4.0753E+01  4.0398E+01
3.9307E-03  4.0734E+01  4.0378E+01
3.9325E-03  4.0677E+01  4.0322E+01
3.9344E-03  4.0585E+01  4.0230E+01
3.9363E-03  4.0517E+01  4.0162E+01
3.9381E-03  4.0464E+01  4.0109E+01
3.9400E-03  4.0414E+01  4.0059E+01
3.9419E-03  4.0366E+01  4.0011E+01
3.9438E-03  4.0320E+01  3.9964E+01
3.9456E-03  4.0273E+01  3.9918E+01
3.9475E-03  4.0227E+01  3.9872E+01
3.9494E-03  4.0181E+01  3.9826E+01
3.9513E-03  4.0136E+01  3.9780E+01
3.9531E-03  4.0090E+01  3.9735E+01
3.9550E-03  4.0045E+01  3.9690E+01
3.9569E-03  3.9999E+01  3.9644E+01
3.9588E-03  3.9954E+01  3.9599E+01
3.9607E-03  3.9909E+01  3.9554E+01
3.9625E-03  3.9864E+01  3.9508E+01
3.9644E-03  3.9818E+01  3.9463E+01
3.9663E-03  3.9773E+01  3.9418E+01
3.9682E-03  3.9729E+01  3.9374E+01
3.9701E-03  3.9684E+01  3.9328E+01
3.9720E-03  3.9639E+01  3.9283E+01
3.9739E-03  3.9594E+01  3.9239E+01
3.9758E-03  3.9549E+01  3.9194E+01
3.9776E-03  3.9505E+01  3.9150E+01
3.9795E-03  3.9460E+01  3.9105E+01
3.9814E-03  3.9416E+01  3.9061E+01
3.9833E-03  3.9372E+01  3.9017E+01
3.9852E-03  3.9329E+01  3.8974E+01
3.9871E-03  3.9286E+01  3.8931E+01
3.9890E-03  3.9244E+01  3.8889E+01
3.9909E-03  3.9204E+01  3.8849E+01
3.9928E-03  3.9167E+01  3.8812E+01
3.9947E-03  3.9137E+01  3.8781E+01
3.9966E-03  3.9122E+01  3.8767E+01
3.9985E-03  3.9169E+01  3.8814E+01
4.0004E-03  4.0148E+01  3.9840E+01
4.0023E-03  4.3686E+01  4.3366E+01
4.0042E-03  4.0743E+01  4.0410E+01
4.0061E-03  3.9199E+01  3.8846E+01
4.0080E-03  3.8892E+01  3.8537E+01
4.0099E-03  3.8792E+01  3.8437E+01
4.0118E-03  3.8726E+01  3.8371E+01
4.0137E-03  3.8671E+01  3.8315E+01
4.0156E-03  3.8620E+01  3.8265E+01
4.0175E-03  3.8573E+01  3.8218E+01
4.0195E-03  3.8525E+01  3.8170E+01
4.0214E-03  3.8506E+01  3.8151E+01
4.0233E-03  3.8499E+01  3.8144E+01
4.0252E-03  3.8390E+01  3.8034E+01
4.0271E-03  3.8341E+01  3.7986E+01
4.0290E-03  3.8297E+01  3.7941E+01
4.0309E-03  3.8252E+01  3.7897E+01
4.0328E-03  3.8206E+01  3.7851E+01
4.0348E-03  3.8161E+01  3.7806E+01
4.0367E-03  3.8117E+01  3.7762E+01
4.0386E-03  3.8075E+01  3.7720E+01
4.0405E-03  3.8031E+01  3.7676E+01
4.0424E-03  3.7986E+01  3.7631E+01
4.0444E-03  3.7949E+01  3.7594E+01
4.0463E-03  3.7919E+01  3.7563E+01
4.0482E-03  3.8015E+01  3.7660E+01
4.0501E-03  3.8114E+01  3.7758E+01
4.0521E-03  3.7914E+01  3.7559E+01
4.0540E-03  3.7736E+01  3.7381E+01
4.0559E-03  3.7679E+01  3.7324E+01
4.0578E-03  3.7630E+01  3.7275E+01
4.0598E-03  3.7584E+01  3.7229E+01
4.0617E-03  3.7539E+01  3.7183E+01
4.0636E-03  3.7494E+01  3.7138E+01
4.0656E-03  3.7449E+01  3.7093E+01
4.0675E-03  3.7404E+01  3.7049E+01
4.0694E-03  3.7360E+01  3.7004E+01
4.0714E-03  3.7315E+01  3.6960E+01
4.0733E-03  3.7271E+01  3.6915E+01
4.0752E-03  3.7226E+01  3.6871E+01
4.0772E-03  3.7182E+01  3.6827E+01
4.0791E-03  3.7138E+01  3.6782E+01
4.0811E-03  3.7093E+01  3.6738E+01
4.0830E-03  3.7049E+01  3.6694E+01
4.0849E-03  3.7014E+01  3.6659E+01
4.0869E-03  3.7012E+01  3.6657E+01
4.0888E-03  3.6981E+01  3.6626E+01
4.0908E-03  3.6875E+01  3.6520E+01
4.0927E-03  3.6828E+01  3.6472E+01
4.0947E-03  3.6783E+01  3.6428E+01
4.0966E-03  3.6739E+01  3.6384E+01
4.0985E-03  3.6695E+01  3.6340E+01
4.1005E-03  3.6654E+01  3.6298E+01
4.1024E-03  3.6610E+01  3.6255E+01
4.1044E-03  3.6562E+01  3.6207E+01
4.1063E-03  3.6518E+01  3.6163E+01
4.1083E-03  3.6474E+01  3.6119E+01
4.1102E-03  3.6430E+01  3.6075E+01
4.1122E-03  3.6386E+01  3.6031E+01
4.1142E-03  3.6342E+01  3.5986E+01
4.1161E-03  3.6297E+01  3.5942E+01
4.1181E-03  3.6253E+01  3.5898E+01
4.1200E-03  3.6209E+01  3.5854E+01
4.1220E-03  3.6165E+01  3.5810E+01
4.1239E-03  3.6121E+01  3.5765E+01
4.1259E-03  3.6077E+01  3.5721E+01
4.1279E-03  3.6033E+01  3.5678E+01
4.1298E-03  3.5992E+01  3.5636E+01
4.1318E-03  3.5945E+01  3.5589E+01
4.1338E-03  3.5901E+01  3.5545E+01
4.1357E-03  3.5857E+01  3.5501E+01
4.1377E-03  3.5815E+01  3.5459E+01
4.1397E-03  3.5774E+01  3.5418E+01
4.1416E-03  3.5724E+01  3.5369E+01
4.1436E-03  3.5680E+01  3.5324E+01
4.1456E-03  3.5636E+01  3.5280E+01
4.1475E-03  3.5592E+01  3.5236E+01
4.1495E-03  3.5548E+01  3.5192E+01
4.1515E-03  3.5514E+01  3.5158E+01
4.1535E-03  3.5465E+01  3.5110E+01
4.1554E-03  3.5416E+01  3.5060E+01
4.1574E-03  3.5374E+01  3.5018E+01
4.1594E-03  3.5329E+01  3.4973E+01
4.1614E-03  3.5284E+01  3.4928E+01
4.1633E-03  3.5242E+01  3.4886E+01
4.1653E-03  3.5209E+01  3.4853E+01
4.1673E-03  3.5153E+01  3.4797E+01
4.1693E-03  3.5107E+01  3.4752E+01
4.1713E-03  3.5063E+01  3.4707E+01
4.1732E-03  3.5019E+01  3.4663E+01
4.1752E-03  3.4975E+01  3.4619E+01
4.1772E-03  3.4931E+01  3.4576E+01
4.1792E-03  3.4888E+01  3.4533E+01
4.1812E-03  3.4844E+01  3.4489E+01
4.1832E-03  3.4815E+01  3.4459E+01
4.1852E-03  3.4766E+01  3.4411E+01
4.1871E-03  3.4713E+01  3.4357E+01
4.1891E-03  3.4672E+01  3.4316E+01
4.1911E-03  3.4660E+01  3.4305E+01
4.1931E-03  3.4599E+01  3.4244E+01
4.1951E-03  3.4543E+01  3.4187E+01
4.1971E-03  3.4495E+01  3.4140E+01
4.1991E-03  3.4448E+01  3.4092E+01
4.2011E-03  3.4403E+01  3.4047E+01
4.2031E-03  3.4359E+01  3.4003E+01
4.2051E-03  3.4315E+01  3.3959E+01
4.2071E-03  3.4271E+01  3.3915E+01
4.2091E-03  3.4227E+01  3.3871E+01
4.2111E-03  3.4183E+01  3.3827E+01
4.2131E-03  3.4138E+01  3.3783E+01
4.2151E-03  3.4094E+01  3.3738E+01
4.2171E-03  3.4050E+01  3.3694E+01
4.2191E-03  3.4006E+01  3.3650E+01
4.2211E-03  3.3962E+01  3.3606E+01
4.2231E-03  3.3918E+01  3.3562E+01
4.2251E-03  3.3874E+01  3.3518E+01
4.2271E-03  3.3830E+01  3.3474E+01
4.2291E-03  3.3788E+01  3.3432E+01
4.2312E-03  3.3743E+01  3.3387E+01
4.2332E-03  3.3699E+01  3.3344E+01
4.2352E-03  3.3654E+01  3.3298E+01
4.2372E-03  3.3610E+01  3.3254E+01
4.2392E-03  3.3567E+01  3.3211E+01
4.2412E-03  3.3523E+01  3.3167E+01
4.2432E-03  3.3478E+01  3.3122E+01
4.2453E-03  3.3433E+01  3.3078E+01
4.2473E-03  3.3389E+01  3.3034E+01
4.2493E-03  3.3345E+01  3.2989E+01
4.2513E-03  3.3301E+01  3.2945E+01
4.2533E-03  3.3257E+01  3.2901E+01
4.2554E-03  3.3213E+01  3.2857E+01
4.2574E-03  3.3169E+01  3.2813E+01
4.2594E-03  3.3125E+01  3.2769E+01
4.2614E-03  3.3081E+01  3.2725E+01
4.2635E-03  3.3037E+01  3.2681E+01
4.2655E-03  3.2995E+01  3.2639E+01
4.2675E-03  3.2952E+01  3.2596E+01
4.2695E-03  3.2905E+01  3.2549E+01
4.2716E-03  3.2861E+01  3.2505E+01
4.2736E-03  3.2817E+01  3.2461E+01
4.2756E-03  3.2773E+01  3.2417E+01
4.2777E-03  3.2729E+01  3.2373E+01
4.2797E-03  3.2685E+01  3.2329E+01
4.2817E-03  3.2642E+01  3.2286E+01
4.2838E-03  3.2603E+01  3.2248E+01
4.2858E-03  3.2558E+01  3.2202E+01
4.2878E-03  3.2518E+01  3.2162E+01
4.2899E-03  3.2476E+01  3.2121E+01
4.2919E-03  3.2424E+01  3.2068E+01
4.2940E-03  3.2380E+01  3.2024E+01
4.2960E-03  3.2335E+01  3.1979E+01
4.2980E-03  3.2291E+01  3.1935E+01
4.3001E-03  3.2259E+01  3.1903E+01
4.3021E-03  3.2289E+01  3.1933E+01
4.3042E-03  3.2170E+01  3.1815E+01
4.3062E-03  3.2118E+01  3.1762E+01
4.3083E-03  3.2074E+01  3.1718E+01
4.3103E-03  3.2044E+01  3.1688E+01
4.3124E-03  3.2007E+01  3.1651E+01
4.3144E-03  3.1952E+01  3.1597E+01
4.3165E-03  3.1916E+01  3.1560E+01
4.3185E-03  3.1887E+01  3.1531E+01
4.3206E-03  3.1899E+01  3.1543E+01
4.3226E-03  3.1920E+01  3.1564E+01
4.3247E-03  3.2555E+01  3.2219E+01
4.3267E-03  3.4895E+01  3.4545E+01
4.3288E-03  3.4065E+01  3.3747E+01
4.3309E-03  3.1933E+01  3.1579E+01
4.3329E-03  3.1649E+01  3.1293E+01
4.3350E-03  3.1553E+01  3.1197E+01
4.3370E-03  3.1490E+01  3.1134E+01
4.3391E-03  3.1436E+01  3.1080E+01
4.3412E-03  3.1387E+01  3.1031E+01
4.3432E-03  3.1342E+01  3.0986E+01
4.3453E-03  3.1300E+01  3.0944E+01
4.3474E-03  3.1263E+01  3.0907E+01
4.3494E-03  3.1238E+01  3.0882E+01
4.3515E-03  3.1294E+01  3.0938E+01
4.3536E-03  3.8456E+01  4.0727E+01
4.3556E-03  3.8320E+01  4.0639E+01
4.3577E-03  3.1142E+01  3.0786E+01
4.3598E-03  3.1165E+01  3.0810E+01
4.3618E-03  3.2480E+01  3.2135E+01
4.3639E-03  3.1359E+01  3.1012E+01
4.3660E-03  3.0914E+01  3.0558E+01
4.3681E-03  3.0840E+01  3.0484E+01
4.3701E-03  3.0793E+01  3.0437E+01
4.3722E-03  3.0755E+01  3.0399E+01
4.3743E-03  3.0726E+01  3.0370E+01
4.3764E-03  3.0679E+01  3.0323E+01
4.3785E-03  3.0644E+01  3.0288E+01
4.3805E-03  3.0589E+01  3.0233E+01
4.3826E-03  3.0544E+01  3.0188E+01
4.3847E-03  3.0500E+01  3.0144E+01
4.3868E-03  3.0460E+01  3.0104E+01
4.3889E-03  3.0419E+01  3.0063E+01
4.3910E-03  3.0380E+01  3.0024E+01
4.3930E-03  3.0340E+01  2.9984E+01
4.3951E-03  3.0301E+01  2.9945E+01
4.3972E-03  3.0262E+01  2.9906E+01
4.3993E-03  3.0223E+01  2.9867E+01
4.4014E-03  3.0185E+01  2.9829E+01
4.4035E-03  3.0146E+01  2.9790E+01
4.4056E-03  3.0109E+01  2.9753E+01
4.4077E-03  3.0074E+01  2.9718E+01
4.4098E-03  3.0032E+01  2.9675E+01
4.4119E-03  2.9997E+01  2.9641E+01
4.4140E-03  2.9959E+01  2.9602E+01
4.4161E-03  2.9921E+01  2.9565E+01
4.4182E-03  2.9885E+01  2.9529E+01
4.4203E-03  2.9851E+01  2.9495E+01
4.4224E-03  2.9816E+01  2.9459E+01
4.4245E-03  2.9783E+01  2.9427E+01
4.4266E-03  2.9753E+01  2.9397E+01
4.4287E-03  2.9727E+01  2.9370E+01
4.4308E-03  2.9722E+01  2.9366E+01
4.4329E-03  2.9697E+01  2.9341E+01
4.4350E-03  2.9695E+01  2.9339E+01
4.4371E-03  2.9740E+01  2.9384E+01
4.4392E-03  2.9949E+01  2.9594E+01
4.4413E-03  3.1970E+01  3.1782E+01
4.4434E-03  3.6714E+01  3.6376E+01
4.4456E-03  3.3626E+01  3.3631E+01
4.4477E-03  3.0736E+01  3.0381E+01
4.4498E-03  3.6858E+01  4.2454E+01
4.4519E-03  1.4132E+02  1.5911E+02
4.4540E-03  3.8283E+01  5.3115E+01
4.4561E-03  3.0104E+01  2.9753E+01
4.4583E-03  2.9513E+01  2.9157E+01
4.4604E-03  2.9318E+01  2.8962E+01
4.4625E-03  2.9211E+01  2.8855E+01
4.4646E-03  2.9136E+01  2.8780E+01
4.4667E-03  2.9077E+01  2.8721E+01
4.4689E-03  2.9026E+01  2.8670E+01
4.4710E-03  2.8980E+01  2.8624E+01
4.4731E-03  2.8937E+01  2.8580E+01
4.4752E-03  2.8897E+01  2.8541E+01
4.4774E-03  2.8859E+01  2.8502E+01
4.4795E-03  2.8977E+01  2.8621E+01
4.4816E-03  2.8857E+01  2.8502E+01
4.4838E-03  2.8748E+01  2.8391E+01
4.4859E-03  2.8714E+01  2.8358E+01
4.4880E-03  2.8683E+01  2.8327E+01
4.4902E-03  2.8656E+01  2.8300E+01
4.4923E-03  2.8636E+01  2.8280E+01
4.4944E-03  2.8632E+01  2.8276E+01
4.4966E-03  2.8680E+01  2.8324E+01
4.4987E-03  2.9152E+01  2.8807E+01
4.5008E-03  3.1613E+01  3.1274E+01
4.5030E-03  3.1223E+01  3.0896E+01
4.5051E-03  2.9164E+01  2.8810E+01
4.5073E-03  3.6990E+01  4.0669E+01
4.5094E-03  3.6842E+01  4.0271E+01
4.5115E-03  2.8806E+01  2.8454E+01
4.5137E-03  2.8614E+01  2.8259E+01
4.5158E-03  2.9528E+01  2.9175E+01
4.5180E-03  2.9295E+01  2.8945E+01
4.5201E-03  2.8319E+01  2.7963E+01
4.5223E-03  2.8163E+01  2.7807E+01
4.5244E-03  2.8103E+01  2.7746E+01
4.5266E-03  2.8058E+01  2.7702E+01
4.5287E-03  2.8025E+01  2.7668E+01
4.5309E-03  2.7982E+01  2.7625E+01
4.5330E-03  2.7946E+01  2.7590E+01
4.5352E-03  2.7910E+01  2.7553E+01
4.5373E-03  2.7875E+01  2.7519E+01
4.5395E-03  2.7842E+01  2.7485E+01
4.5417E-03  2.7812E+01  2.7456E+01
4.5438E-03  2.7777E+01  2.7421E+01
4.5460E-03  2.7746E+01  2.7390E+01
4.5481E-03  2.7718E+01  2.7362E+01
4.5503E-03  2.7694E+01  2.7337E+01
4.5525E-03  2.7671E+01  2.7315E+01
4.5546E-03  2.7650E+01  2.7294E+01
4.5568E-03  2.7630E+01  2.7274E+01
4.5590E-03  2.7611E+01  2.7254E+01
4.5611E-03  2.7592E+01  2.7236E+01
4.5633E-03  2.7574E+01  2.7217E+01
4.5655E-03  2.7555E+01  2.7199E+01
4.5676E-03  2.7536E+01  2.7180E+01
4.5698E-03  2.7518E+01  2.7161E+01
4.5720E-03  2.7498E+01  2.7142E+01
4.5742E-03  2.7479E+01  2.7122E+01
4.5763E-03  2.7459E+01  2.7102E+01
4.5785E-03  2.7438E+01  2.7081E+01
4.5807E-03  2.7416E+01  2.7059E+01
4.5829E-03  2.7387E+01  2.7031E+01
4.5850E-03  2.7356E+01  2.7000E+01
4.5872E-03  2.7325E+01  2.6969E+01
4.5894E-03  2.7295E+01  2.6939E+01
4.5916E-03  2.7267E+01  2.6911E+01
4.5938E-03  2.7242E+01  2.6886E+01
4.5959E-03  2.7222E+01  2.6866E+01
4.5981E-03  2.7216E+01  2.6860E+01
4.6003E-03  2.7250E+01  2.6894E+01
4.6025E-03  2.7481E+01  2.7127E+01
4.6047E-03  3.0417E+01  3.0418E+01
4.6069E-03  3.0682E+01  3.0632E+01
4.6091E-03  2.7582E+01  2.7231E+01
4.6113E-03  2.7119E+01  2.6763E+01
4.6135E-03  2.6999E+01  2.6643E+01
4.6156E-03  2.6935E+01  2.6579E+01
4.6178E-03  2.6887E+01  2.6531E+01
4.6200E-03  2.6846E+01  2.6490E+01
4.6222E-03  2.6809E+01  2.6453E+01
4.6244E-03  2.6788E+01  2.6431E+01
4.6266E-03  2.6819E+01  2.6462E+01
4.6288E-03  2.6710E+01  2.6353E+01
4.6310E-03  2.6672E+01  2.6316E+01
4.6332E-03  2.6639E+01  2.6283E+01
4.6354E-03  2.6607E+01  2.6251E+01
4.6376E-03  2.6575E+01  2.6219E+01
4.6398E-03  2.6544E+01  2.6187E+01
4.6420E-03  2.6511E+01  2.6155E+01
4.6443E-03  2.6480E+01  2.6124E+01
4.6465E-03  2.6449E+01  2.6093E+01
4.6487E-03  2.6418E+01  2.6062E+01
4.6509E-03  2.6388E+01  2.6032E+01
4.6531E-03  2.6360E+01  2.6003E+01
4.6553E-03  2.6331E+01  2.5975E+01
4.6575E-03  2.6302E+01  2.5945E+01
4.6597E-03  2.6277E+01  2.5920E+01
4.6619E-03  2.6255E+01  2.5899E+01
4.6642E-03  2.6243E+01  2.5886E+01
4.6664E-03  2.6252E+01  2.5895E+01
4.6686E-03  2.6329E+01  2.5973E+01
4.6708E-03  2.6811E+01  2.6460E+01
4.6730E-03  2.8798E+01  2.8468E+01
4.6753E-03  2.7185E+01  2.6845E+01
4.6775E-03  2.6293E+01  2.5937E+01
4.6797E-03  2.6088E+01  2.5731E+01
4.6819E-03  2.6004E+01  2.5648E+01
4.6842E-03  2.5950E+01  2.5594E+01
4.6864E-03  2.5907E+01  2.5551E+01
4.6886E-03  2.5871E+01  2.5515E+01
4.6908E-03  2.5838E+01  2.5482E+01
4.6931E-03  2.5803E+01  2.5446E+01
4.6953E-03  2.5771E+01  2.5414E+01
4.6975E-03  2.5745E+01  2.5388E+01
4.6998E-03  2.5740E+01  2.5384E+01
4.7020E-03  2.5683E+01  2.5327E+01
4.7042E-03  2.5655E+01  2.5299E+01
4.7065E-03  2.5632E+01  2.5276E+01
4.7087E-03  2.5615E+01  2.5258E+01
4.7110E-03  2.5609E+01  2.5253E+01
4.7132E-03  2.5635E+01  2.5278E+01
4.7154E-03  2.5762E+01  2.5406E+01
4.7177E-03  2.6314E+01  2.5961E+01
4.7199E-03  2.7112E+01  2.6760E+01
4.7222E-03  2.5985E+01  2.5634E+01
4.7244E-03  2.5548E+01  2.5192E+01
4.7266E-03  2.5422E+01  2.5065E+01
4.7289E-03  2.5355E+01  2.4999E+01
4.7311E-03  2.5308E+01  2.4952E+01
4.7334E-03  2.5271E+01  2.4915E+01
4.7356E-03  2.5242E+01  2.4885E+01
4.7379E-03  2.5209E+01  2.4853E+01
4.7401E-03  2.5182E+01  2.4826E+01
4.7424E-03  2.5164E+01  2.4808E+01
4.7447E-03  2.5160E+01  2.4803E+01
4.7469E-03  2.5187E+01  2.4830E+01
4.7492E-03  2.5295E+01  2.4939E+01
4.7514E-03  2.5537E+01  2.5181E+01
4.7537E-03  2.5396E+01  2.5040E+01
4.7559E-03  2.5141E+01  2.4785E+01
4.7582E-03  2.5007E+01  2.4650E+01
4.7605E-03  2.4932E+01  2.4575E+01
4.7627E-03  2.4881E+01  2.4524E+01
4.7650E-03  2.4839E+01  2.4482E+01
4.7673E-03  2.4801E+01  2.4445E+01
4.7695E-03  2.4766E+01  2.4410E+01
4.7718E-03  2.4733E+01  2.4377E+01
4.7741E-03  2.4702E+01  2.4345E+01
4.7763E-03  2.4670E+01  2.4313E+01
4.7786E-03  2.4638E+01  2.4282E+01
4.7809E-03  2.4607E+01  2.4251E+01
4.7831E-03  2.4577E+01  2.4220E+01
4.7854E-03  2.4547E+01  2.4190E+01
4.7877E-03  2.4516E+01  2.4160E+01
4.7900E-03  2.4486E+01  2.4130E+01
4.7922E-03  2.4456E+01  2.4099E+01
4.7945E-03  2.4428E+01  2.4071E+01
4.7968E-03  2.4397E+01  2.4040E+01
4.7991E-03  2.4367E+01  2.4010E+01
4.8014E-03  2.4337E+01  2.3980E+01
4.8037E-03  2.4308E+01  2.3951E+01
4.8059E-03  2.4278E+01  2.3921E+01
4.8082E-03  2.4248E+01  2.3892E+01
4.8105E-03  2.4219E+01  2.3862E+01
4.8128E-03  2.4189E+01  2.3832E+01
4.8151E-03  2.4160E+01  2.3803E+01
4.8174E-03  2.4131E+01  2.3774E+01
4.8197E-03  2.4104E+01  2.3747E+01
4.8220E-03  2.4074E+01  2.3717E+01
4.8242E-03  2.4044E+01  2.3687E+01
4.8265E-03  2.4030E+01  2.3673E+01
4.8288E-03  2.3990E+01  2.3633E+01
4.8311E-03  2.3955E+01  2.3598E+01
4.8334E-03  2.3926E+01  2.3569E+01
4.8357E-03  2.3897E+01  2.3540E+01
4.8380E-03  2.3868E+01  2.3511E+01
4.8403E-03  2.3839E+01  2.3482E+01
4.8426E-03  2.3810E+01  2.3453E+01
4.8449E-03  2.3790E+01  2.3433E+01
4.8472E-03  2.3757E+01  2.3401E+01
4.8495E-03  2.3723E+01  2.3367E+01
4.8518E-03  2.3694E+01  2.3338E+01
4.8541E-03  2.3669E+01  2.3312E+01
4.8565E-03  2.3639E+01  2.3283E+01
4.8588E-03  2.3609E+01  2.3252E+01
4.8611E-03  2.3584E+01  2.3227E+01
4.8634E-03  2.3554E+01  2.3197E+01
4.8657E-03  2.3523E+01  2.3166E+01
4.8680E-03  2.3494E+01  2.3137E+01
4.8703E-03  2.3465E+01  2.3109E+01
4.8726E-03  2.3437E+01  2.3080E+01
4.8750E-03  2.3408E+01  2.3052E+01
4.8773E-03  2.3380E+01  2.3023E+01
4.8796E-03  2.3352E+01  2.2995E+01
4.8819E-03  2.3323E+01  2.2966E+01
4.8842E-03  2.3295E+01  2.2938E+01
4.8865E-03  2.3267E+01  2.2910E+01
4.8889E-03  2.3238E+01  2.2882E+01
4.8912E-03  2.3210E+01  2.2853E+01
4.8935E-03  2.3182E+01  2.2825E+01
4.8958E-03  2.3154E+01  2.2797E+01
4.8982E-03  2.3127E+01  2.2770E+01
4.9005E-03  2.3104E+01  2.2747E+01
4.9028E-03  2.3072E+01  2.2715E+01
4.9052E-03  2.3041E+01  2.2685E+01
4.9075E-03  2.3013E+01  2.2657E+01
4.9098E-03  2.2985E+01  2.2629E+01
4.9122E-03  2.2957E+01  2.2601E+01
4.9145E-03  2.2929E+01  2.2573E+01
4.9168E-03  2.2901E+01  2.2545E+01
4.9192E-03  2.2874E+01  2.2517E+01
4.9215E-03  2.2846E+01  2.2489E+01
4.9239E-03  2.2818E+01  2.2461E+01
4.9262E-03  2.2790E+01  2.2433E+01
4.9285E-03  2.2762E+01  2.2405E+01
4.9309E-03  2.2735E+01  2.2378E+01
4.9332E-03  2.2707E+01  2.2350E+01
4.9356E-03  2.2679E+01  2.2322E+01
4.9379E-03  2.2651E+01  2.2295E+01
4.9403E-03  2.2624E+01  2.2267E+01
4.9426E-03  2.2596E+01  2.2239E+01
4.9450E-03  2.2569E+01  2.2212E+01
4.9473E-03  2.2541E+01  2.2184E+01
4.9497E-03  2.2514E+01  2.2157E+01
4.9520E-03  2.2486E+01  2.2129E+01
4.9544E-03  2.2459E+01  2.2102E+01
4.9567E-03  2.2435E+01  2.2078E+01
4.9591E-03  2.2412E+01  2.2055E+01
4.9614E-03  2.2380E+01  2.2023E+01
4.9638E-03  2.2370E+01  2.2013E+01
4.9662E-03  2.2323E+01  2.1966E+01
4.9685E-03  2.2294E+01  2.1937E+01
4.9709E-03  2.2266E+01  2.1909E+01
4.9732E-03  2.2239E+01  2.1882E+01
4.9756E-03  2.2212E+01  2.1855E+01
4.9780E-03  2.2185E+01  2.1828E+01
4.9803E-03  2.2158E+01  2.1801E+01
4.9827E-03  2.2131E+01  2.1774E+01
4.9851E-03  2.2105E+01  2.1748E+01
4.9874E-03  2.2076E+01  2.1719E+01
4.9898E-03  2.2050E+01  2.1693E+01
4.9922E-03  2.2031E+01  2.1674E+01
4.9946E-03  2.1995E+01  2.1638E+01
4.9969E-03  2.1968E+01  2.1611E+01
4.9993E-03  2.1941E+01  2.1584E+01
5.0017E-03  2.1913E+01  2.1556E+01
5.0041E-03  2.1893E+01  2.1536E+01
5.0064E-03  2.1863E+01  2.1506E+01
5.0088E-03  2.1832E+01  2.1475E+01
5.0112E-03  2.1807E+01  2.1450E+01
5.0136E-03  2.1778E+01  2.1421E+01
5.0160E-03  2.1752E+01  2.1395E+01
5.0184E-03  2.1724E+01  2.1367E+01
5.0207E-03  2.1697E+01  2.1340E+01
5.0231E-03  2.1670E+01  2.1313E+01
5.0255E-03  2.1643E+01  2.1286E+01
5.0279E-03  2.1616E+01  2.1259E+01
5.0303E-03  2.1589E+01  2.1232E+01
5.0327E-03  2.1562E+01  2.1205E+01
5.0351E-03  2.1536E+01  2.1179E+01
5.0375E-03  2.1512E+01  2.1155E+01
5.0399E-03  2.1482E+01  2.1125E+01
5.0423E-03  2.1455E+01  2.1098E+01
5.0447E-03  2.1428E+01  2.1071E+01
5.0471E-03  2.1402E+01  2.1045E+01
5.0495E-03  2.1375E+01  2.1018E+01
5.0519E-03  2.1349E+01  2.0992E+01
5.0543E-03  2.1322E+01  2.0964E+01
5.0567E-03  2.1295E+01  2.0938E+01
5.0591E-03  2.1268E+01  2.0911E+01
5.0615E-03  2.1241E+01  2.0884E+01
5.0639E-03  2.1215E+01  2.0858E+01
5.0663E-03  2.1188E+01  2.0831E+01
5.0687E-03  2.1162E+01  2.0805E+01
5.0711E-03  2.1136E+01  2.0779E+01
5.0735E-03  2.1112E+01  2.0755E+01
5.0759E-03  2.1083E+01  2.0726E+01
5.0783E-03  2.1056E+01  2.0699E+01
5.0808E-03  2.1029E+01  2.0672E+01
5.0832E-03  2.1002E+01  2.0645E+01
5.0856E-03  2.0976E+01  2.0619E+01
5.0880E-03  2.0950E+01  2.0592E+01
5.0904E-03  2.0923E+01  2.0566E+01
5.0928E-03  2.0897E+01  2.0540E+01
5.0953E-03  2.0870E+01  2.0513E+01
5.0977E-03  2.0844E+01  2.0487E+01
5.1001E-03  2.0818E+01  2.0461E+01
5.1025E-03  2.0792E+01  2.0435E+01
5.1050E-03  2.0766E+01  2.0408E+01
5.1074E-03  2.0739E+01  2.0382E+01
5.1098E-03  2.0713E+01  2.0356E+01
5.1122E-03  2.0688E+01  2.0331E+01
5.1147E-03  2.0664E+01  2.0307E+01
5.1171E-03  2.0646E+01  2.0289E+01
5.1195E-03  2.1473E+01  2.1210E+01
5.1220E-03  2.3060E+01  2.2915E+01
5.1244E-03  2.0592E+01  2.0235E+01
5.1268E-03  2.0537E+01  2.0180E+01
5.1293E-03  2.0505E+01  2.0148E+01
5.1317E-03  2.0477E+01  2.0120E+01
5.1342E-03  2.0450E+01  2.0093E+01
5.1366E-03  2.0424E+01  2.0067E+01
5.1390E-03  2.0397E+01  2.0040E+01
5.1415E-03  2.0371E+01  2.0014E+01
5.1439E-03  2.0345E+01  1.9988E+01
5.1464E-03  2.0318E+01  1.9961E+01
5.1488E-03  2.0292E+01  1.9935E+01
5.1513E-03  2.0266E+01  1.9909E+01
5.1537E-03  2.0240E+01  1.9883E+01
5.1562E-03  2.0214E+01  1.9857E+01
5.1586E-03  2.0188E+01  1.9830E+01
5.1611E-03  2.0162E+01  1.9804E+01
5.1635E-03  2.0141E+01  1.9783E+01
5.1660E-03  2.0112E+01  1.9755E+01
5.1684E-03  2.0083E+01  1.9726E+01
5.1709E-03  2.0057E+01  1.9700E+01
5.1733E-03  2.0031E+01  1.9674E+01
5.1758E-03  2.0005E+01  1.9648E+01
5.1783E-03  1.9979E+01  1.9622E+01
5.1807E-03  1.9954E+01  1.9597E+01
5.1832E-03  1.9928E+01  1.9570E+01
5.1857E-03  1.9901E+01  1.9544E+01
5.1881E-03  1.9875E+01  1.9518E+01
5.1906E-03  1.9850E+01  1.9493E+01
5.1931E-03  1.9823E+01  1.9466E+01
5.1955E-03  1.9797E+01  1.9440E+01
5.1980E-03  1.9772E+01  1.9414E+01
5.2005E-03  1.9746E+01  1.9388E+01
5.2029E-03  1.9720E+01  1.9363E+01
5.2054E-03  1.9695E+01  1.9337E+01
5.2079E-03  1.9669E+01  1.9312E+01
5.2104E-03  1.9649E+01  1.9292E+01
5.2128E-03  1.9620E+01  1.9263E+01
5.2153E-03  1.9591E+01  1.9233E+01
5.2178E-03  1.9565E+01  1.9207E+01
5.2203E-03  1.9539E+01  1.9181E+01
5.2228E-03  1.9513E+01  1.9156E+01
5.2252E-03  1.9487E+01  1.9130E+01
5.2277E-03  1.9461E+01  1.9104E+01
5.2302E-03  1.9436E+01  1.9079E+01
5.2327E-03  1.9412E+01  1.9055E+01
5.2352E-03  1.9386E+01  1.9028E+01
5.2377E-03  1.9358E+01  1.9001E+01
5.2402E-03  1.9332E+01  1.8975E+01
5.2427E-03  1.9306E+01  1.8949E+01
5.2451E-03  1.9281E+01  1.8923E+01
5.2476E-03  1.9255E+01  1.8898E+01
5.2501E-03  1.9230E+01  1.8872E+01
5.2526E-03  1.9203E+01  1.8846E+01
5.2551E-03  1.9178E+01  1.8820E+01
5.2576E-03  1.9152E+01  1.8795E+01
5.2601E-03  1.9128E+01  1.8770E+01
5.2626E-03  1.9103E+01  1.8746E+01
5.2651E-03  1.9076E+01  1.8718E+01
5.2676E-03  1.9049E+01  1.8692E+01
5.2701E-03  1.9023E+01  1.8666E+01
5.2726E-03  1.8998E+01  1.8640E+01
5.2751E-03  1.8972E+01  1.8615E+01
5.2777E-03  1.8946E+01  1.8589E+01
5.2802E-03  1.8921E+01  1.8563E+01
5.2827E-03  1.8895E+01  1.8538E+01
5.2852E-03  1.8870E+01  1.8512E+01
5.2877E-03  1.8844E+01  1.8487E+01
5.2902E-03  1.8819E+01  1.8461E+01
5.2927E-03  1.8793E+01  1.8436E+01
5.2952E-03  1.8767E+01  1.8410E+01
5.2978E-03  1.8742E+01  1.8384E+01
5.3003E-03  1.8716E+01  1.8359E+01
5.3028E-03  1.8691E+01  1.8333E+01
5.3053E-03  1.8665E+01  1.8308E+01
5.3078E-03  1.8639E+01  1.8282E+01
5.3104E-03  1.8614E+01  1.8257E+01
5.3129E-03  1.8588E+01  1.8231E+01
5.3154E-03  1.8563E+01  1.8206E+01
5.3179E-03  1.8537E+01  1.8180E+01
5.3205E-03  1.8512E+01  1.8154E+01
5.3230E-03  1.8486E+01  1.8128E+01
5.3255E-03  1.8460E+01  1.8103E+01
5.3281E-03  1.8435E+01  1.8077E+01
5.3306E-03  1.8409E+01  1.8052E+01
5.3331E-03  1.8384E+01  1.8026E+01
5.3357E-03  1.8358E+01  1.8001E+01
5.3382E-03  1.8332E+01  1.7975E+01
5.3407E-03  1.8308E+01  1.7950E+01
5.3433E-03  1.8294E+01  1.7936E+01
5.3458E-03  1.8263E+01  1.7906E+01
5.3484E-03  1.8231E+01  1.7873E+01
5.3509E-03  1.8205E+01  1.7848E+01
5.3534E-03  1.8180E+01  1.7822E+01
5.3560E-03  1.8154E+01  1.7797E+01
5.3585E-03  1.8129E+01  1.7772E+01
5.3611E-03  1.8107E+01  1.7749E+01
5.3636E-03  1.8086E+01  1.7729E+01
5.3662E-03  1.8060E+01  1.7703E+01
5.3687E-03  1.8039E+01  1.7681E+01
5.3713E-03  1.8035E+01  1.7678E+01
5.3738E-03  1.7982E+01  1.7624E+01
5.3764E-03  1.7961E+01  1.7604E+01
5.3790E-03  1.8000E+01  1.7643E+01
5.3815E-03  1.8157E+01  1.7800E+01
5.3841E-03  1.7930E+01  1.7573E+01
5.3866E-03  1.7857E+01  1.7500E+01
5.3892E-03  1.7827E+01  1.7470E+01
5.3917E-03  1.7800E+01  1.7443E+01
5.3943E-03  1.7774E+01  1.7417E+01
5.3969E-03  1.7753E+01  1.7396E+01
5.3994E-03  1.7723E+01  1.7366E+01
5.4020E-03  1.7711E+01  1.7354E+01
5.4046E-03  1.7674E+01  1.7316E+01
5.4071E-03  1.7646E+01  1.7288E+01
5.4097E-03  1.7621E+01  1.7263E+01
5.4123E-03  1.7595E+01  1.7238E+01
5.4149E-03  1.7570E+01  1.7212E+01
5.4174E-03  1.7544E+01  1.7187E+01
5.4200E-03  1.7519E+01  1.7161E+01
5.4226E-03  1.7493E+01  1.7136E+01
5.4252E-03  1.7470E+01  1.7113E+01
5.4277E-03  1.7443E+01  1.7085E+01
5.4303E-03  1.7417E+01  1.7060E+01
5.4329E-03  1.7392E+01  1.7034E+01
5.4355E-03  1.7367E+01  1.7009E+01
5.4381E-03  1.7342E+01  1.6984E+01
5.4407E-03  1.7324E+01  1.6966E+01
5.4432E-03  1.7297E+01  1.6940E+01
5.4458E-03  1.7270E+01  1.6912E+01
5.4484E-03  1.7248E+01  1.6890E+01
5.4510E-03  1.7222E+01  1.6864E+01
5.4536E-03  1.7192E+01  1.6835E+01
5.4562E-03  1.7167E+01  1.6810E+01
5.4588E-03  1.7142E+01  1.6785E+01
5.4614E-03  1.7118E+01  1.6760E+01
5.4640E-03  1.7093E+01  1.6736E+01
5.4666E-03  1.7071E+01  1.6713E+01
5.4692E-03  1.7045E+01  1.6687E+01
5.4718E-03  1.7021E+01  1.6663E+01
5.4744E-03  1.6999E+01  1.6642E+01
5.4770E-03  1.6976E+01  1.6618E+01
5.4796E-03  1.6958E+01  1.6601E+01
5.4822E-03  1.6925E+01  1.6567E+01
5.4848E-03  1.6901E+01  1.6543E+01
5.4874E-03  1.6878E+01  1.6520E+01
5.4900E-03  1.6854E+01  1.6497E+01
5.4926E-03  1.6830E+01  1.6473E+01
5.4952E-03  1.6807E+01  1.6449E+01
5.4978E-03  1.6784E+01  1.6426E+01
5.5005E-03  1.6761E+01  1.6404E+01
5.5031E-03  1.6738E+01  1.6380E+01
5.5057E-03  1.6714E+01  1.6356E+01
5.5083E-03  1.6691E+01  1.6334E+01
5.5109E-03  1.6669E+01  1.6311E+01
5.5135E-03  1.6645E+01  1.6288E+01
5.5162E-03  1.6622E+01  1.6265E+01
5.5188E-03  1.6600E+01  1.6242E+01
5.5214E-03  1.6577E+01  1.6220E+01
5.5240E-03  1.6554E+01  1.6197E+01
5.5267E-03  1.6532E+01  1.6174E+01
5.5293E-03  1.6510E+01  1.6152E+01
5.5319E-03  1.6487E+01  1.6130E+01
5.5346E-03  1.6465E+01  1.6108E+01
5.5372E-03  1.6443E+01  1.6085E+01
5.5398E-03  1.6421E+01  1.6064E+01
5.5424E-03  1.6399E+01  1.6042E+01
5.5451E-03  1.6378E+01  1.6020E+01
5.5477E-03  1.6356E+01  1.5998E+01
5.5504E-03  1.6335E+01  1.5977E+01
5.5530E-03  1.6316E+01  1.5958E+01
5.5556E-03  1.6305E+01  1.5947E+01
5.5583E-03  1.6498E+01  1.6145E+01
5.5609E-03  1.6630E+01  1.6281E+01
5.5636E-03  1.6242E+01  1.5884E+01
5.5662E-03  1.6207E+01  1.5850E+01
5.5689E-03  1.6183E+01  1.5826E+01
5.5715E-03  1.6161E+01  1.5803E+01
5.5741E-03  1.6139E+01  1.5781E+01
5.5768E-03  1.6117E+01  1.5760E+01
5.5795E-03  1.6096E+01  1.5738E+01
5.5821E-03  1.6074E+01  1.5717E+01
5.5848E-03  1.6053E+01  1.5696E+01
5.5874E-03  1.6032E+01  1.5675E+01
5.5901E-03  1.6011E+01  1.5653E+01
5.5927E-03  1.5990E+01  1.5633E+01
5.5954E-03  1.5970E+01  1.5612E+01
5.5980E-03  1.5949E+01  1.5591E+01
5.6007E-03  1.5928E+01  1.5570E+01
5.6034E-03  1.5909E+01  1.5552E+01
5.6060E-03  1.5889E+01  1.5531E+01
5.6087E-03  1.5866E+01  1.5508E+01
5.6114E-03  1.5845E+01  1.5487E+01
5.6140E-03  1.5825E+01  1.5467E+01
5.6167E-03  1.5805E+01  1.5447E+01
5.6194E-03  1.5784E+01  1.5426E+01
5.6220E-03  1.5763E+01  1.5406E+01
5.6247E-03  1.5744E+01  1.5386E+01
5.6274E-03  1.5724E+01  1.5367E+01
5.6301E-03  1.5703E+01  1.5345E+01
5.6327E-03  1.5683E+01  1.5325E+01
5.6354E-03  1.5663E+01  1.5306E+01
5.6381E-03  1.5643E+01  1.5286E+01
5.6408E-03  1.5623E+01  1.5265E+01
5.6435E-03  1.5607E+01  1.5249E+01