Number of T =   1  Number of rho =   1  Number of materials =   9
TOPS results for  phW11T1         on Sep 19, 2026
Opacities in cm**2/gm, T in keV, density in gm/cc
Normalized composition for requested elements
No. Fraction Mass Fraction  At. No.  Chem. Sym.  Mat ID.
9.7044E-01   8.8941E-01      1         H         4525
2.9297E-02   1.0664E-01      2         He        4675
2.4325E-06   2.6953E-05      6         C         4387
1.1017E-04   1.4030E-03      7         N         4005
8.3156E-05   1.2116E-03      8         O         4105
2.5313E-09   4.3732E-08      9         F         4405
2.2228E-05   4.0413E-04     10         Ne        4145
4.1339E-05   9.0165E-04     12         Mg        4682
2.1699E-07   7.8856E-06     20         Ca        2302
Temperature grid used the following   1 points
2.0000E-03
Density grid used the following   1 points
1.9163E-09
Photon grid used the following 999 points
5.6461E-03  5.6488E-03  5.6515E-03  5.6542E-03  5.6569E-03  5.6596E-03
5.6623E-03  5.6650E-03  5.6677E-03  5.6703E-03  5.6730E-03  5.6757E-03
5.6784E-03  5.6811E-03  5.6838E-03  5.6865E-03  5.6892E-03  5.6919E-03
5.6947E-03  5.6974E-03  5.7001E-03  5.7028E-03  5.7055E-03  5.7082E-03
5.7109E-03  5.7136E-03  5.7163E-03  5.7191E-03  5.7218E-03  5.7245E-03
5.7272E-03  5.7299E-03  5.7327E-03  5.7354E-03  5.7381E-03  5.7408E-03
5.7436E-03  5.7463E-03  5.7490E-03  5.7518E-03  5.7545E-03  5.7572E-03
5.7600E-03  5.7627E-03  5.7655E-03  5.7682E-03  5.7709E-03  5.7737E-03
5.7764E-03  5.7792E-03  5.7819E-03  5.7847E-03  5.7874E-03  5.7902E-03
5.7929E-03  5.7957E-03  5.7984E-03  5.8012E-03  5.8040E-03  5.8067E-03
5.8095E-03  5.8122E-03  5.8150E-03  5.8178E-03  5.8205E-03  5.8233E-03
5.8261E-03  5.8288E-03  5.8316E-03  5.8344E-03  5.8371E-03  5.8399E-03
5.8427E-03  5.8455E-03  5.8483E-03  5.8510E-03  5.8538E-03  5.8566E-03
5.8594E-03  5.8622E-03  5.8650E-03  5.8677E-03  5.8705E-03  5.8733E-03
5.8761E-03  5.8789E-03  5.8817E-03  5.8845E-03  5.8873E-03  5.8901E-03
5.8929E-03  5.8957E-03  5.8985E-03  5.9013E-03  5.9041E-03  5.9069E-03
5.9097E-03  5.9125E-03  5.9153E-03  5.9182E-03  5.9210E-03  5.9238E-03
5.9266E-03  5.9294E-03  5.9322E-03  5.9351E-03  5.9379E-03  5.9407E-03
5.9435E-03  5.9464E-03  5.9492E-03  5.9520E-03  5.9548E-03  5.9577E-03
5.9605E-03  5.9633E-03  5.9662E-03  5.9690E-03  5.9718E-03  5.9747E-03
5.9775E-03  5.9804E-03  5.9832E-03  5.9861E-03  5.9889E-03  5.9917E-03
5.9946E-03  5.9974E-03  6.0003E-03  6.0031E-03  6.0060E-03  6.0089E-03
6.0117E-03  6.0146E-03  6.0174E-03  6.0203E-03  6.0232E-03  6.0260E-03
6.0289E-03  6.0317E-03  6.0346E-03  6.0375E-03  6.0404E-03  6.0432E-03
6.0461E-03  6.0490E-03  6.0518E-03  6.0547E-03  6.0576E-03  6.0605E-03
6.0634E-03  6.0662E-03  6.0691E-03  6.0720E-03  6.0749E-03  6.0778E-03
6.0807E-03  6.0836E-03  6.0865E-03  6.0894E-03  6.0923E-03  6.0951E-03
6.0980E-03  6.1009E-03  6.1038E-03  6.1067E-03  6.1096E-03  6.1126E-03
6.1155E-03  6.1184E-03  6.1213E-03  6.1242E-03  6.1271E-03  6.1300E-03
6.1329E-03  6.1358E-03  6.1388E-03  6.1417E-03  6.1446E-03  6.1475E-03
6.1504E-03  6.1534E-03  6.1563E-03  6.1592E-03  6.1621E-03  6.1651E-03
6.1680E-03  6.1709E-03  6.1739E-03  6.1768E-03  6.1797E-03  6.1827E-03
6.1856E-03  6.1886E-03  6.1915E-03  6.1944E-03  6.1974E-03  6.2003E-03
6.2033E-03  6.2062E-03  6.2092E-03  6.2121E-03  6.2151E-03  6.2180E-03
6.2210E-03  6.2240E-03  6.2269E-03  6.2299E-03  6.2328E-03  6.2358E-03
6.2388E-03  6.2417E-03  6.2447E-03  6.2477E-03  6.2506E-03  6.2536E-03
6.2566E-03  6.2596E-03  6.2625E-03  6.2655E-03  6.2685E-03  6.2715E-03
6.2744E-03  6.2774E-03  6.2804E-03  6.2834E-03  6.2864E-03  6.2894E-03
6.2924E-03  6.2954E-03  6.2983E-03  6.3013E-03  6.3043E-03  6.3073E-03
6.3103E-03  6.3133E-03  6.3163E-03  6.3193E-03  6.3223E-03  6.3253E-03
6.3284E-03  6.3314E-03  6.3344E-03  6.3374E-03  6.3404E-03  6.3434E-03
6.3464E-03  6.3494E-03  6.3525E-03  6.3555E-03  6.3585E-03  6.3615E-03
6.3646E-03  6.3676E-03  6.3706E-03  6.3736E-03  6.3767E-03  6.3797E-03
6.3827E-03  6.3858E-03  6.3888E-03  6.3918E-03  6.3949E-03  6.3979E-03
6.4010E-03  6.4040E-03  6.4070E-03  6.4101E-03  6.4131E-03  6.4162E-03
6.4192E-03  6.4223E-03  6.4253E-03  6.4284E-03  6.4314E-03  6.4345E-03
6.4376E-03  6.4406E-03  6.4437E-03  6.4468E-03  6.4498E-03  6.4529E-03
6.4559E-03  6.4590E-03  6.4621E-03  6.4652E-03  6.4682E-03  6.4713E-03
6.4744E-03  6.4775E-03  6.4805E-03  6.4836E-03  6.4867E-03  6.4898E-03
6.4929E-03  6.4960E-03  6.4991E-03  6.5021E-03  6.5052E-03  6.5083E-03
6.5114E-03  6.5145E-03  6.5176E-03  6.5207E-03  6.5238E-03  6.5269E-03
6.5300E-03  6.5331E-03  6.5362E-03  6.5393E-03  6.5424E-03  6.5455E-03
6.5487E-03  6.5518E-03  6.5549E-03  6.5580E-03  6.5611E-03  6.5642E-03
6.5674E-03  6.5705E-03  6.5736E-03  6.5767E-03  6.5799E-03  6.5830E-03
6.5861E-03  6.5892E-03  6.5924E-03  6.5955E-03  6.5986E-03  6.6018E-03
6.6049E-03  6.6081E-03  6.6112E-03  6.6143E-03  6.6175E-03  6.6206E-03
6.6238E-03  6.6269E-03  6.6301E-03  6.6332E-03  6.6364E-03  6.6395E-03
6.6427E-03  6.6459E-03  6.6490E-03  6.6522E-03  6.6553E-03  6.6585E-03
6.6617E-03  6.6648E-03  6.6680E-03  6.6712E-03  6.6744E-03  6.6775E-03
6.6807E-03  6.6839E-03  6.6871E-03  6.6902E-03  6.6934E-03  6.6966E-03
6.6998E-03  6.7030E-03  6.7061E-03  6.7093E-03  6.7125E-03  6.7157E-03
6.7189E-03  6.7221E-03  6.7253E-03  6.7285E-03  6.7317E-03  6.7349E-03
6.7381E-03  6.7413E-03  6.7445E-03  6.7477E-03  6.7509E-03  6.7541E-03
6.7573E-03  6.7606E-03  6.7638E-03  6.7670E-03  6.7702E-03  6.7734E-03
6.7766E-03  6.7799E-03  6.7831E-03  6.7863E-03  6.7895E-03  6.7928E-03
6.7960E-03  6.7992E-03  6.8025E-03  6.8057E-03  6.8089E-03  6.8122E-03
6.8154E-03  6.8186E-03  6.8219E-03  6.8251E-03  6.8284E-03  6.8316E-03
6.8349E-03  6.8381E-03  6.8414E-03  6.8446E-03  6.8479E-03  6.8511E-03
6.8544E-03  6.8576E-03  6.8609E-03  6.8642E-03  6.8674E-03  6.8707E-03
6.8740E-03  6.8772E-03  6.8805E-03  6.8838E-03  6.8870E-03  6.8903E-03
6.8936E-03  6.8969E-03  6.9001E-03  6.9034E-03  6.9067E-03  6.9100E-03
6.9133E-03  6.9166E-03  6.9198E-03  6.9231E-03  6.9264E-03  6.9297E-03
6.9330E-03  6.9363E-03  6.9396E-03  6.9429E-03  6.9462E-03  6.9495E-03
6.9528E-03  6.9561E-03  6.9594E-03  6.9627E-03  6.9660E-03  6.9694E-03
6.9727E-03  6.9760E-03  6.9793E-03  6.9826E-03  6.9859E-03  6.9893E-03
6.9926E-03  6.9959E-03  6.9992E-03  7.0026E-03  7.0059E-03  7.0092E-03
7.0125E-03  7.0159E-03  7.0192E-03  7.0226E-03  7.0259E-03  7.0292E-03
7.0326E-03  7.0359E-03  7.0393E-03  7.0426E-03  7.0460E-03  7.0493E-03
7.0527E-03  7.0560E-03  7.0594E-03  7.0627E-03  7.0661E-03  7.0694E-03
7.0728E-03  7.0762E-03  7.0795E-03  7.0829E-03  7.0863E-03  7.0896E-03
7.0930E-03  7.0964E-03  7.0997E-03  7.1031E-03  7.1065E-03  7.1099E-03
7.1133E-03  7.1166E-03  7.1200E-03  7.1234E-03  7.1268E-03  7.1302E-03
7.1336E-03  7.1370E-03  7.1404E-03  7.1437E-03  7.1471E-03  7.1505E-03
7.1539E-03  7.1573E-03  7.1607E-03  7.1641E-03  7.1676E-03  7.1710E-03
7.1744E-03  7.1778E-03  7.1812E-03  7.1846E-03  7.1880E-03  7.1914E-03
7.1949E-03  7.1983E-03  7.2017E-03  7.2051E-03  7.2085E-03  7.2120E-03
7.2154E-03  7.2188E-03  7.2223E-03  7.2257E-03  7.2291E-03  7.2326E-03
7.2360E-03  7.2394E-03  7.2429E-03  7.2463E-03  7.2498E-03  7.2532E-03
7.2567E-03  7.2601E-03  7.2636E-03  7.2670E-03  7.2705E-03  7.2739E-03
7.2774E-03  7.2809E-03  7.2843E-03  7.2878E-03  7.2912E-03  7.2947E-03
7.2982E-03  7.3016E-03  7.3051E-03  7.3086E-03  7.3121E-03  7.3155E-03
7.3190E-03  7.3225E-03  7.3260E-03  7.3295E-03  7.3329E-03  7.3364E-03
7.3399E-03  7.3434E-03  7.3469E-03  7.3504E-03  7.3539E-03  7.3574E-03
7.3609E-03  7.3644E-03  7.3679E-03  7.3714E-03  7.3749E-03  7.3784E-03
7.3819E-03  7.3854E-03  7.3889E-03  7.3924E-03  7.3960E-03  7.3995E-03
7.4030E-03  7.4065E-03  7.4100E-03  7.4135E-03  7.4171E-03  7.4206E-03
7.4241E-03  7.4277E-03  7.4312E-03  7.4347E-03  7.4383E-03  7.4418E-03
7.4453E-03  7.4489E-03  7.4524E-03  7.4560E-03  7.4595E-03  7.4630E-03
7.4666E-03  7.4701E-03  7.4737E-03  7.4772E-03  7.4808E-03  7.4844E-03
7.4879E-03  7.4915E-03  7.4950E-03  7.4986E-03  7.5022E-03  7.5057E-03
7.5093E-03  7.5129E-03  7.5164E-03  7.5200E-03  7.5236E-03  7.5272E-03
7.5307E-03  7.5343E-03  7.5379E-03  7.5415E-03  7.5451E-03  7.5487E-03
7.5522E-03  7.5558E-03  7.5594E-03  7.5630E-03  7.5666E-03  7.5702E-03
7.5738E-03  7.5774E-03  7.5810E-03  7.5846E-03  7.5882E-03  7.5918E-03
7.5954E-03  7.5991E-03  7.6027E-03  7.6063E-03  7.6099E-03  7.6135E-03
7.6171E-03  7.6208E-03  7.6244E-03  7.6280E-03  7.6316E-03  7.6353E-03
7.6389E-03  7.6425E-03  7.6462E-03  7.6498E-03  7.6534E-03  7.6571E-03
7.6607E-03  7.6643E-03  7.6680E-03  7.6716E-03  7.6753E-03  7.6789E-03
7.6826E-03  7.6862E-03  7.6899E-03  7.6935E-03  7.6972E-03  7.7009E-03
7.7045E-03  7.7082E-03  7.7118E-03  7.7155E-03  7.7192E-03  7.7229E-03
7.7265E-03  7.7302E-03  7.7339E-03  7.7375E-03  7.7412E-03  7.7449E-03
7.7486E-03  7.7523E-03  7.7560E-03  7.7596E-03  7.7633E-03  7.7670E-03
7.7707E-03  7.7744E-03  7.7781E-03  7.7818E-03  7.7855E-03  7.7892E-03
7.7929E-03  7.7966E-03  7.8003E-03  7.8040E-03  7.8077E-03  7.8114E-03
7.8152E-03  7.8189E-03  7.8226E-03  7.8263E-03  7.8300E-03  7.8338E-03
7.8375E-03  7.8412E-03  7.8449E-03  7.8487E-03  7.8524E-03  7.8561E-03
7.8599E-03  7.8636E-03  7.8673E-03  7.8711E-03  7.8748E-03  7.8786E-03
7.8823E-03  7.8861E-03  7.8898E-03  7.8936E-03  7.8973E-03  7.9011E-03
7.9048E-03  7.9086E-03  7.9123E-03  7.9161E-03  7.9199E-03  7.9236E-03
7.9274E-03  7.9312E-03  7.9349E-03  7.9387E-03  7.9425E-03  7.9463E-03
7.9500E-03  7.9538E-03  7.9576E-03  7.9614E-03  7.9652E-03  7.9689E-03
7.9727E-03  7.9765E-03  7.9803E-03  7.9841E-03  7.9879E-03  7.9917E-03
7.9955E-03  7.9993E-03  8.0031E-03  8.0069E-03  8.0107E-03  8.0145E-03
8.0183E-03  8.0221E-03  8.0260E-03  8.0298E-03  8.0336E-03  8.0374E-03
8.0412E-03  8.0451E-03  8.0489E-03  8.0527E-03  8.0565E-03  8.0604E-03
8.0642E-03  8.0680E-03  8.0719E-03  8.0757E-03  8.0795E-03  8.0834E-03
8.0872E-03  8.0911E-03  8.0949E-03  8.0988E-03  8.1026E-03  8.1065E-03
8.1103E-03  8.1142E-03  8.1180E-03  8.1219E-03  8.1258E-03  8.1296E-03
8.1335E-03  8.1374E-03  8.1412E-03  8.1451E-03  8.1490E-03  8.1528E-03
8.1567E-03  8.1606E-03  8.1645E-03  8.1684E-03  8.1722E-03  8.1761E-03
8.1800E-03  8.1839E-03  8.1878E-03  8.1917E-03  8.1956E-03  8.1995E-03
8.2034E-03  8.2073E-03  8.2112E-03  8.2151E-03  8.2190E-03  8.2229E-03
8.2268E-03  8.2307E-03  8.2346E-03  8.2385E-03  8.2424E-03  8.2464E-03
8.2503E-03  8.2542E-03  8.2581E-03  8.2621E-03  8.2660E-03  8.2699E-03
8.2738E-03  8.2778E-03  8.2817E-03  8.2857E-03  8.2896E-03  8.2935E-03
8.2975E-03  8.3014E-03  8.3054E-03  8.3093E-03  8.3133E-03  8.3172E-03
8.3212E-03  8.3251E-03  8.3291E-03  8.3330E-03  8.3370E-03  8.3410E-03
8.3449E-03  8.3489E-03  8.3529E-03  8.3568E-03  8.3608E-03  8.3648E-03
8.3688E-03  8.3727E-03  8.3767E-03  8.3807E-03  8.3847E-03  8.3887E-03
8.3927E-03  8.3967E-03  8.4006E-03  8.4046E-03  8.4086E-03  8.4126E-03
8.4166E-03  8.4206E-03  8.4246E-03  8.4286E-03  8.4326E-03  8.4367E-03
8.4407E-03  8.4447E-03  8.4487E-03  8.4527E-03  8.4567E-03  8.4608E-03
8.4648E-03  8.4688E-03  8.4728E-03  8.4769E-03  8.4809E-03  8.4849E-03
8.4889E-03  8.4930E-03  8.4970E-03  8.5011E-03  8.5051E-03  8.5091E-03
8.5132E-03  8.5172E-03  8.5213E-03  8.5253E-03  8.5294E-03  8.5334E-03
8.5375E-03  8.5416E-03  8.5456E-03  8.5497E-03  8.5537E-03  8.5578E-03
8.5619E-03  8.5660E-03  8.5700E-03  8.5741E-03  8.5782E-03  8.5823E-03
8.5863E-03  8.5904E-03  8.5945E-03  8.5986E-03  8.6027E-03  8.6068E-03
8.6109E-03  8.6149E-03  8.6190E-03  8.6231E-03  8.6272E-03  8.6313E-03
8.6354E-03  8.6395E-03  8.6437E-03  8.6478E-03  8.6519E-03  8.6560E-03
8.6601E-03  8.6642E-03  8.6683E-03  8.6725E-03  8.6766E-03  8.6807E-03
8.6848E-03  8.6890E-03  8.6931E-03  8.6972E-03  8.7014E-03  8.7055E-03
8.7096E-03  8.7138E-03  8.7179E-03  8.7221E-03  8.7262E-03  8.7304E-03
8.7345E-03  8.7387E-03  8.7428E-03  8.7470E-03  8.7511E-03  8.7553E-03
8.7595E-03  8.7636E-03  8.7678E-03  8.7720E-03  8.7761E-03  8.7803E-03
8.7845E-03  8.7886E-03  8.7928E-03  8.7970E-03  8.8012E-03  8.8054E-03
8.8096E-03  8.8137E-03  8.8179E-03  8.8221E-03  8.8263E-03  8.8305E-03
8.8347E-03  8.8389E-03  8.8431E-03  8.8473E-03  8.8515E-03  8.8557E-03
8.8599E-03  8.8642E-03  8.8684E-03  8.8726E-03  8.8768E-03  8.8810E-03
8.8852E-03  8.8895E-03  8.8937E-03  8.8979E-03  8.9022E-03  8.9064E-03
8.9106E-03  8.9149E-03  8.9191E-03  8.9233E-03  8.9276E-03  8.9318E-03
8.9361E-03  8.9403E-03  8.9446E-03  8.9488E-03  8.9531E-03  8.9573E-03
8.9616E-03  8.9658E-03  8.9701E-03  8.9744E-03  8.9786E-03  8.9829E-03
8.9872E-03  8.9914E-03  8.9957E-03  9.0000E-03  9.0043E-03  9.0086E-03
9.0128E-03  9.0171E-03  9.0214E-03  9.0257E-03  9.0300E-03  9.0343E-03
9.0386E-03  9.0429E-03  9.0472E-03  9.0515E-03  9.0558E-03  9.0601E-03
9.0644E-03  9.0687E-03  9.0730E-03
Rosseland and Planck opacities and free electrons
Density     Ross opa    Planck opa  No. Free    Av Sq Free  T=  2.0000E-03
1.9163E-09  3.5530E+00  4.0076E+02  9.9982E-01  1.0002E+00
Multigroup opacities
Energy      Ross mg     Planck mg    for T, density =   2.0000E-03  1.9163E-09
5.6461E-03  6.6205E+00  6.2581E+00
5.6488E-03  6.6166E+00  6.2542E+00
5.6515E-03  6.5925E+00  6.2301E+00
5.6542E-03  6.5856E+00  6.2232E+00
5.6569E-03  6.5674E+00  6.2050E+00
5.6596E-03  6.5615E+00  6.1992E+00
5.6623E-03  6.5542E+00  6.1918E+00
5.6650E-03  6.5545E+00  6.1921E+00
5.6677E-03  6.5445E+00  6.1822E+00
5.6703E-03  6.5308E+00  6.1685E+00
5.6730E-03  6.5251E+00  6.1627E+00
5.6757E-03  6.5197E+00  6.1573E+00
5.6784E-03  6.5056E+00  6.1432E+00
5.6811E-03  6.4963E+00  6.1339E+00
5.6838E-03  6.5129E+00  6.1506E+00
5.6865E-03  6.5651E+00  6.2029E+00
5.6892E-03  6.4796E+00  6.1172E+00
5.6919E-03  6.4630E+00  6.1006E+00
5.6947E-03  6.4545E+00  6.0921E+00
5.6974E-03  6.4468E+00  6.0844E+00
5.7001E-03  6.4448E+00  6.0824E+00
5.7028E-03  6.4367E+00  6.0743E+00
5.7055E-03  6.4258E+00  6.0634E+00
5.7082E-03  6.4172E+00  6.0548E+00
5.7109E-03  6.4108E+00  6.0484E+00
5.7136E-03  6.4028E+00  6.0404E+00
5.7163E-03  6.3942E+00  6.0318E+00
5.7191E-03  6.3870E+00  6.0246E+00
5.7218E-03  6.3808E+00  6.0184E+00
5.7245E-03  6.4511E+00  6.0898E+00
5.7272E-03  6.4840E+00  6.1233E+00
5.7299E-03  6.3667E+00  6.0043E+00
5.7327E-03  6.3556E+00  5.9932E+00
5.7354E-03  6.3533E+00  5.9909E+00
5.7381E-03  6.3402E+00  5.9778E+00
5.7408E-03  6.3314E+00  5.9690E+00
5.7436E-03  6.3213E+00  5.9589E+00
5.7463E-03  6.3126E+00  5.9501E+00
5.7490E-03  6.3068E+00  5.9443E+00
5.7518E-03  6.3064E+00  5.9440E+00
5.7545E-03  6.3036E+00  5.9412E+00
5.7572E-03  6.2847E+00  5.9222E+00
5.7600E-03  6.2763E+00  5.9139E+00
5.7627E-03  6.2738E+00  5.9113E+00
5.7655E-03  6.2660E+00  5.9036E+00
5.7682E-03  6.2554E+00  5.8930E+00
5.7709E-03  6.2487E+00  5.8862E+00
5.7737E-03  6.2460E+00  5.8836E+00
5.7764E-03  6.2373E+00  5.8749E+00
5.7792E-03  6.2307E+00  5.8683E+00
5.7819E-03  6.2224E+00  5.8599E+00
5.7847E-03  6.2120E+00  5.8495E+00
5.7874E-03  6.2034E+00  5.8409E+00
5.7902E-03  6.1968E+00  5.8343E+00
5.7929E-03  6.1903E+00  5.8278E+00
5.7957E-03  6.1889E+00  5.8265E+00
5.7984E-03  6.1808E+00  5.8183E+00
5.8012E-03  6.1738E+00  5.8113E+00
5.8040E-03  6.1692E+00  5.8067E+00
5.8067E-03  6.1627E+00  5.8003E+00
5.8095E-03  6.1586E+00  5.7961E+00
5.8122E-03  6.2977E+00  5.9397E+00
5.8150E-03  6.2898E+00  5.9323E+00
5.8178E-03  6.1272E+00  5.7647E+00
5.8205E-03  6.1196E+00  5.7571E+00
5.8233E-03  6.1210E+00  5.7586E+00
5.8261E-03  6.1126E+00  5.7501E+00
5.8288E-03  6.1044E+00  5.7419E+00
5.8316E-03  6.1082E+00  5.7457E+00
5.8344E-03  6.1074E+00  5.7449E+00
5.8371E-03  6.0900E+00  5.7275E+00
5.8399E-03  6.0839E+00  5.7214E+00
5.8427E-03  6.0781E+00  5.7156E+00
5.8455E-03  6.0634E+00  5.7010E+00
5.8483E-03  6.0486E+00  5.6861E+00
5.8510E-03  6.0415E+00  5.6790E+00
5.8538E-03  6.0393E+00  5.6768E+00
5.8566E-03  6.0394E+00  5.6769E+00
5.8594E-03  6.0222E+00  5.6597E+00
5.8622E-03  6.0145E+00  5.6520E+00
5.8650E-03  6.0080E+00  5.6455E+00
5.8677E-03  6.0003E+00  5.6377E+00
5.8705E-03  5.9919E+00  5.6294E+00
5.8733E-03  5.9849E+00  5.6224E+00
5.8761E-03  5.9795E+00  5.6170E+00
5.8789E-03  5.9773E+00  5.6148E+00
5.8817E-03  5.9697E+00  5.6072E+00
5.8845E-03  5.9725E+00  5.6099E+00
5.8873E-03  5.9621E+00  5.5996E+00
5.8901E-03  5.9439E+00  5.5814E+00
5.8929E-03  5.9374E+00  5.5748E+00
5.8957E-03  5.9310E+00  5.5685E+00
5.8985E-03  5.9251E+00  5.5626E+00
5.9013E-03  5.9172E+00  5.5546E+00
5.9041E-03  5.9104E+00  5.5478E+00
5.9069E-03  5.9039E+00  5.5414E+00
5.9097E-03  5.8977E+00  5.5352E+00
5.9125E-03  5.8913E+00  5.5287E+00
5.9153E-03  5.8920E+00  5.5294E+00
5.9182E-03  5.9020E+00  5.5395E+00
5.9210E-03  5.8775E+00  5.5150E+00
5.9238E-03  5.8661E+00  5.5036E+00
5.9266E-03  5.8581E+00  5.4955E+00
5.9294E-03  5.8518E+00  5.4893E+00
5.9322E-03  5.8463E+00  5.4837E+00
5.9351E-03  5.8441E+00  5.4815E+00
5.9379E-03  5.8719E+00  5.5095E+00
5.9407E-03  6.0958E+00  5.7351E+00
5.9435E-03  5.8955E+00  5.5344E+00
5.9464E-03  5.8175E+00  5.4550E+00
5.9492E-03  5.8078E+00  5.4453E+00
5.9520E-03  5.8035E+00  5.4409E+00
5.9548E-03  5.7977E+00  5.4351E+00
5.9577E-03  5.8039E+00  5.4413E+00
5.9605E-03  5.7998E+00  5.4372E+00
5.9633E-03  5.7779E+00  5.4154E+00
5.9662E-03  5.7680E+00  5.4054E+00
5.9690E-03  5.7655E+00  5.4029E+00
5.9718E-03  5.7627E+00  5.4002E+00
5.9747E-03  5.7471E+00  5.3845E+00
5.9775E-03  5.7410E+00  5.3784E+00
5.9804E-03  5.7339E+00  5.3714E+00
5.9832E-03  5.7331E+00  5.3706E+00
5.9861E-03  5.7215E+00  5.3589E+00
5.9889E-03  5.7142E+00  5.3517E+00
5.9917E-03  5.7066E+00  5.3441E+00
5.9946E-03  5.7031E+00  5.3405E+00
5.9974E-03  5.6966E+00  5.3340E+00
6.0003E-03  5.6864E+00  5.3238E+00
6.0031E-03  5.6834E+00  5.3208E+00
6.0060E-03  5.6741E+00  5.3115E+00
6.0089E-03  5.6681E+00  5.3055E+00
6.0117E-03  5.6601E+00  5.2975E+00
6.0146E-03  5.6537E+00  5.2911E+00
6.0174E-03  5.6472E+00  5.2846E+00
6.0203E-03  5.6407E+00  5.2781E+00
6.0232E-03  5.6928E+00  5.3330E+00
6.0260E-03  6.2329E+00  5.8791E+00
6.0289E-03  5.7492E+00  5.3900E+00
6.0317E-03  5.6502E+00  5.2877E+00
6.0346E-03  5.6116E+00  5.2490E+00
6.0375E-03  5.6029E+00  5.2403E+00
6.0404E-03  5.5981E+00  5.2355E+00
6.0432E-03  5.6287E+00  5.2661E+00
6.0461E-03  5.5905E+00  5.2280E+00
6.0490E-03  5.5793E+00  5.2166E+00
6.0518E-03  5.5739E+00  5.2113E+00
6.0547E-03  5.5632E+00  5.2006E+00
6.0576E-03  5.5564E+00  5.1938E+00
6.0605E-03  5.5499E+00  5.1873E+00
6.0634E-03  5.5436E+00  5.1810E+00
6.0662E-03  5.5454E+00  5.1828E+00
6.0691E-03  5.5642E+00  5.2016E+00
6.0720E-03  5.5346E+00  5.1720E+00
6.0749E-03  5.5201E+00  5.1574E+00
6.0778E-03  5.5125E+00  5.1499E+00
6.0807E-03  5.5058E+00  5.1432E+00
6.0836E-03  5.5012E+00  5.1386E+00
6.0865E-03  5.5016E+00  5.1390E+00
6.0894E-03  5.4889E+00  5.1262E+00
6.0923E-03  5.4824E+00  5.1198E+00
6.0951E-03  5.4737E+00  5.1110E+00
6.0980E-03  5.4672E+00  5.1046E+00
6.1009E-03  5.4611E+00  5.0985E+00
6.1038E-03  5.4546E+00  5.0920E+00
6.1067E-03  5.4486E+00  5.0860E+00
6.1096E-03  5.4426E+00  5.0799E+00
6.1126E-03  5.4356E+00  5.0730E+00
6.1155E-03  5.4294E+00  5.0668E+00
6.1184E-03  5.4234E+00  5.0607E+00
6.1213E-03  5.4170E+00  5.0543E+00
6.1242E-03  5.4106E+00  5.0479E+00
6.1271E-03  5.4043E+00  5.0417E+00
6.1300E-03  5.3981E+00  5.0354E+00
6.1329E-03  5.3919E+00  5.0292E+00
6.1358E-03  5.3858E+00  5.0231E+00
6.1388E-03  5.3795E+00  5.0168E+00
6.1417E-03  5.3734E+00  5.0107E+00
6.1446E-03  5.3673E+00  5.0046E+00
6.1475E-03  5.3612E+00  4.9985E+00
6.1504E-03  5.3548E+00  4.9922E+00
6.1534E-03  5.3485E+00  4.9858E+00
6.1563E-03  5.3424E+00  4.9797E+00
6.1592E-03  5.3363E+00  4.9736E+00
6.1621E-03  5.3301E+00  4.9675E+00
6.1651E-03  5.3245E+00  4.9618E+00
6.1680E-03  5.3181E+00  4.9554E+00
6.1709E-03  5.3133E+00  4.9506E+00
6.1739E-03  5.3143E+00  4.9516E+00
6.1768E-03  5.2999E+00  4.9372E+00
6.1797E-03  5.2933E+00  4.9306E+00
6.1827E-03  5.2872E+00  4.9245E+00
6.1856E-03  5.2811E+00  4.9184E+00
6.1886E-03  5.2750E+00  4.9123E+00
6.1915E-03  5.2690E+00  4.9063E+00
6.1944E-03  5.2840E+00  4.9214E+00
6.1974E-03  5.2819E+00  4.9194E+00
6.2003E-03  5.2507E+00  4.8880E+00
6.2033E-03  5.2447E+00  4.8820E+00
6.2062E-03  5.2390E+00  4.8763E+00
6.2092E-03  5.2364E+00  4.8737E+00
6.2121E-03  5.2313E+00  4.8686E+00
6.2151E-03  5.2216E+00  4.8589E+00
6.2180E-03  5.2192E+00  4.8565E+00
6.2210E-03  5.2100E+00  4.8473E+00
6.2240E-03  5.2056E+00  4.8429E+00
6.2269E-03  5.2025E+00  4.8398E+00
6.2299E-03  5.1914E+00  4.8287E+00
6.2328E-03  5.1847E+00  4.8220E+00
6.2358E-03  5.1888E+00  4.8261E+00
6.2388E-03  5.2378E+00  4.8752E+00
6.2417E-03  5.1710E+00  4.8083E+00
6.2447E-03  5.1618E+00  4.7991E+00
6.2477E-03  5.1563E+00  4.7935E+00
6.2506E-03  5.1510E+00  4.7883E+00
6.2536E-03  5.1468E+00  4.7841E+00
6.2566E-03  5.1517E+00  4.7890E+00
6.2596E-03  5.1331E+00  4.7704E+00
6.2625E-03  5.1247E+00  4.7620E+00
6.2655E-03  5.1194E+00  4.7566E+00
6.2685E-03  5.1130E+00  4.7503E+00
6.2715E-03  5.1073E+00  4.7445E+00
6.2744E-03  5.1014E+00  4.7386E+00
6.2774E-03  5.0963E+00  4.7336E+00
6.2804E-03  5.0897E+00  4.7270E+00
6.2834E-03  5.0846E+00  4.7218E+00
6.2864E-03  5.0774E+00  4.7146E+00
6.2894E-03  5.0714E+00  4.7086E+00
6.2924E-03  5.0656E+00  4.7028E+00
6.2954E-03  5.0595E+00  4.6968E+00
6.2983E-03  5.0536E+00  4.6909E+00
6.3013E-03  5.0478E+00  4.6850E+00
6.3043E-03  5.0421E+00  4.6794E+00
6.3073E-03  5.0360E+00  4.6732E+00
6.3103E-03  5.0304E+00  4.6677E+00
6.3133E-03  5.0260E+00  4.6632E+00
6.3163E-03  5.0201E+00  4.6573E+00
6.3193E-03  5.0144E+00  4.6517E+00
6.3223E-03  5.0066E+00  4.6439E+00
6.3253E-03  5.0008E+00  4.6380E+00
6.3284E-03  4.9954E+00  4.6326E+00
6.3314E-03  4.9891E+00  4.6264E+00
6.3344E-03  4.9833E+00  4.6205E+00
6.3374E-03  4.9783E+00  4.6155E+00
6.3404E-03  4.9742E+00  4.6114E+00
6.3434E-03  4.9670E+00  4.6042E+00
6.3464E-03  4.9600E+00  4.5972E+00
6.3494E-03  4.9542E+00  4.5914E+00
6.3525E-03  4.9485E+00  4.5857E+00
6.3555E-03  4.9435E+00  4.5807E+00
6.3585E-03  4.9369E+00  4.5741E+00
6.3615E-03  4.9309E+00  4.5681E+00
6.3646E-03  4.9280E+00  4.5652E+00
6.3676E-03  4.9237E+00  4.5609E+00
6.3706E-03  4.9144E+00  4.5516E+00
6.3736E-03  4.9083E+00  4.5455E+00
6.3767E-03  4.9039E+00  4.5411E+00
6.3797E-03  4.8969E+00  4.5341E+00
6.3827E-03  4.8945E+00  4.5317E+00
6.3858E-03  4.8865E+00  4.5237E+00
6.3888E-03  4.8795E+00  4.5167E+00
6.3918E-03  4.8732E+00  4.5104E+00
6.3949E-03  4.8676E+00  4.5048E+00
6.3979E-03  4.8618E+00  4.4990E+00
6.4010E-03  4.8579E+00  4.4951E+00
6.4040E-03  4.8570E+00  4.4942E+00
6.4070E-03  4.8448E+00  4.4820E+00
6.4101E-03  4.8386E+00  4.4758E+00
6.4131E-03  4.8329E+00  4.4701E+00
6.4162E-03  4.8271E+00  4.4643E+00
6.4192E-03  4.8240E+00  4.4612E+00
6.4223E-03  4.8212E+00  4.4584E+00
6.4253E-03  4.8116E+00  4.4487E+00
6.4284E-03  4.8046E+00  4.4418E+00
6.4314E-03  4.7998E+00  4.4370E+00
6.4345E-03  4.7936E+00  4.4307E+00
6.4376E-03  4.8047E+00  4.4419E+00
6.4406E-03  4.7882E+00  4.4254E+00
6.4437E-03  4.7757E+00  4.4129E+00
6.4468E-03  4.7701E+00  4.4072E+00
6.4498E-03  4.7644E+00  4.4016E+00
6.4529E-03  4.7587E+00  4.3958E+00
6.4559E-03  4.7529E+00  4.3901E+00
6.4590E-03  4.7492E+00  4.3864E+00
6.4621E-03  4.7457E+00  4.3829E+00
6.4652E-03  4.7363E+00  4.3735E+00
6.4682E-03  4.7303E+00  4.3675E+00
6.4713E-03  4.7263E+00  4.3635E+00
6.4744E-03  4.7231E+00  4.3603E+00
6.4775E-03  4.7133E+00  4.3505E+00
6.4805E-03  4.7076E+00  4.3448E+00
6.4836E-03  4.7019E+00  4.3391E+00
6.4867E-03  4.6963E+00  4.3334E+00
6.4898E-03  4.6907E+00  4.3278E+00
6.4929E-03  4.6851E+00  4.3222E+00
6.4960E-03  4.6802E+00  4.3174E+00
6.4991E-03  4.6741E+00  4.3112E+00
6.5021E-03  4.6682E+00  4.3054E+00
6.5052E-03  4.6624E+00  4.2996E+00
6.5083E-03  4.6568E+00  4.2940E+00
6.5114E-03  4.6511E+00  4.2882E+00
6.5145E-03  4.6454E+00  4.2826E+00
6.5176E-03  4.6398E+00  4.2770E+00
6.5207E-03  4.6351E+00  4.2723E+00
6.5238E-03  4.6291E+00  4.2662E+00
6.5269E-03  4.6229E+00  4.2601E+00
6.5300E-03  4.6174E+00  4.2545E+00
6.5331E-03  4.6117E+00  4.2489E+00
6.5362E-03  4.6060E+00  4.2432E+00
6.5393E-03  4.6013E+00  4.2384E+00
6.5424E-03  4.5958E+00  4.2330E+00
6.5455E-03  4.5896E+00  4.2267E+00
6.5487E-03  4.5836E+00  4.2207E+00
6.5518E-03  4.5786E+00  4.2158E+00
6.5549E-03  4.5732E+00  4.2103E+00
6.5580E-03  4.5673E+00  4.2044E+00
6.5611E-03  4.5613E+00  4.1984E+00
6.5642E-03  4.5558E+00  4.1929E+00
6.5674E-03  4.5499E+00  4.1870E+00
6.5705E-03  4.5444E+00  4.1815E+00
6.5736E-03  4.5388E+00  4.1759E+00
6.5767E-03  4.5335E+00  4.1706E+00
6.5799E-03  4.5276E+00  4.1647E+00
6.5830E-03  4.5221E+00  4.1592E+00
6.5861E-03  4.5173E+00  4.1544E+00
6.5892E-03  4.5118E+00  4.1489E+00
6.5924E-03  4.5065E+00  4.1436E+00
6.5955E-03  4.5060E+00  4.1431E+00
6.5986E-03  4.4964E+00  4.1335E+00
6.6018E-03  4.4919E+00  4.1290E+00
6.6049E-03  4.4837E+00  4.1208E+00
6.6081E-03  4.4781E+00  4.1152E+00
6.6112E-03  4.4733E+00  4.1104E+00
6.6143E-03  4.4687E+00  4.1058E+00
6.6175E-03  4.4618E+00  4.0989E+00
6.6206E-03  4.4556E+00  4.0927E+00
6.6238E-03  4.4494E+00  4.0865E+00
6.6269E-03  4.4448E+00  4.0819E+00
6.6301E-03  4.4396E+00  4.0767E+00
6.6332E-03  4.4424E+00  4.0795E+00
6.6364E-03  4.4298E+00  4.0669E+00
6.6395E-03  4.4249E+00  4.0620E+00
6.6427E-03  4.4203E+00  4.0574E+00
6.6459E-03  4.4132E+00  4.0503E+00
6.6490E-03  4.4056E+00  4.0427E+00
6.6522E-03  4.4006E+00  4.0377E+00
6.6553E-03  4.4077E+00  4.0448E+00
6.6585E-03  4.3914E+00  4.0285E+00
6.6617E-03  4.3833E+00  4.0204E+00
6.6648E-03  4.3782E+00  4.0153E+00
6.6680E-03  4.3779E+00  4.0150E+00
6.6712E-03  4.3680E+00  4.0051E+00
6.6744E-03  4.3617E+00  3.9987E+00
6.6775E-03  4.3555E+00  3.9926E+00
6.6807E-03  4.3511E+00  3.9882E+00
6.6839E-03  4.3493E+00  3.9864E+00
6.6871E-03  4.3480E+00  3.9851E+00
6.6902E-03  4.3341E+00  3.9712E+00
6.6934E-03  4.3291E+00  3.9662E+00
6.6966E-03  4.3320E+00  3.9691E+00
6.6998E-03  4.3313E+00  3.9684E+00
6.7030E-03  4.3114E+00  3.9484E+00
6.7061E-03  4.3053E+00  3.9424E+00
6.7093E-03  4.2998E+00  3.9368E+00
6.7125E-03  4.2950E+00  3.9321E+00
6.7157E-03  4.3059E+00  3.9430E+00
6.7189E-03  4.2856E+00  3.9227E+00
6.7221E-03  4.2811E+00  3.9182E+00
6.7253E-03  4.2741E+00  3.9112E+00
6.7285E-03  4.2683E+00  3.9054E+00
6.7317E-03  4.2625E+00  3.8996E+00
6.7349E-03  4.2556E+00  3.8926E+00
6.7381E-03  4.2503E+00  3.8874E+00
6.7413E-03  4.2447E+00  3.8817E+00
6.7445E-03  4.2391E+00  3.8762E+00
6.7477E-03  4.2337E+00  3.8708E+00
6.7509E-03  4.2282E+00  3.8652E+00
6.7541E-03  4.2225E+00  3.8595E+00
6.7573E-03  4.2201E+00  3.8572E+00
6.7606E-03  4.2345E+00  3.8716E+00
6.7638E-03  4.2120E+00  3.8491E+00
6.7670E-03  4.2015E+00  3.8385E+00
6.7702E-03  4.1975E+00  3.8346E+00
6.7734E-03  4.2033E+00  3.8404E+00
6.7766E-03  4.1877E+00  3.8247E+00
6.7799E-03  4.1800E+00  3.8170E+00
6.7831E-03  4.1812E+00  3.8182E+00
6.7863E-03  4.1713E+00  3.8083E+00
6.7895E-03  4.1676E+00  3.8046E+00
6.7928E-03  4.1575E+00  3.7945E+00
6.7960E-03  4.1542E+00  3.7912E+00
6.7992E-03  4.1500E+00  3.7870E+00
6.8025E-03  4.1421E+00  3.7792E+00
6.8057E-03  4.1394E+00  3.7764E+00
6.8089E-03  4.1353E+00  3.7723E+00
6.8122E-03  4.1308E+00  3.7678E+00
6.8154E-03  4.1210E+00  3.7580E+00
6.8186E-03  4.1147E+00  3.7517E+00
6.8219E-03  4.1121E+00  3.7491E+00
6.8251E-03  4.1037E+00  3.7407E+00
6.8284E-03  4.0965E+00  3.7335E+00
6.8316E-03  4.0910E+00  3.7280E+00
6.8349E-03  4.0857E+00  3.7227E+00
6.8381E-03  4.0803E+00  3.7173E+00
6.8414E-03  4.0799E+00  3.7169E+00
6.8446E-03  4.1174E+00  3.7547E+00
6.8479E-03  4.0914E+00  3.7287E+00
6.8511E-03  4.0606E+00  3.6976E+00
6.8544E-03  4.0535E+00  3.6905E+00
6.8576E-03  4.0594E+00  3.6964E+00
6.8609E-03  4.0465E+00  3.6835E+00
6.8642E-03  4.0380E+00  3.6750E+00
6.8674E-03  4.0323E+00  3.6693E+00
6.8707E-03  4.0264E+00  3.6634E+00
6.8740E-03  4.0232E+00  3.6602E+00
6.8772E-03  4.0153E+00  3.6523E+00
6.8805E-03  4.0099E+00  3.6469E+00
6.8838E-03  4.0051E+00  3.6420E+00
6.8870E-03  3.9999E+00  3.6368E+00
6.8903E-03  3.9975E+00  3.6345E+00
6.8936E-03  3.9903E+00  3.6273E+00
6.8969E-03  3.9861E+00  3.6231E+00
6.9001E-03  3.9802E+00  3.6172E+00
6.9034E-03  3.9740E+00  3.6110E+00
6.9067E-03  3.9691E+00  3.6061E+00
6.9100E-03  3.9921E+00  3.6292E+00
6.9133E-03  3.9672E+00  3.6042E+00
6.9166E-03  3.9532E+00  3.5902E+00
6.9198E-03  3.9482E+00  3.5852E+00
6.9231E-03  3.9436E+00  3.5805E+00
6.9264E-03  3.9382E+00  3.5752E+00
6.9297E-03  3.9332E+00  3.5702E+00
6.9330E-03  3.9305E+00  3.5675E+00
6.9363E-03  3.9235E+00  3.5604E+00
6.9396E-03  3.9182E+00  3.5551E+00
6.9429E-03  3.9133E+00  3.5502E+00
6.9462E-03  3.9085E+00  3.5454E+00
6.9495E-03  3.9037E+00  3.5407E+00
6.9528E-03  3.8992E+00  3.5362E+00
6.9561E-03  3.8939E+00  3.5308E+00
6.9594E-03  3.8889E+00  3.5258E+00
6.9627E-03  3.8840E+00  3.5210E+00
6.9660E-03  3.8793E+00  3.5163E+00
6.9694E-03  3.8820E+00  3.5190E+00
6.9727E-03  3.8775E+00  3.5145E+00
6.9760E-03  3.8655E+00  3.5024E+00
6.9793E-03  3.8600E+00  3.4969E+00
6.9826E-03  3.8562E+00  3.4932E+00
6.9859E-03  3.8570E+00  3.4939E+00
6.9893E-03  3.8487E+00  3.4857E+00
6.9926E-03  3.8428E+00  3.4798E+00
6.9959E-03  3.8372E+00  3.4742E+00
6.9992E-03  3.8321E+00  3.4690E+00
7.0026E-03  3.8279E+00  3.4649E+00
7.0059E-03  3.8226E+00  3.4596E+00
7.0092E-03  3.8175E+00  3.4544E+00
7.0125E-03  3.8128E+00  3.4498E+00
7.0159E-03  3.8080E+00  3.4450E+00
7.0192E-03  3.8034E+00  3.4403E+00
7.0226E-03  3.7989E+00  3.4358E+00
7.0259E-03  3.7952E+00  3.4321E+00
7.0292E-03  3.7916E+00  3.4286E+00
7.0326E-03  3.7850E+00  3.4220E+00
7.0359E-03  3.7809E+00  3.4179E+00
7.0393E-03  3.7759E+00  3.4129E+00
7.0426E-03  3.7718E+00  3.4087E+00
7.0460E-03  3.7676E+00  3.4045E+00
7.0493E-03  3.7657E+00  3.4027E+00
7.0527E-03  3.7601E+00  3.3970E+00
7.0560E-03  3.7535E+00  3.3904E+00
7.0594E-03  3.7513E+00  3.3882E+00
7.0627E-03  3.7510E+00  3.3879E+00
7.0661E-03  3.7425E+00  3.3795E+00
7.0694E-03  3.7372E+00  3.3742E+00
7.0728E-03  3.7727E+00  3.4097E+00
7.0762E-03  3.8059E+00  3.4453E+00
7.0795E-03  3.8665E+00  3.5082E+00
7.0829E-03  3.7217E+00  3.3586E+00
7.0863E-03  3.7139E+00  3.3508E+00
7.0896E-03  3.7116E+00  3.3485E+00
7.0930E-03  3.7055E+00  3.3424E+00
7.0964E-03  3.7019E+00  3.3388E+00
7.0997E-03  3.6993E+00  3.3362E+00
7.1031E-03  3.6921E+00  3.3290E+00
7.1065E-03  3.6895E+00  3.3264E+00
7.1099E-03  3.6861E+00  3.3230E+00
7.1133E-03  3.6803E+00  3.3173E+00
7.1166E-03  3.6843E+00  3.3212E+00
7.1200E-03  3.6774E+00  3.3144E+00
7.1234E-03  3.6711E+00  3.3080E+00
7.1268E-03  3.6640E+00  3.3010E+00
7.1302E-03  3.6591E+00  3.2960E+00
7.1336E-03  3.6543E+00  3.2912E+00
7.1370E-03  3.6492E+00  3.2861E+00
7.1404E-03  3.6469E+00  3.2838E+00
7.1437E-03  3.6487E+00  3.2856E+00
7.1471E-03  3.6502E+00  3.2872E+00
7.1505E-03  3.6320E+00  3.2689E+00
7.1539E-03  3.6281E+00  3.2650E+00
7.1573E-03  3.6253E+00  3.2622E+00
7.1607E-03  3.6207E+00  3.2576E+00
7.1641E-03  3.6194E+00  3.2563E+00
7.1676E-03  3.6120E+00  3.2489E+00
7.1710E-03  3.6072E+00  3.2441E+00
7.1744E-03  3.6035E+00  3.2403E+00
7.1778E-03  3.5981E+00  3.2350E+00
7.1812E-03  3.5940E+00  3.2309E+00
7.1846E-03  3.5904E+00  3.2273E+00
7.1880E-03  3.5856E+00  3.2224E+00
7.1914E-03  3.5812E+00  3.2181E+00
7.1949E-03  3.5770E+00  3.2138E+00
7.1983E-03  3.5735E+00  3.2104E+00
7.2017E-03  3.5786E+00  3.2155E+00
7.2051E-03  3.5970E+00  3.2346E+00
7.2085E-03  3.7871E+00  3.4282E+00
7.2120E-03  3.5654E+00  3.2024E+00
7.2154E-03  3.5539E+00  3.1908E+00
7.2188E-03  3.5612E+00  3.1982E+00
7.2223E-03  3.5603E+00  3.1972E+00
7.2257E-03  3.5404E+00  3.1773E+00
7.2291E-03  3.5360E+00  3.1729E+00
7.2326E-03  3.5319E+00  3.1687E+00
7.2360E-03  3.5278E+00  3.1647E+00
7.2394E-03  3.5239E+00  3.1607E+00
7.2429E-03  3.5206E+00  3.1574E+00
7.2463E-03  3.5189E+00  3.1558E+00
7.2498E-03  3.5200E+00  3.1568E+00
7.2532E-03  3.5590E+00  3.1960E+00
7.2567E-03  3.5191E+00  3.1576E+00
7.2601E-03  7.6510E+00  1.0499E+01
7.2636E-03  4.0605E+00  4.5692E+00
7.2670E-03  3.4946E+00  3.1315E+00
7.2705E-03  3.4883E+00  3.1251E+00
7.2739E-03  3.4886E+00  3.1254E+00
7.2774E-03  3.4851E+00  3.1219E+00
7.2809E-03  3.4760E+00  3.1129E+00
7.2843E-03  3.4723E+00  3.1091E+00
7.2878E-03  3.4701E+00  3.1070E+00
7.2912E-03  3.4644E+00  3.1013E+00
7.2947E-03  3.4639E+00  3.1008E+00
7.2982E-03  3.4590E+00  3.0958E+00
7.3016E-03  3.4552E+00  3.0921E+00
7.3051E-03  3.4515E+00  3.0884E+00
7.3086E-03  3.4449E+00  3.0818E+00
7.3121E-03  3.4427E+00  3.0795E+00
7.3155E-03  3.4383E+00  3.0751E+00
7.3190E-03  3.4329E+00  3.0697E+00
7.3225E-03  3.5080E+00  3.1459E+00
7.3260E-03  3.4429E+00  3.0801E+00
7.3295E-03  3.4253E+00  3.0621E+00
7.3329E-03  3.4207E+00  3.0575E+00
7.3364E-03  3.4164E+00  3.0533E+00
7.3399E-03  3.4441E+00  3.0811E+00
7.3434E-03  3.4150E+00  3.0519E+00
7.3469E-03  3.4067E+00  3.0436E+00
7.3504E-03  3.4022E+00  3.0390E+00
7.3539E-03  3.4014E+00  3.0383E+00
7.3574E-03  3.4350E+00  3.0722E+00
7.3609E-03  3.3982E+00  3.0352E+00
7.3644E-03  3.3824E+00  3.0192E+00
7.3679E-03  3.3810E+00  3.0178E+00
7.3714E-03  3.3878E+00  3.0246E+00
7.3749E-03  3.3715E+00  3.0083E+00
7.3784E-03  3.3676E+00  3.0044E+00
7.3819E-03  3.3637E+00  3.0006E+00
7.3854E-03  3.3599E+00  2.9967E+00
7.3889E-03  3.3574E+00  2.9942E+00
7.3924E-03  3.3531E+00  2.9899E+00
7.3960E-03  3.3593E+00  2.9961E+00
7.3995E-03  3.3472E+00  2.9840E+00
7.4030E-03  3.3429E+00  2.9797E+00
7.4065E-03  3.3399E+00  2.9767E+00
7.4100E-03  3.3358E+00  2.9726E+00
7.4135E-03  3.3326E+00  2.9694E+00
7.4171E-03  3.3278E+00  2.9646E+00
7.4206E-03  3.3223E+00  2.9591E+00
7.4241E-03  3.3195E+00  2.9563E+00
7.4277E-03  3.3144E+00  2.9512E+00
7.4312E-03  3.3111E+00  2.9479E+00
7.4347E-03  3.3098E+00  2.9466E+00
7.4383E-03  3.3069E+00  2.9437E+00
7.4418E-03  3.2997E+00  2.9365E+00
7.4453E-03  3.2968E+00  2.9336E+00
7.4489E-03  3.2937E+00  2.9305E+00
7.4524E-03  3.3240E+00  2.9609E+00
7.4560E-03  3.2943E+00  2.9311E+00
7.4595E-03  3.2842E+00  2.9210E+00
7.4630E-03  3.2774E+00  2.9142E+00
7.4666E-03  3.2739E+00  2.9107E+00
7.4701E-03  3.2709E+00  2.9077E+00
7.4737E-03  3.2668E+00  2.9036E+00
7.4772E-03  3.2656E+00  2.9024E+00
7.4808E-03  3.2976E+00  2.9344E+00
7.4844E-03  3.2738E+00  2.9106E+00
7.4879E-03  3.3294E+00  2.9668E+00
7.4915E-03  3.2693E+00  2.9062E+00
7.4950E-03  3.2661E+00  2.9029E+00
7.4986E-03  3.2794E+00  2.9163E+00
7.5022E-03  3.2430E+00  2.8798E+00
7.5057E-03  3.2361E+00  2.8729E+00
7.5093E-03  3.2313E+00  2.8681E+00
7.5129E-03  3.2350E+00  2.8718E+00
7.5164E-03  3.2550E+00  2.8920E+00
7.5200E-03  3.2268E+00  2.8636E+00
7.5236E-03  3.2224E+00  2.8592E+00
7.5272E-03  3.2144E+00  2.8511E+00
7.5307E-03  3.2101E+00  2.8469E+00
7.5343E-03  3.2071E+00  2.8439E+00
7.5379E-03  3.2141E+00  2.8508E+00
7.5415E-03  3.2049E+00  2.8417E+00
7.5451E-03  3.1947E+00  2.8315E+00
7.5487E-03  3.1909E+00  2.8276E+00
7.5522E-03  3.1903E+00  2.8271E+00
7.5558E-03  3.4257E+00  3.1175E+00
7.5594E-03  3.7410E+00  3.4942E+00
7.5630E-03  3.1784E+00  2.8152E+00
7.5666E-03  3.1728E+00  2.8096E+00
7.5702E-03  3.1693E+00  2.8061E+00
7.5738E-03  3.1667E+00  2.8035E+00
7.5774E-03  3.1634E+00  2.8002E+00
7.5810E-03  3.1685E+00  2.8053E+00
7.5846E-03  3.1603E+00  2.7971E+00
7.5882E-03  3.1832E+00  2.8200E+00
7.5918E-03  3.1487E+00  2.7855E+00
7.5954E-03  3.1439E+00  2.7807E+00
7.5991E-03  3.1405E+00  2.7773E+00
7.6027E-03  3.1370E+00  2.7737E+00
7.6063E-03  3.1333E+00  2.7701E+00
7.6099E-03  3.1323E+00  2.7690E+00
7.6135E-03  3.1273E+00  2.7641E+00
7.6171E-03  3.1248E+00  2.7616E+00
7.6208E-03  3.1482E+00  2.7850E+00
7.6244E-03  3.1172E+00  2.7539E+00
7.6280E-03  3.1126E+00  2.7493E+00
7.6316E-03  3.1105E+00  2.7472E+00
7.6353E-03  3.1178E+00  2.7546E+00
7.6389E-03  3.1060E+00  2.7428E+00
7.6425E-03  3.1001E+00  2.7369E+00
7.6462E-03  3.0966E+00  2.7333E+00
7.6498E-03  3.0923E+00  2.7290E+00
7.6534E-03  3.0917E+00  2.7284E+00
7.6571E-03  3.0879E+00  2.7247E+00
7.6607E-03  3.1132E+00  2.7504E+00
7.6643E-03  3.1433E+00  2.7813E+00
7.6680E-03  3.0755E+00  2.7122E+00
7.6716E-03  3.0731E+00  2.7098E+00
7.6753E-03  3.0701E+00  2.7069E+00
7.6789E-03  3.0653E+00  2.7021E+00
7.6826E-03  3.0618E+00  2.6985E+00
7.6862E-03  3.0575E+00  2.6942E+00
7.6899E-03  3.0538E+00  2.6905E+00
7.6935E-03  3.0509E+00  2.6876E+00
7.6972E-03  3.0468E+00  2.6835E+00
7.7009E-03  3.0456E+00  2.6823E+00
7.7045E-03  3.0412E+00  2.6780E+00
7.7082E-03  3.0367E+00  2.6734E+00
7.7118E-03  3.0373E+00  2.6740E+00
7.7155E-03  3.0329E+00  2.6696E+00
7.7192E-03  3.0270E+00  2.6637E+00
7.7229E-03  3.0233E+00  2.6600E+00
7.7265E-03  3.0200E+00  2.6567E+00
7.7302E-03  3.0162E+00  2.6529E+00
7.7339E-03  3.0130E+00  2.6497E+00
7.7375E-03  3.0110E+00  2.6477E+00
7.7412E-03  3.0063E+00  2.6430E+00
7.7449E-03  3.0027E+00  2.6394E+00
7.7486E-03  2.9997E+00  2.6365E+00
7.7523E-03  3.0077E+00  2.6444E+00
7.7560E-03  2.9956E+00  2.6323E+00
7.7596E-03  2.9893E+00  2.6260E+00
7.7633E-03  2.9859E+00  2.6226E+00
7.7670E-03  2.9826E+00  2.6193E+00
7.7707E-03  2.9797E+00  2.6164E+00
7.7744E-03  2.9764E+00  2.6131E+00
7.7781E-03  2.9731E+00  2.6098E+00
7.7818E-03  2.9698E+00  2.6065E+00
7.7855E-03  2.9667E+00  2.6034E+00
7.7892E-03  2.9629E+00  2.5996E+00
7.7929E-03  2.9602E+00  2.5969E+00
7.7966E-03  2.9586E+00  2.5953E+00
7.8003E-03  2.9536E+00  2.5903E+00
7.8040E-03  2.9499E+00  2.5866E+00
7.8077E-03  2.9466E+00  2.5833E+00
7.8114E-03  2.9437E+00  2.5804E+00
7.8152E-03  2.9447E+00  2.5814E+00
7.8189E-03  2.9389E+00  2.5756E+00
7.8226E-03  2.9370E+00  2.5737E+00
7.8263E-03  2.9313E+00  2.5680E+00
7.8300E-03  2.9275E+00  2.5642E+00
7.8338E-03  2.9252E+00  2.5618E+00
7.8375E-03  2.9219E+00  2.5586E+00
7.8412E-03  2.9173E+00  2.5539E+00
7.8449E-03  2.9171E+00  2.5538E+00
7.8487E-03  2.9371E+00  2.5739E+00
7.8524E-03  7.7951E+00  1.2293E+02
7.8561E-03  3.5396E+00  2.3894E+01
7.8599E-03  2.9016E+00  2.5382E+00
7.8636E-03  2.9055E+00  2.5422E+00
7.8673E-03  2.9039E+00  2.5407E+00
7.8711E-03  2.8913E+00  2.5280E+00
7.8748E-03  2.8877E+00  2.5244E+00
7.8786E-03  2.8844E+00  2.5210E+00
7.8823E-03  2.8812E+00  2.5179E+00
7.8861E-03  2.8778E+00  2.5145E+00
7.8898E-03  2.8747E+00  2.5113E+00
7.8936E-03  2.8720E+00  2.5086E+00
7.8973E-03  2.8691E+00  2.5058E+00
7.9011E-03  2.8719E+00  2.5086E+00
7.9048E-03  2.8711E+00  2.5078E+00
7.9086E-03  2.8725E+00  2.5092E+00
7.9123E-03  2.8676E+00  2.5043E+00
7.9161E-03  2.8584E+00  2.4951E+00
7.9199E-03  2.8610E+00  2.4977E+00
7.9236E-03  2.8476E+00  2.4843E+00
7.9274E-03  2.8433E+00  2.4799E+00
7.9312E-03  2.8408E+00  2.4774E+00
7.9349E-03  2.8368E+00  2.4735E+00
7.9387E-03  2.8339E+00  2.4705E+00
7.9425E-03  2.8305E+00  2.4671E+00
7.9463E-03  2.8276E+00  2.4643E+00
7.9500E-03  2.8242E+00  2.4608E+00
7.9538E-03  2.8216E+00  2.4583E+00
7.9576E-03  2.8243E+00  2.4610E+00
7.9614E-03  2.8165E+00  2.4532E+00
7.9652E-03  2.8121E+00  2.4487E+00
7.9689E-03  2.8132E+00  2.4498E+00
7.9727E-03  2.8110E+00  2.4477E+00
7.9765E-03  2.8028E+00  2.4395E+00
7.9803E-03  2.8033E+00  2.4400E+00
7.9841E-03  2.8091E+00  2.4458E+00
7.9879E-03  2.7930E+00  2.4297E+00
7.9917E-03  2.7888E+00  2.4255E+00
7.9955E-03  2.7877E+00  2.4243E+00
7.9993E-03  2.7834E+00  2.4200E+00
8.0031E-03  2.7796E+00  2.4163E+00
8.0069E-03  2.7761E+00  2.4127E+00
8.0107E-03  2.7737E+00  2.4103E+00
8.0145E-03  2.7717E+00  2.4084E+00
8.0183E-03  2.7686E+00  2.4052E+00
8.0221E-03  3.1274E+00  5.9094E+00
8.0260E-03  2.1857E+01  4.6027E+01
8.0298E-03  2.8153E+00  2.5820E+00
8.0336E-03  2.7562E+00  2.3929E+00
8.0374E-03  7.5490E+00  8.3383E+01
8.0412E-03  3.2877E+00  1.4289E+01
8.0451E-03  2.7547E+00  2.3914E+00
8.0489E-03  2.7419E+00  2.3786E+00
8.0527E-03  2.7418E+00  2.3784E+00
8.0565E-03  2.7360E+00  2.3726E+00
8.0604E-03  2.7408E+00  2.3774E+00
8.0642E-03  2.7297E+00  2.3664E+00
8.0680E-03  2.7266E+00  2.3632E+00
8.0719E-03  2.7243E+00  2.3609E+00
8.0757E-03  2.7205E+00  2.3572E+00
8.0795E-03  2.7176E+00  2.3542E+00
8.0834E-03  2.7278E+00  2.3644E+00
8.0872E-03  2.7235E+00  2.3602E+00
8.0911E-03  2.7084E+00  2.3450E+00
8.0949E-03  2.7053E+00  2.3419E+00
8.0988E-03  2.7057E+00  2.3423E+00
8.1026E-03  2.7024E+00  2.3390E+00
8.1065E-03  2.7081E+00  2.3448E+00
8.1103E-03  2.6995E+00  2.3361E+00
8.1142E-03  2.6902E+00  2.3268E+00
8.1180E-03  2.6873E+00  2.3239E+00
8.1219E-03  2.6842E+00  2.3208E+00
8.1258E-03  2.6855E+00  2.3221E+00
8.1296E-03  2.6783E+00  2.3149E+00
8.1335E-03  2.6750E+00  2.3116E+00
8.1374E-03  2.6720E+00  2.3086E+00
8.1412E-03  2.6712E+00  2.3078E+00
8.1451E-03  2.6682E+00  2.3048E+00
8.1490E-03  2.6634E+00  2.3000E+00
8.1528E-03  2.6620E+00  2.2987E+00
8.1567E-03  2.6572E+00  2.2938E+00
8.1606E-03  2.6543E+00  2.2909E+00
8.1645E-03  2.6520E+00  2.2886E+00
8.1684E-03  2.6545E+00  2.2911E+00
8.1722E-03  2.6493E+00  2.2859E+00
8.1761E-03  2.6588E+00  2.2954E+00
8.1800E-03  2.6523E+00  2.2889E+00
8.1839E-03  2.6445E+00  2.2811E+00
8.1878E-03  2.6401E+00  2.2767E+00
8.1917E-03  2.6388E+00  2.2754E+00
8.1956E-03  2.6315E+00  2.2681E+00
8.1995E-03  2.7812E+00  2.4263E+00
8.2034E-03  2.6635E+00  2.3028E+00
8.2073E-03  2.6185E+00  2.2551E+00
8.2112E-03  2.6189E+00  2.2555E+00
8.2151E-03  2.6130E+00  2.2496E+00
8.2190E-03  2.6093E+00  2.2458E+00
8.2229E-03  2.6058E+00  2.2424E+00
8.2268E-03  2.6432E+00  2.2804E+00
8.2307E-03  2.6169E+00  2.2537E+00
8.2346E-03  2.6082E+00  2.2448E+00
8.2385E-03  2.6436E+00  2.2806E+00
8.2424E-03  2.5969E+00  2.2335E+00
8.2464E-03  2.5891E+00  2.2257E+00
8.2503E-03  2.5854E+00  2.2220E+00
8.2542E-03  2.5856E+00  2.2222E+00
8.2581E-03  2.5903E+00  2.2269E+00
8.2621E-03  2.5764E+00  2.2130E+00
8.2660E-03  2.5747E+00  2.2113E+00
8.2699E-03  2.5717E+00  2.2083E+00
8.2738E-03  2.5691E+00  2.2057E+00
8.2778E-03  2.5668E+00  2.2034E+00
8.2817E-03  2.5615E+00  2.1981E+00
8.2857E-03  2.5572E+00  2.1938E+00
8.2896E-03  2.5544E+00  2.1910E+00
8.2935E-03  2.5522E+00  2.1888E+00
8.2975E-03  2.5505E+00  2.1871E+00
8.3014E-03  2.5461E+00  2.1827E+00
8.3054E-03  2.5422E+00  2.1788E+00
8.3093E-03  2.5417E+00  2.1783E+00
8.3133E-03  2.5410E+00  2.1776E+00
8.3172E-03  2.5402E+00  2.1768E+00
8.3212E-03  2.5312E+00  2.1678E+00
8.3251E-03  2.5279E+00  2.1645E+00
8.3291E-03  2.5248E+00  2.1614E+00
8.3330E-03  2.5267E+00  2.1633E+00
8.3370E-03  2.5204E+00  2.1569E+00
8.3410E-03  2.5160E+00  2.1525E+00
8.3449E-03  2.5129E+00  2.1495E+00
8.3489E-03  2.5104E+00  2.1470E+00
8.3529E-03  2.5081E+00  2.1446E+00
8.3568E-03  2.5070E+00  2.1436E+00
8.3608E-03  2.5036E+00  2.1401E+00
8.3648E-03  2.5050E+00  2.1416E+00
8.3688E-03  2.5040E+00  2.1406E+00
8.3727E-03  2.4936E+00  2.1302E+00
8.3767E-03  2.4885E+00  2.1251E+00
8.3807E-03  2.5000E+00  2.1367E+00
8.3847E-03  2.5058E+00  2.1427E+00
8.3887E-03  2.4893E+00  2.1259E+00
8.3927E-03  2.4865E+00  2.1231E+00
8.3967E-03  2.4829E+00  2.1195E+00
8.4006E-03  2.4714E+00  2.1080E+00
8.4046E-03  2.4680E+00  2.1045E+00
8.4086E-03  2.4646E+00  2.1011E+00
8.4126E-03  2.4647E+00  2.1012E+00
8.4166E-03  2.4598E+00  2.0963E+00
8.4206E-03  2.4616E+00  2.0981E+00
8.4246E-03  2.4537E+00  2.0903E+00
8.4286E-03  2.4495E+00  2.0860E+00
8.4326E-03  2.4470E+00  2.0835E+00
8.4367E-03  2.4437E+00  2.0802E+00
8.4407E-03  2.4411E+00  2.0777E+00
8.4447E-03  2.4387E+00  2.0752E+00
8.4487E-03  2.4342E+00  2.0708E+00
8.4527E-03  2.4312E+00  2.0678E+00
8.4567E-03  2.4283E+00  2.0649E+00
8.4608E-03  2.4253E+00  2.0619E+00
8.4648E-03  2.4230E+00  2.0595E+00
8.4688E-03  2.4229E+00  2.0595E+00
8.4728E-03  2.4281E+00  2.0646E+00
8.4769E-03  2.4144E+00  2.0510E+00
8.4809E-03  2.4122E+00  2.0487E+00
8.4849E-03  2.4112E+00  2.0477E+00
8.4889E-03  2.4109E+00  2.0475E+00
8.4930E-03  2.4073E+00  2.0439E+00
8.4970E-03  2.4066E+00  2.0432E+00
8.5011E-03  2.4618E+00  2.0998E+00
8.5051E-03  2.4380E+00  2.0763E+00
8.5091E-03  2.4861E+00  2.1264E+00
8.5132E-03  2.4786E+00  2.1165E+00
8.5172E-03  2.4005E+00  2.0371E+00
8.5213E-03  2.3896E+00  2.0261E+00
8.5253E-03  2.3836E+00  2.0201E+00
8.5294E-03  2.3809E+00  2.0174E+00
8.5334E-03  2.3735E+00  2.0100E+00
8.5375E-03  2.3721E+00  2.0086E+00
8.5416E-03  2.3671E+00  2.0036E+00
8.5456E-03  2.3635E+00  2.0001E+00
8.5497E-03  2.3623E+00  1.9988E+00
8.5537E-03  2.3611E+00  1.9976E+00
8.5578E-03  2.3549E+00  1.9914E+00
8.5619E-03  2.3522E+00  1.9887E+00
8.5660E-03  2.3499E+00  1.9864E+00
8.5700E-03  2.3473E+00  1.9839E+00
8.5741E-03  2.3438E+00  1.9803E+00
8.5782E-03  2.3420E+00  1.9785E+00
8.5823E-03  2.3368E+00  1.9733E+00
8.5863E-03  2.3347E+00  1.9712E+00
8.5904E-03  2.3319E+00  1.9684E+00
8.5945E-03  2.3280E+00  1.9645E+00
8.5986E-03  2.3249E+00  1.9614E+00
8.6027E-03  2.3220E+00  1.9586E+00
8.6068E-03  2.3191E+00  1.9556E+00
8.6109E-03  2.3167E+00  1.9532E+00
8.6149E-03  2.3140E+00  1.9505E+00
8.6190E-03  2.3103E+00  1.9468E+00
8.6231E-03  2.3074E+00  1.9439E+00
8.6272E-03  2.3056E+00  1.9421E+00
8.6313E-03  2.3036E+00  1.9401E+00
8.6354E-03  2.3008E+00  1.9373E+00
8.6395E-03  2.2972E+00  1.9337E+00
8.6437E-03  2.2937E+00  1.9302E+00
8.6478E-03  2.2976E+00  1.9341E+00
8.6519E-03  2.3046E+00  1.9412E+00
8.6560E-03  2.2854E+00  1.9219E+00
8.6601E-03  2.2839E+00  1.9204E+00
8.6642E-03  2.2829E+00  1.9194E+00
8.6683E-03  2.2883E+00  1.9249E+00
8.6725E-03  2.2775E+00  1.9140E+00
8.6766E-03  2.2715E+00  1.9080E+00
8.6807E-03  2.2687E+00  1.9052E+00
8.6848E-03  2.2657E+00  1.9022E+00
8.6890E-03  2.2636E+00  1.9001E+00
8.6931E-03  2.2615E+00  1.8980E+00
8.6972E-03  2.2591E+00  1.8956E+00
8.7014E-03  2.2551E+00  1.8916E+00
8.7055E-03  2.2523E+00  1.8888E+00
8.7096E-03  2.2501E+00  1.8866E+00
8.7138E-03  2.2480E+00  1.8845E+00
8.7179E-03  2.2462E+00  1.8826E+00
8.7221E-03  2.2449E+00  1.8814E+00
8.7262E-03  2.2425E+00  1.8790E+00
8.7304E-03  2.2375E+00  1.8740E+00
8.7345E-03  2.2351E+00  1.8716E+00
8.7387E-03  2.2312E+00  1.8677E+00
8.7428E-03  2.2292E+00  1.8657E+00
8.7470E-03  2.2262E+00  1.8627E+00
8.7511E-03  2.2239E+00  1.8604E+00
8.7553E-03  2.2241E+00  1.8606E+00
8.7595E-03  2.2189E+00  1.8554E+00
8.7636E-03  2.2161E+00  1.8526E+00
8.7678E-03  2.2156E+00  1.8521E+00
8.7720E-03  2.2103E+00  1.8468E+00
8.7761E-03  2.2076E+00  1.8440E+00
8.7803E-03  2.2049E+00  1.8414E+00
8.7845E-03  2.2024E+00  1.8388E+00
8.7886E-03  2.1997E+00  1.8362E+00
8.7928E-03  2.1979E+00  1.8343E+00
8.7970E-03  2.1946E+00  1.8311E+00
8.8012E-03  2.1922E+00  1.8286E+00
8.8054E-03  2.1895E+00  1.8260E+00
8.8096E-03  2.1870E+00  1.8235E+00
8.8137E-03  2.1846E+00  1.8210E+00
8.8179E-03  2.1820E+00  1.8185E+00
8.8221E-03  2.1800E+00  1.8165E+00
8.8263E-03  2.1785E+00  1.8149E+00
8.8305E-03  2.1748E+00  1.8113E+00
8.8347E-03  2.1721E+00  1.8086E+00
8.8389E-03  2.1699E+00  1.8063E+00
8.8431E-03  2.1676E+00  1.8041E+00
8.8473E-03  2.1659E+00  1.8024E+00
8.8515E-03  2.1638E+00  1.8002E+00
8.8557E-03  2.1613E+00  1.7977E+00
8.8599E-03  2.1582E+00  1.7946E+00
8.8642E-03  2.1554E+00  1.7918E+00
8.8684E-03  2.1532E+00  1.7896E+00
8.8726E-03  2.1503E+00  1.7868E+00
8.8768E-03  2.1482E+00  1.7847E+00
8.8810E-03  2.1455E+00  1.7819E+00
8.8852E-03  2.1503E+00  1.7868E+00
8.8895E-03  2.1557E+00  1.7923E+00
8.8937E-03  2.1394E+00  1.7758E+00
8.8979E-03  2.1371E+00  1.7735E+00
8.9022E-03  2.1343E+00  1.7707E+00
8.9064E-03  2.1323E+00  1.7687E+00
8.9106E-03  2.1290E+00  1.7655E+00
8.9149E-03  2.1268E+00  1.7633E+00
8.9191E-03  2.1248E+00  1.7612E+00
8.9233E-03  2.1219E+00  1.7584E+00
8.9276E-03  2.1206E+00  1.7570E+00
8.9318E-03  2.1169E+00  1.7534E+00
8.9361E-03  2.1144E+00  1.7508E+00
8.9403E-03  2.1121E+00  1.7485E+00
8.9446E-03  2.1099E+00  1.7464E+00
8.9488E-03  2.1111E+00  1.7475E+00
8.9531E-03  2.1066E+00  1.7431E+00
8.9573E-03  2.1027E+00  1.7392E+00
8.9616E-03  2.1005E+00  1.7369E+00
8.9658E-03  2.0983E+00  1.7347E+00
8.9701E-03  2.0959E+00  1.7323E+00
8.9744E-03  2.0938E+00  1.7302E+00
8.9786E-03  2.0924E+00  1.7288E+00
8.9829E-03  2.0895E+00  1.7260E+00
8.9872E-03  2.0883E+00  1.7247E+00
8.9914E-03  2.0853E+00  1.7217E+00
8.9957E-03  2.0842E+00  1.7207E+00
9.0000E-03  2.0818E+00  1.7182E+00
9.0043E-03  2.0778E+00  1.7142E+00
9.0086E-03  2.0756E+00  1.7120E+00
9.0128E-03  2.0732E+00  1.7096E+00
9.0171E-03  2.0710E+00  1.7074E+00
9.0214E-03  2.0688E+00  1.7052E+00
9.0257E-03  2.0665E+00  1.7029E+00
9.0300E-03  2.0649E+00  1.7013E+00
9.0343E-03  2.0621E+00  1.6985E+00
9.0386E-03  2.0604E+00  1.6968E+00
9.0429E-03  2.0575E+00  1.6939E+00
9.0472E-03  2.0554E+00  1.6918E+00
9.0515E-03  2.0531E+00  1.6895E+00
9.0558E-03  2.0509E+00  1.6873E+00
9.0601E-03  2.0489E+00  1.6853E+00
9.0644E-03  2.0478E+00  1.6842E+00
9.0687E-03  2.0520E+00  1.6885E+00
9.0730E-03  2.0421E+00  1.6785E+00