Number of T =   1  Number of rho =   1  Number of materials =   9
TOPS results for  phW15T1         on Sep 19, 2026
Opacities in cm**2/gm, T in keV, density in gm/cc
Normalized composition for requested elements
No. Fraction Mass Fraction  At. No.  Chem. Sym.  Mat ID.
9.7044E-01   8.8941E-01      1         H         4525
2.9297E-02   1.0664E-01      2         He        4675
2.4325E-06   2.6953E-05      6         C         4387
1.1017E-04   1.4030E-03      7         N         4005
8.3156E-05   1.2116E-03      8         O         4105
2.5313E-09   4.3732E-08      9         F         4405
2.2228E-05   4.0413E-04     10         Ne        4145
4.1339E-05   9.0165E-04     12         Mg        4682
2.1699E-07   7.8856E-06     20         Ca        2302
Temperature grid used the following   1 points
2.0000E-03
Density grid used the following   1 points
1.9163E-09
Photon grid used the following 999 points
3.7720E-02  3.7738E-02  3.7756E-02  3.7774E-02  3.7792E-02  3.7810E-02
3.7828E-02  3.7846E-02  3.7864E-02  3.7882E-02  3.7900E-02  3.7918E-02
3.7936E-02  3.7954E-02  3.7972E-02  3.7990E-02  3.8008E-02  3.8026E-02
3.8045E-02  3.8063E-02  3.8081E-02  3.8099E-02  3.8117E-02  3.8135E-02
3.8153E-02  3.8171E-02  3.8189E-02  3.8208E-02  3.8226E-02  3.8244E-02
3.8262E-02  3.8280E-02  3.8299E-02  3.8317E-02  3.8335E-02  3.8353E-02
3.8371E-02  3.8390E-02  3.8408E-02  3.8426E-02  3.8444E-02  3.8463E-02
3.8481E-02  3.8499E-02  3.8518E-02  3.8536E-02  3.8554E-02  3.8573E-02
3.8591E-02  3.8609E-02  3.8628E-02  3.8646E-02  3.8664E-02  3.8683E-02
3.8701E-02  3.8719E-02  3.8738E-02  3.8756E-02  3.8775E-02  3.8793E-02
3.8812E-02  3.8830E-02  3.8848E-02  3.8867E-02  3.8885E-02  3.8904E-02
3.8922E-02  3.8941E-02  3.8959E-02  3.8978E-02  3.8996E-02  3.9015E-02
3.9034E-02  3.9052E-02  3.9071E-02  3.9089E-02  3.9108E-02  3.9126E-02
3.9145E-02  3.9164E-02  3.9182E-02  3.9201E-02  3.9220E-02  3.9238E-02
3.9257E-02  3.9275E-02  3.9294E-02  3.9313E-02  3.9332E-02  3.9350E-02
3.9369E-02  3.9388E-02  3.9406E-02  3.9425E-02  3.9444E-02  3.9463E-02
3.9481E-02  3.9500E-02  3.9519E-02  3.9538E-02  3.9556E-02  3.9575E-02
3.9594E-02  3.9613E-02  3.9632E-02  3.9651E-02  3.9669E-02  3.9688E-02
3.9707E-02  3.9726E-02  3.9745E-02  3.9764E-02  3.9783E-02  3.9802E-02
3.9821E-02  3.9840E-02  3.9858E-02  3.9877E-02  3.9896E-02  3.9915E-02
3.9934E-02  3.9953E-02  3.9972E-02  3.9991E-02  4.0010E-02  4.0029E-02
4.0048E-02  4.0067E-02  4.0086E-02  4.0105E-02  4.0125E-02  4.0144E-02
4.0163E-02  4.0182E-02  4.0201E-02  4.0220E-02  4.0239E-02  4.0258E-02
4.0277E-02  4.0297E-02  4.0316E-02  4.0335E-02  4.0354E-02  4.0373E-02
4.0392E-02  4.0412E-02  4.0431E-02  4.0450E-02  4.0469E-02  4.0489E-02
4.0508E-02  4.0527E-02  4.0546E-02  4.0566E-02  4.0585E-02  4.0604E-02
4.0623E-02  4.0643E-02  4.0662E-02  4.0681E-02  4.0701E-02  4.0720E-02
4.0739E-02  4.0759E-02  4.0778E-02  4.0798E-02  4.0817E-02  4.0836E-02
4.0856E-02  4.0875E-02  4.0895E-02  4.0914E-02  4.0934E-02  4.0953E-02
4.0972E-02  4.0992E-02  4.1011E-02  4.1031E-02  4.1050E-02  4.1070E-02
4.1089E-02  4.1109E-02  4.1129E-02  4.1148E-02  4.1168E-02  4.1187E-02
4.1207E-02  4.1226E-02  4.1246E-02  4.1266E-02  4.1285E-02  4.1305E-02
4.1325E-02  4.1344E-02  4.1364E-02  4.1383E-02  4.1403E-02  4.1423E-02
4.1443E-02  4.1462E-02  4.1482E-02  4.1502E-02  4.1521E-02  4.1541E-02
4.1561E-02  4.1581E-02  4.1600E-02  4.1620E-02  4.1640E-02  4.1660E-02
4.1680E-02  4.1699E-02  4.1719E-02  4.1739E-02  4.1759E-02  4.1779E-02
4.1799E-02  4.1818E-02  4.1838E-02  4.1858E-02  4.1878E-02  4.1898E-02
4.1918E-02  4.1938E-02  4.1958E-02  4.1978E-02  4.1998E-02  4.2018E-02
4.2038E-02  4.2058E-02  4.2078E-02  4.2098E-02  4.2118E-02  4.2138E-02
4.2158E-02  4.2178E-02  4.2198E-02  4.2218E-02  4.2238E-02  4.2258E-02
4.2278E-02  4.2298E-02  4.2318E-02  4.2338E-02  4.2359E-02  4.2379E-02
4.2399E-02  4.2419E-02  4.2439E-02  4.2459E-02  4.2480E-02  4.2500E-02
4.2520E-02  4.2540E-02  4.2560E-02  4.2581E-02  4.2601E-02  4.2621E-02
4.2641E-02  4.2662E-02  4.2682E-02  4.2702E-02  4.2723E-02  4.2743E-02
4.2763E-02  4.2783E-02  4.2804E-02  4.2824E-02  4.2845E-02  4.2865E-02
4.2885E-02  4.2906E-02  4.2926E-02  4.2946E-02  4.2967E-02  4.2987E-02
4.3008E-02  4.3028E-02  4.3049E-02  4.3069E-02  4.3090E-02  4.3110E-02
4.3131E-02  4.3151E-02  4.3172E-02  4.3192E-02  4.3213E-02  4.3233E-02
4.3254E-02  4.3274E-02  4.3295E-02  4.3315E-02  4.3336E-02  4.3357E-02
4.3377E-02  4.3398E-02  4.3418E-02  4.3439E-02  4.3460E-02  4.3480E-02
4.3501E-02  4.3522E-02  4.3542E-02  4.3563E-02  4.3584E-02  4.3605E-02
4.3625E-02  4.3646E-02  4.3667E-02  4.3688E-02  4.3708E-02  4.3729E-02
4.3750E-02  4.3771E-02  4.3792E-02  4.3812E-02  4.3833E-02  4.3854E-02
4.3875E-02  4.3896E-02  4.3917E-02  4.3937E-02  4.3958E-02  4.3979E-02
4.4000E-02  4.4021E-02  4.4042E-02  4.4063E-02  4.4084E-02  4.4105E-02
4.4126E-02  4.4147E-02  4.4168E-02  4.4189E-02  4.4210E-02  4.4231E-02
4.4252E-02  4.4273E-02  4.4294E-02  4.4315E-02  4.4336E-02  4.4357E-02
4.4378E-02  4.4399E-02  4.4420E-02  4.4442E-02  4.4463E-02  4.4484E-02
4.4505E-02  4.4526E-02  4.4547E-02  4.4568E-02  4.4590E-02  4.4611E-02
4.4632E-02  4.4653E-02  4.4674E-02  4.4696E-02  4.4717E-02  4.4738E-02
4.4759E-02  4.4781E-02  4.4802E-02  4.4823E-02  4.4845E-02  4.4866E-02
4.4887E-02  4.4909E-02  4.4930E-02  4.4951E-02  4.4973E-02  4.4994E-02
4.5015E-02  4.5037E-02  4.5058E-02  4.5080E-02  4.5101E-02  4.5123E-02
4.5144E-02  4.5166E-02  4.5187E-02  4.5208E-02  4.5230E-02  4.5251E-02
4.5273E-02  4.5294E-02  4.5316E-02  4.5338E-02  4.5359E-02  4.5381E-02
4.5402E-02  4.5424E-02  4.5445E-02  4.5467E-02  4.5489E-02  4.5510E-02
4.5532E-02  4.5554E-02  4.5575E-02  4.5597E-02  4.5619E-02  4.5640E-02
4.5662E-02  4.5684E-02  4.5705E-02  4.5727E-02  4.5749E-02  4.5771E-02
4.5792E-02  4.5814E-02  4.5836E-02  4.5858E-02  4.5879E-02  4.5901E-02
4.5923E-02  4.5945E-02  4.5967E-02  4.5989E-02  4.6011E-02  4.6032E-02
4.6054E-02  4.6076E-02  4.6098E-02  4.6120E-02  4.6142E-02  4.6164E-02
4.6186E-02  4.6208E-02  4.6230E-02  4.6252E-02  4.6274E-02  4.6296E-02
4.6318E-02  4.6340E-02  4.6362E-02  4.6384E-02  4.6406E-02  4.6428E-02
4.6450E-02  4.6472E-02  4.6494E-02  4.6516E-02  4.6538E-02  4.6560E-02
4.6583E-02  4.6605E-02  4.6627E-02  4.6649E-02  4.6671E-02  4.6693E-02
4.6716E-02  4.6738E-02  4.6760E-02  4.6782E-02  4.6805E-02  4.6827E-02
4.6849E-02  4.6871E-02  4.6894E-02  4.6916E-02  4.6938E-02  4.6961E-02
4.6983E-02  4.7005E-02  4.7028E-02  4.7050E-02  4.7072E-02  4.7095E-02
4.7117E-02  4.7139E-02  4.7162E-02  4.7184E-02  4.7207E-02  4.7229E-02
4.7252E-02  4.7274E-02  4.7296E-02  4.7319E-02  4.7341E-02  4.7364E-02
4.7387E-02  4.7409E-02  4.7432E-02  4.7454E-02  4.7477E-02  4.7499E-02
4.7522E-02  4.7544E-02  4.7567E-02  4.7590E-02  4.7612E-02  4.7635E-02
4.7658E-02  4.7680E-02  4.7703E-02  4.7726E-02  4.7748E-02  4.7771E-02
4.7794E-02  4.7816E-02  4.7839E-02  4.7862E-02  4.7885E-02  4.7907E-02
4.7930E-02  4.7953E-02  4.7976E-02  4.7999E-02  4.8021E-02  4.8044E-02
4.8067E-02  4.8090E-02  4.8113E-02  4.8136E-02  4.8158E-02  4.8181E-02
4.8204E-02  4.8227E-02  4.8250E-02  4.8273E-02  4.8296E-02  4.8319E-02
4.8342E-02  4.8365E-02  4.8388E-02  4.8411E-02  4.8434E-02  4.8457E-02
4.8480E-02  4.8503E-02  4.8526E-02  4.8549E-02  4.8572E-02  4.8595E-02
4.8618E-02  4.8642E-02  4.8665E-02  4.8688E-02  4.8711E-02  4.8734E-02
4.8757E-02  4.8780E-02  4.8804E-02  4.8827E-02  4.8850E-02  4.8873E-02
4.8897E-02  4.8920E-02  4.8943E-02  4.8966E-02  4.8990E-02  4.9013E-02
4.9036E-02  4.9059E-02  4.9083E-02  4.9106E-02  4.9129E-02  4.9153E-02
4.9176E-02  4.9200E-02  4.9223E-02  4.9246E-02  4.9270E-02  4.9293E-02
4.9317E-02  4.9340E-02  4.9364E-02  4.9387E-02  4.9410E-02  4.9434E-02
4.9457E-02  4.9481E-02  4.9504E-02  4.9528E-02  4.9552E-02  4.9575E-02
4.9599E-02  4.9622E-02  4.9646E-02  4.9669E-02  4.9693E-02  4.9717E-02
4.9740E-02  4.9764E-02  4.9788E-02  4.9811E-02  4.9835E-02  4.9859E-02
4.9882E-02  4.9906E-02  4.9930E-02  4.9954E-02  4.9977E-02  5.0001E-02
5.0025E-02  5.0049E-02  5.0072E-02  5.0096E-02  5.0120E-02  5.0144E-02
5.0168E-02  5.0192E-02  5.0215E-02  5.0239E-02  5.0263E-02  5.0287E-02
5.0311E-02  5.0335E-02  5.0359E-02  5.0383E-02  5.0407E-02  5.0431E-02
5.0455E-02  5.0479E-02  5.0503E-02  5.0527E-02  5.0551E-02  5.0575E-02
5.0599E-02  5.0623E-02  5.0647E-02  5.0671E-02  5.0695E-02  5.0719E-02
5.0743E-02  5.0767E-02  5.0791E-02  5.0816E-02  5.0840E-02  5.0864E-02
5.0888E-02  5.0912E-02  5.0937E-02  5.0961E-02  5.0985E-02  5.1009E-02
5.1033E-02  5.1058E-02  5.1082E-02  5.1106E-02  5.1131E-02  5.1155E-02
5.1179E-02  5.1204E-02  5.1228E-02  5.1252E-02  5.1277E-02  5.1301E-02
5.1325E-02  5.1350E-02  5.1374E-02  5.1399E-02  5.1423E-02  5.1447E-02
5.1472E-02  5.1496E-02  5.1521E-02  5.1545E-02  5.1570E-02  5.1594E-02
5.1619E-02  5.1643E-02  5.1668E-02  5.1693E-02  5.1717E-02  5.1742E-02
5.1766E-02  5.1791E-02  5.1816E-02  5.1840E-02  5.1865E-02  5.1889E-02
5.1914E-02  5.1939E-02  5.1964E-02  5.1988E-02  5.2013E-02  5.2038E-02
5.2062E-02  5.2087E-02  5.2112E-02  5.2137E-02  5.2161E-02  5.2186E-02
5.2211E-02  5.2236E-02  5.2261E-02  5.2286E-02  5.2310E-02  5.2335E-02
5.2360E-02  5.2385E-02  5.2410E-02  5.2435E-02  5.2460E-02  5.2485E-02
5.2510E-02  5.2535E-02  5.2560E-02  5.2585E-02  5.2610E-02  5.2635E-02
5.2660E-02  5.2685E-02  5.2710E-02  5.2735E-02  5.2760E-02  5.2785E-02
5.2810E-02  5.2835E-02  5.2860E-02  5.2885E-02  5.2911E-02  5.2936E-02
5.2961E-02  5.2986E-02  5.3011E-02  5.3036E-02  5.3062E-02  5.3087E-02
5.3112E-02  5.3137E-02  5.3163E-02  5.3188E-02  5.3213E-02  5.3238E-02
5.3264E-02  5.3289E-02  5.3314E-02  5.3340E-02  5.3365E-02  5.3391E-02
5.3416E-02  5.3441E-02  5.3467E-02  5.3492E-02  5.3518E-02  5.3543E-02
5.3568E-02  5.3594E-02  5.3619E-02  5.3645E-02  5.3670E-02  5.3696E-02
5.3721E-02  5.3747E-02  5.3773E-02  5.3798E-02  5.3824E-02  5.3849E-02
5.3875E-02  5.3900E-02  5.3926E-02  5.3952E-02  5.3977E-02  5.4003E-02
5.4029E-02  5.4054E-02  5.4080E-02  5.4106E-02  5.4132E-02  5.4157E-02
5.4183E-02  5.4209E-02  5.4235E-02  5.4260E-02  5.4286E-02  5.4312E-02
5.4338E-02  5.4364E-02  5.4389E-02  5.4415E-02  5.4441E-02  5.4467E-02
5.4493E-02  5.4519E-02  5.4545E-02  5.4571E-02  5.4597E-02  5.4623E-02
5.4649E-02  5.4675E-02  5.4700E-02  5.4726E-02  5.4753E-02  5.4779E-02
5.4805E-02  5.4831E-02  5.4857E-02  5.4883E-02  5.4909E-02  5.4935E-02
5.4961E-02  5.4987E-02  5.5013E-02  5.5040E-02  5.5066E-02  5.5092E-02
5.5118E-02  5.5144E-02  5.5170E-02  5.5197E-02  5.5223E-02  5.5249E-02
5.5275E-02  5.5302E-02  5.5328E-02  5.5354E-02  5.5381E-02  5.5407E-02
5.5433E-02  5.5460E-02  5.5486E-02  5.5512E-02  5.5539E-02  5.5565E-02
5.5592E-02  5.5618E-02  5.5644E-02  5.5671E-02  5.5697E-02  5.5724E-02
5.5750E-02  5.5777E-02  5.5803E-02  5.5830E-02  5.5856E-02  5.5883E-02
5.5910E-02  5.5936E-02  5.5963E-02  5.5989E-02  5.6016E-02  5.6043E-02
5.6069E-02  5.6096E-02  5.6123E-02  5.6149E-02  5.6176E-02  5.6203E-02
5.6229E-02  5.6256E-02  5.6283E-02  5.6310E-02  5.6336E-02  5.6363E-02
5.6390E-02  5.6417E-02  5.6444E-02  5.6470E-02  5.6497E-02  5.6524E-02
5.6551E-02  5.6578E-02  5.6605E-02  5.6632E-02  5.6659E-02  5.6686E-02
5.6712E-02  5.6739E-02  5.6766E-02  5.6793E-02  5.6820E-02  5.6847E-02
5.6874E-02  5.6901E-02  5.6929E-02  5.6956E-02  5.6983E-02  5.7010E-02
5.7037E-02  5.7064E-02  5.7091E-02  5.7118E-02  5.7145E-02  5.7173E-02
5.7200E-02  5.7227E-02  5.7254E-02  5.7281E-02  5.7309E-02  5.7336E-02
5.7363E-02  5.7390E-02  5.7418E-02  5.7445E-02  5.7472E-02  5.7500E-02
5.7527E-02  5.7554E-02  5.7582E-02  5.7609E-02  5.7636E-02  5.7664E-02
5.7691E-02  5.7719E-02  5.7746E-02  5.7774E-02  5.7801E-02  5.7828E-02
5.7856E-02  5.7883E-02  5.7911E-02  5.7938E-02  5.7966E-02  5.7994E-02
5.8021E-02  5.8049E-02  5.8076E-02  5.8104E-02  5.8132E-02  5.8159E-02
5.8187E-02  5.8215E-02  5.8242E-02  5.8270E-02  5.8298E-02  5.8325E-02
5.8353E-02  5.8381E-02  5.8409E-02  5.8436E-02  5.8464E-02  5.8492E-02
5.8520E-02  5.8547E-02  5.8575E-02  5.8603E-02  5.8631E-02  5.8659E-02
5.8687E-02  5.8715E-02  5.8743E-02  5.8771E-02  5.8798E-02  5.8826E-02
5.8854E-02  5.8882E-02  5.8910E-02  5.8938E-02  5.8966E-02  5.8994E-02
5.9022E-02  5.9051E-02  5.9079E-02  5.9107E-02  5.9135E-02  5.9163E-02
5.9191E-02  5.9219E-02  5.9247E-02  5.9275E-02  5.9304E-02  5.9332E-02
5.9360E-02  5.9388E-02  5.9416E-02  5.9445E-02  5.9473E-02  5.9501E-02
5.9530E-02  5.9558E-02  5.9586E-02  5.9615E-02  5.9643E-02  5.9671E-02
5.9700E-02  5.9728E-02  5.9756E-02  5.9785E-02  5.9813E-02  5.9842E-02
5.9870E-02  5.9899E-02  5.9927E-02  5.9955E-02  5.9984E-02  6.0012E-02
6.0041E-02  6.0070E-02  6.0098E-02  6.0127E-02  6.0155E-02  6.0184E-02
6.0212E-02  6.0241E-02  6.0270E-02  6.0298E-02  6.0327E-02  6.0356E-02
6.0384E-02  6.0413E-02  6.0442E-02  6.0471E-02  6.0499E-02  6.0528E-02
6.0557E-02  6.0586E-02  6.0614E-02
Rosseland and Planck opacities and free electrons
Density     Ross opa    Planck opa  No. Free    Av Sq Free  T=  2.0000E-03
1.9163E-09  3.5530E+00  4.0076E+02  9.9982E-01  1.0002E+00
Multigroup opacities
Energy      Ross mg     Planck mg    for T, density =   2.0000E-03  1.9163E-09
3.7720E-02  6.2967E+02  6.2930E+02
3.7738E-02  6.2911E+02  6.2875E+02
3.7756E-02  6.2856E+02  6.2820E+02
3.7774E-02  6.2796E+02  6.2760E+02
3.7792E-02  6.2735E+02  6.2698E+02
3.7810E-02  6.3249E+02  6.3215E+02
3.7828E-02  6.2783E+02  6.2747E+02
3.7846E-02  6.2600E+02  6.2564E+02
3.7864E-02  6.2551E+02  6.2515E+02
3.7882E-02  6.2455E+02  6.2418E+02
3.7900E-02  6.2444E+02  6.2407E+02
3.7918E-02  6.2421E+02  6.2385E+02
3.7936E-02  6.2297E+02  6.2261E+02
3.7954E-02  6.2373E+02  6.2337E+02
3.7972E-02  8.6609E+02  4.9455E+03
3.7990E-02  8.3820E+02  4.4836E+03
3.8008E-02  6.2076E+02  6.2039E+02
3.8026E-02  6.2004E+02  6.1968E+02
3.8045E-02  6.1953E+02  6.1916E+02
3.8063E-02  6.1890E+02  6.1854E+02
3.8081E-02  6.1827E+02  6.1791E+02
3.8099E-02  6.1774E+02  6.1738E+02
3.8117E-02  6.1714E+02  6.1677E+02
3.8135E-02  6.1661E+02  6.1625E+02
3.8153E-02  6.1606E+02  6.1569E+02
3.8171E-02  6.1552E+02  6.1515E+02
3.8189E-02  6.1500E+02  6.1463E+02
3.8208E-02  6.1601E+02  6.1565E+02
3.8226E-02  6.4679E+02  6.4794E+02
3.8244E-02  6.2149E+02  6.2152E+02
3.8262E-02  6.1333E+02  6.1297E+02
3.8280E-02  7.2600E+02  7.4194E+02
3.8299E-02  6.8081E+02  6.8482E+02
3.8317E-02  7.0956E+02  8.1953E+02
3.8335E-02  1.2237E+03  1.9639E+03
3.8353E-02  1.1212E+03  1.5632E+03
3.8371E-02  4.1099E+03  1.4456E+04
3.8390E-02  7.0275E+02  7.4618E+02
3.8408E-02  7.6169E+02  8.5105E+02
3.8426E-02  8.0887E+02  8.9867E+02
3.8444E-02  1.0832E+03  3.1940E+03
3.8463E-02  7.3884E+02  1.5406E+03
3.8481E-02  6.7704E+02  7.1197E+02
3.8499E-02  1.5719E+03  1.7349E+03
3.8518E-02  8.1724E+02  1.0366E+03
3.8536E-02  6.0500E+02  6.0463E+02
3.8554E-02  6.0385E+02  6.0348E+02
3.8573E-02  6.0364E+02  6.0327E+02
3.8591E-02  6.0321E+02  6.0284E+02
3.8609E-02  6.0232E+02  6.0196E+02
3.8628E-02  6.0163E+02  6.0126E+02
3.8646E-02  6.2040E+02  6.2144E+02
3.8664E-02  6.9118E+02  7.0353E+02
3.8683E-02  5.9995E+02  5.9958E+02
3.8701E-02  5.9962E+02  5.9926E+02
3.8719E-02  5.9858E+02  5.9822E+02
3.8738E-02  5.9803E+02  5.9766E+02
3.8756E-02  5.9746E+02  5.9710E+02
3.8775E-02  5.9691E+02  5.9654E+02
3.8793E-02  5.9637E+02  5.9601E+02
3.8812E-02  5.9586E+02  5.9550E+02
3.8830E-02  5.9535E+02  5.9499E+02
3.8848E-02  5.9485E+02  5.9448E+02
3.8867E-02  5.9439E+02  5.9403E+02
3.8885E-02  6.4125E+02  7.3709E+02
3.8904E-02  1.1648E+03  2.3238E+03
3.8922E-02  6.9128E+02  7.1989E+02
3.8941E-02  7.9090E+02  8.1228E+02
3.8959E-02  5.9332E+02  5.9297E+02
3.8978E-02  5.9294E+02  5.9258E+02
3.8996E-02  6.1214E+02  6.1313E+02
3.9015E-02  8.1398E+02  8.2415E+02
3.9034E-02  1.0322E+03  1.1960E+03
3.9052E-02  1.6170E+03  7.1690E+03
3.9071E-02  5.9164E+02  5.9128E+02
3.9089E-02  7.7420E+02  8.2509E+02
3.9108E-02  5.9584E+02  5.9622E+02
3.9126E-02  6.8496E+02  7.0046E+02
3.9145E-02  6.4722E+02  6.4982E+02
3.9164E-02  6.0494E+02  6.0525E+02
3.9182E-02  5.9850E+02  5.9814E+02
3.9201E-02  6.0026E+02  5.9990E+02
3.9220E-02  6.0246E+02  6.0210E+02
3.9238E-02  6.0617E+02  6.0581E+02
3.9257E-02  6.0818E+02  6.0785E+02
3.9275E-02  6.1047E+02  6.1016E+02
3.9294E-02  6.0215E+02  6.0179E+02
3.9313E-02  6.0125E+02  6.0089E+02
3.9332E-02  6.4553E+02  6.5165E+02
3.9350E-02  6.3482E+02  6.4119E+02
3.9369E-02  6.4739E+02  6.5014E+02
3.9388E-02  6.0201E+02  6.0170E+02
3.9406E-02  6.1947E+02  6.1940E+02
3.9425E-02  6.1227E+02  6.1205E+02
3.9444E-02  6.2115E+02  6.2105E+02
3.9463E-02  6.0487E+02  6.0450E+02
3.9481E-02  6.1344E+02  6.1319E+02
3.9500E-02  7.2386E+02  7.9327E+02
3.9519E-02  7.2967E+02  8.4813E+02
3.9538E-02  6.6416E+02  6.7106E+02
3.9556E-02  5.9783E+02  5.9786E+02
3.9575E-02  5.9288E+02  5.9252E+02
3.9594E-02  6.1886E+02  6.2003E+02
3.9613E-02  6.0384E+02  6.0401E+02
3.9632E-02  5.9135E+02  5.9099E+02
3.9651E-02  6.0490E+02  6.0472E+02
3.9669E-02  7.0042E+02  7.0945E+02
3.9688E-02  7.0488E+02  7.2204E+02
3.9707E-02  7.0653E+02  7.3118E+02
3.9726E-02  6.1965E+02  6.2101E+02
3.9745E-02  5.9191E+02  5.9157E+02
3.9764E-02  6.4304E+02  6.5056E+02
3.9783E-02  6.1704E+02  6.1923E+02
3.9802E-02  5.9468E+02  5.9438E+02
3.9821E-02  5.9292E+02  5.9278E+02
3.9840E-02  7.0233E+02  8.7932E+02
3.9858E-02  1.1068E+03  1.3105E+03
3.9877E-02  6.5132E+02  6.5185E+02
3.9896E-02  1.1560E+03  3.1760E+03
3.9915E-02  6.7415E+02  9.2487E+02
3.9934E-02  5.8421E+02  5.8385E+02
3.9953E-02  5.9125E+02  5.9091E+02
3.9972E-02  5.9368E+02  5.9341E+02
3.9991E-02  6.9613E+02  7.0422E+02
4.0010E-02  8.5957E+02  8.6458E+02
4.0029E-02  6.4395E+02  6.5230E+02
4.0048E-02  5.8659E+02  5.8629E+02
4.0067E-02  5.8035E+02  5.7999E+02
4.0086E-02  5.8609E+02  5.8574E+02
4.0105E-02  5.8081E+02  5.8047E+02
4.0125E-02  5.7717E+02  5.7680E+02
4.0144E-02  5.7632E+02  5.7596E+02
4.0163E-02  5.7873E+02  5.7849E+02
4.0182E-02  7.8106E+02  8.3224E+02
4.0201E-02  7.3268E+02  7.9206E+02
4.0220E-02  5.7418E+02  5.7381E+02
4.0239E-02  5.7368E+02  5.7331E+02
4.0258E-02  5.7376E+02  5.7339E+02
4.0277E-02  5.7372E+02  5.7336E+02
4.0297E-02  5.7258E+02  5.7222E+02
4.0316E-02  5.7206E+02  5.7169E+02
4.0335E-02  5.7171E+02  5.7134E+02
4.0354E-02  5.7140E+02  5.7104E+02
4.0373E-02  5.7485E+02  5.7453E+02
4.0392E-02  5.8532E+02  5.8499E+02
4.0412E-02  5.7391E+02  5.7357E+02
4.0431E-02  5.7071E+02  5.7035E+02
4.0450E-02  5.7066E+02  5.7030E+02
4.0469E-02  5.7043E+02  5.7006E+02
4.0489E-02  5.7108E+02  5.7071E+02
4.0508E-02  5.7070E+02  5.7033E+02
4.0527E-02  5.7175E+02  5.7138E+02
4.0546E-02  5.7307E+02  5.7271E+02
4.0566E-02  5.7724E+02  5.7705E+02
4.0585E-02  6.5769E+02  6.6059E+02
4.0604E-02  6.1688E+02  6.2001E+02
4.0623E-02  5.8045E+02  5.8009E+02
4.0643E-02  6.1674E+02  6.1756E+02
4.0662E-02  6.1411E+02  6.1450E+02
4.0681E-02  7.2697E+02  7.4990E+02
4.0701E-02  8.3719E+02  8.3835E+02
4.0720E-02  7.3934E+02  7.4362E+02
4.0739E-02  7.5216E+02  7.6042E+02
4.0759E-02  1.0158E+03  1.0597E+03
4.0778E-02  1.7933E+03  2.1233E+03
4.0798E-02  5.8397E+03  8.8437E+07
4.0817E-02  8.1171E+07  1.5328E+08
4.0836E-02  2.5159E+03  3.9851E+06
4.0856E-02  1.0868E+03  1.1273E+03
4.0875E-02  7.7682E+02  7.8119E+02
4.0895E-02  6.7089E+02  6.7122E+02
4.0914E-02  6.2763E+02  6.2754E+02
4.0934E-02  5.9886E+02  5.9858E+02
4.0953E-02  5.8510E+02  5.8476E+02
4.0972E-02  5.7685E+02  5.7650E+02
4.0992E-02  5.7043E+02  5.7008E+02
4.1011E-02  5.6620E+02  5.6584E+02
4.1031E-02  5.6738E+02  5.6708E+02
4.1050E-02  5.8640E+02  5.8609E+02
4.1070E-02  5.8371E+02  5.8338E+02
4.1089E-02  5.7014E+02  5.6981E+02
4.1109E-02  5.6094E+02  5.6058E+02
4.1129E-02  5.5829E+02  5.5796E+02
4.1148E-02  6.3381E+02  6.7362E+02
4.1168E-02  1.4389E+03  1.5259E+03
4.1187E-02  7.9801E+02  9.9317E+02
4.1207E-02  2.2964E+03  2.6047E+03
4.1226E-02  1.0556E+03  3.3680E+03
4.1246E-02  2.4869E+04  3.2775E+04
4.1266E-02  9.9983E+02  1.2664E+04
4.1285E-02  2.6505E+03  3.3403E+03
4.1305E-02  8.1461E+02  1.7264E+03
4.1325E-02  5.4709E+02  5.4672E+02
4.1344E-02  5.4824E+02  5.4792E+02
4.1364E-02  6.0247E+02  6.0411E+02
4.1383E-02  5.7481E+02  5.7673E+02
4.1403E-02  5.5028E+02  5.4994E+02
4.1423E-02  5.6291E+02  5.6264E+02
4.1443E-02  5.8002E+02  5.7986E+02
4.1462E-02  7.3797E+02  7.6074E+02
4.1482E-02  7.1216E+02  7.3005E+02
4.1502E-02  8.6489E+02  9.3509E+02
4.1521E-02  8.1873E+02  8.8254E+02
4.1541E-02  6.5252E+02  6.5216E+02
4.1561E-02  6.5180E+02  6.5143E+02
4.1581E-02  6.5240E+02  6.5204E+02
4.1600E-02  6.5122E+02  6.5086E+02
4.1620E-02  6.4978E+02  6.4941E+02
4.1640E-02  6.4933E+02  6.4897E+02
4.1660E-02  6.4900E+02  6.4864E+02
4.1680E-02  6.4876E+02  6.4840E+02
4.1699E-02  6.4883E+02  6.4847E+02
4.1719E-02  6.7912E+02  6.8034E+02
4.1739E-02  6.9127E+02  6.9201E+02
4.1759E-02  6.5506E+02  6.5474E+02
4.1779E-02  6.4794E+02  6.4758E+02
4.1799E-02  6.4772E+02  6.4735E+02
4.1818E-02  6.4783E+02  6.4747E+02
4.1838E-02  6.6970E+02  6.7030E+02
4.1858E-02  6.7895E+02  6.7956E+02
4.1878E-02  6.4655E+02  6.4618E+02
4.1898E-02  6.4580E+02  6.4543E+02
4.1918E-02  6.4538E+02  6.4501E+02
4.1938E-02  6.4651E+02  6.4615E+02
4.1958E-02  6.4709E+02  6.4673E+02
4.1978E-02  6.4422E+02  6.4386E+02
4.1998E-02  6.4387E+02  6.4351E+02
4.2018E-02  6.4357E+02  6.4321E+02
4.2038E-02  6.4326E+02  6.4289E+02
4.2058E-02  6.4287E+02  6.4251E+02
4.2078E-02  6.4278E+02  6.4241E+02
4.2098E-02  6.4258E+02  6.4221E+02
4.2118E-02  6.4204E+02  6.4167E+02
4.2138E-02  6.4195E+02  6.4159E+02
4.2158E-02  7.0316E+02  7.1126E+02
4.2178E-02  7.4006E+02  7.4810E+02
4.2198E-02  6.4302E+02  6.4269E+02
4.2218E-02  6.4337E+02  6.4300E+02
4.2238E-02  6.4253E+02  6.4216E+02
4.2258E-02  8.3035E+02  9.3751E+02
4.2278E-02  9.5961E+02  1.0670E+03
4.2298E-02  6.4183E+02  6.4173E+02
4.2318E-02  6.3810E+02  6.3774E+02
4.2338E-02  6.3782E+02  6.3746E+02
4.2359E-02  6.3740E+02  6.3704E+02
4.2379E-02  6.3658E+02  6.3622E+02
4.2399E-02  6.3626E+02  6.3589E+02
4.2419E-02  6.3817E+02  6.3782E+02
4.2439E-02  6.3872E+02  6.3836E+02
4.2459E-02  6.3578E+02  6.3541E+02
4.2480E-02  6.3471E+02  6.3435E+02
4.2500E-02  6.3498E+02  6.3462E+02
4.2520E-02  7.1738E+02  7.2909E+02
4.2540E-02  7.1536E+02  7.2697E+02
4.2560E-02  6.3403E+02  6.3367E+02
4.2581E-02  6.3263E+02  6.3227E+02
4.2601E-02  6.3317E+02  6.3281E+02
4.2621E-02  6.3418E+02  6.3381E+02
4.2641E-02  6.3265E+02  6.3229E+02
4.2662E-02  6.3130E+02  6.3094E+02
4.2682E-02  6.3095E+02  6.3059E+02
4.2702E-02  6.4328E+02  6.4305E+02
4.2723E-02  6.4724E+02  6.4692E+02
4.2743E-02  7.1654E+02  7.1999E+02
4.2763E-02  6.7276E+02  6.7719E+02
4.2783E-02  6.2818E+02  6.2782E+02
4.2804E-02  6.4007E+02  6.4231E+02
4.2824E-02  1.0303E+03  1.1001E+03
4.2845E-02  7.9301E+02  8.5903E+02
4.2865E-02  6.4457E+02  6.4447E+02
4.2885E-02  7.2347E+02  7.2607E+02
4.2906E-02  6.5789E+02  6.6103E+02
4.2926E-02  6.2473E+02  6.2436E+02
4.2946E-02  6.2440E+02  6.2404E+02
4.2967E-02  6.2380E+02  6.2343E+02
4.2987E-02  6.2321E+02  6.2284E+02
4.3008E-02  6.2310E+02  6.2273E+02
4.3028E-02  6.2380E+02  6.2344E+02
4.3049E-02  6.2275E+02  6.2238E+02
4.3069E-02  6.2147E+02  6.2111E+02
4.3090E-02  6.8832E+02  7.2213E+02
4.3110E-02  1.1998E+03  1.2361E+03
4.3131E-02  6.8093E+02  7.1023E+02
4.3151E-02  6.1935E+02  6.1898E+02
4.3172E-02  6.1889E+02  6.1853E+02
4.3192E-02  6.1855E+02  6.1818E+02
4.3213E-02  6.1812E+02  6.1776E+02
4.3233E-02  6.1779E+02  6.1742E+02
4.3254E-02  6.1706E+02  6.1670E+02
4.3274E-02  6.1654E+02  6.1618E+02
4.3295E-02  6.1611E+02  6.1575E+02
4.3315E-02  6.1574E+02  6.1538E+02
4.3336E-02  6.1527E+02  6.1491E+02
4.3357E-02  6.1469E+02  6.1433E+02
4.3377E-02  6.1424E+02  6.1387E+02
4.3398E-02  6.1380E+02  6.1343E+02
4.3418E-02  6.1374E+02  6.1338E+02
4.3439E-02  6.1452E+02  6.1416E+02
4.3460E-02  6.1360E+02  6.1324E+02
4.3480E-02  6.1192E+02  6.1156E+02
4.3501E-02  6.1166E+02  6.1130E+02
4.3522E-02  6.1114E+02  6.1078E+02
4.3542E-02  6.1053E+02  6.1017E+02
4.3563E-02  6.1017E+02  6.0981E+02
4.3584E-02  6.1042E+02  6.1006E+02
4.3605E-02  6.0955E+02  6.0918E+02
4.3625E-02  6.6042E+02  7.1020E+02
4.3646E-02  2.0012E+03  2.2733E+03
4.3667E-02  1.5241E+03  1.6481E+03
4.3688E-02  9.3643E+02  9.5895E+02
4.3708E-02  6.4655E+02  6.5417E+02
4.3729E-02  6.0655E+02  6.0618E+02
4.3750E-02  6.0672E+02  6.0635E+02
4.3771E-02  6.0562E+02  6.0525E+02
4.3792E-02  6.0518E+02  6.0481E+02
4.3812E-02  6.0468E+02  6.0432E+02
4.3833E-02  6.0436E+02  6.0399E+02
4.3854E-02  6.0447E+02  6.0410E+02
4.3875E-02  6.0354E+02  6.0318E+02
4.3896E-02  6.0279E+02  6.0243E+02
4.3917E-02  6.0238E+02  6.0201E+02
4.3937E-02  6.4368E+02  6.4734E+02
4.3958E-02  6.6071E+02  6.6482E+02
4.3979E-02  6.0350E+02  6.0313E+02
4.4000E-02  6.1638E+02  6.1621E+02
4.4021E-02  6.2693E+02  6.2656E+02
4.4042E-02  6.1071E+02  6.1057E+02
4.4063E-02  6.0009E+02  5.9972E+02
4.4084E-02  5.9985E+02  5.9949E+02
4.4105E-02  5.9865E+02  5.9829E+02
4.4126E-02  5.9785E+02  5.9749E+02
4.4147E-02  5.9742E+02  5.9705E+02
4.4168E-02  5.9702E+02  5.9666E+02
4.4189E-02  5.9667E+02  5.9630E+02
4.4210E-02  5.9597E+02  5.9561E+02
4.4231E-02  5.9549E+02  5.9512E+02
4.4252E-02  5.9497E+02  5.9461E+02
4.4273E-02  5.9446E+02  5.9409E+02
4.4294E-02  5.9401E+02  5.9364E+02
4.4315E-02  5.9359E+02  5.9323E+02
4.4336E-02  5.9324E+02  5.9288E+02
4.4357E-02  5.9275E+02  5.9239E+02
4.4378E-02  5.9233E+02  5.9197E+02
4.4399E-02  5.9681E+02  5.9649E+02
4.4420E-02  5.9597E+02  5.9565E+02
4.4442E-02  5.9127E+02  5.9091E+02
4.4463E-02  5.9067E+02  5.9030E+02
4.4484E-02  5.9002E+02  5.8965E+02
4.4505E-02  5.8961E+02  5.8924E+02
4.4526E-02  5.8992E+02  5.8956E+02
4.4547E-02  5.8893E+02  5.8857E+02
4.4568E-02  5.8886E+02  5.8850E+02
4.4590E-02  5.9056E+02  5.9020E+02
4.4611E-02  6.1349E+02  6.1592E+02
4.4632E-02  6.9982E+02  7.0270E+02
4.4653E-02  6.0172E+02  6.0193E+02
4.4674E-02  6.0909E+02  6.0873E+02
4.4696E-02  6.0045E+02  6.0018E+02
4.4717E-02  5.8953E+02  5.8917E+02
4.4738E-02  5.9009E+02  5.8972E+02
4.4759E-02  5.9013E+02  5.8976E+02
4.4781E-02  5.9073E+02  5.9037E+02
4.4802E-02  6.1486E+02  6.3483E+02
4.4823E-02  1.9861E+03  2.7435E+03
4.4845E-02  8.5901E+02  1.5234E+03
4.4866E-02  8.0626E+02  8.2205E+02
4.4887E-02  1.0717E+03  1.0843E+03
4.4909E-02  6.5987E+02  6.8673E+02
4.4930E-02  6.0226E+02  6.0191E+02
4.4951E-02  5.9533E+02  5.9497E+02
4.4973E-02  5.9322E+02  5.9285E+02
4.4994E-02  5.9473E+02  5.9438E+02
4.5015E-02  6.1141E+02  6.1141E+02
4.5037E-02  6.1890E+02  6.1910E+02
4.5058E-02  5.9319E+02  5.9283E+02
4.5080E-02  5.9098E+02  5.9062E+02
4.5101E-02  5.9038E+02  5.9002E+02
4.5123E-02  5.9059E+02  5.9023E+02
4.5144E-02  5.9085E+02  5.9049E+02
4.5166E-02  6.0191E+02  6.0160E+02
4.5187E-02  5.9260E+02  5.9229E+02
4.5208E-02  6.2977E+02  6.4195E+02
4.5230E-02  9.1275E+02  9.2975E+02
4.5251E-02  6.1956E+02  6.2773E+02
4.5273E-02  5.8694E+02  5.8658E+02
4.5294E-02  5.8613E+02  5.8576E+02
4.5316E-02  5.8574E+02  5.8537E+02
4.5338E-02  5.8649E+02  5.8613E+02
4.5359E-02  5.8651E+02  5.8615E+02
4.5381E-02  5.8477E+02  5.8440E+02
4.5402E-02  5.8415E+02  5.8379E+02
4.5424E-02  5.8371E+02  5.8334E+02
4.5445E-02  5.8435E+02  5.8399E+02
4.5467E-02  5.9869E+02  5.9998E+02
4.5489E-02  7.1956E+02  7.2278E+02
4.5510E-02  6.0718E+02  6.0901E+02
4.5532E-02  5.8378E+02  5.8342E+02
4.5554E-02  5.9942E+02  5.9971E+02
4.5575E-02  6.2346E+02  6.2364E+02
4.5597E-02  5.9070E+02  5.9039E+02
4.5619E-02  6.9590E+02  7.2635E+02
4.5640E-02  6.8855E+02  7.1880E+02
4.5662E-02  5.8009E+02  5.7973E+02
4.5684E-02  5.7957E+02  5.7921E+02
4.5705E-02  5.7902E+02  5.7866E+02
4.5727E-02  5.7847E+02  5.7811E+02
4.5749E-02  5.7827E+02  5.7791E+02
4.5771E-02  5.7874E+02  5.7837E+02
4.5792E-02  5.8122E+02  5.8089E+02
4.5814E-02  5.8625E+02  5.8593E+02
4.5836E-02  5.9165E+02  5.9182E+02
4.5858E-02  5.9891E+02  5.9927E+02
4.5879E-02  5.7530E+02  5.7493E+02
4.5901E-02  5.7512E+02  5.7475E+02
4.5923E-02  5.7490E+02  5.7453E+02
4.5945E-02  5.7838E+02  5.7802E+02
4.5967E-02  5.7543E+02  5.7508E+02
4.5989E-02  5.9228E+02  5.9328E+02
4.6011E-02  6.6853E+02  6.7029E+02
4.6032E-02  5.8459E+02  5.8478E+02
4.6054E-02  5.8084E+02  5.8052E+02
4.6076E-02  8.2372E+02  1.2522E+03
4.6098E-02  9.7949E+02  1.5664E+03
4.6120E-02  5.7579E+02  5.7547E+02
4.6142E-02  6.4946E+02  6.6145E+02
4.6164E-02  1.4816E+03  1.7180E+03
4.6186E-02  7.4889E+02  9.7153E+02
4.6208E-02  5.7236E+02  5.7204E+02
4.6230E-02  5.6857E+02  5.6821E+02
4.6252E-02  5.6767E+02  5.6731E+02
4.6274E-02  5.6692E+02  5.6655E+02
4.6296E-02  5.6714E+02  5.6678E+02
4.6318E-02  5.7470E+02  5.7443E+02
4.6340E-02  5.7968E+02  5.7934E+02
4.6362E-02  5.7429E+02  5.7393E+02
4.6384E-02  5.6720E+02  5.6686E+02
4.6406E-02  5.6426E+02  5.6389E+02
4.6428E-02  5.6398E+02  5.6361E+02
4.6450E-02  5.7127E+02  5.7113E+02
4.6472E-02  5.9413E+02  5.9406E+02
4.6494E-02  5.7285E+02  5.7261E+02
4.6516E-02  6.3594E+02  6.4235E+02
4.6538E-02  6.5600E+02  6.6402E+02
4.6560E-02  5.7276E+02  5.7261E+02
4.6583E-02  5.6179E+02  5.6143E+02
4.6605E-02  5.6299E+02  5.6263E+02
4.6627E-02  6.1673E+02  6.4623E+02
4.6649E-02  1.1563E+03  1.2066E+03
4.6671E-02  9.0022E+02  9.0341E+03
4.6693E-02  3.3795E+04  3.5144E+04
4.6716E-02  7.5321E+03  1.6447E+04
4.6738E-02  8.0733E+02  1.0271E+03
4.6760E-02  5.5957E+02  5.5921E+02
4.6782E-02  5.7204E+02  5.7181E+02
4.6805E-02  5.6603E+02  5.6575E+02
4.6827E-02  5.6234E+02  5.6198E+02
4.6849E-02  5.6684E+02  5.6648E+02
4.6871E-02  5.7363E+02  5.7328E+02
4.6894E-02  5.8424E+02  5.8395E+02
4.6916E-02  5.9802E+02  5.9767E+02
4.6938E-02  6.0540E+02  6.0507E+02
4.6961E-02  6.0943E+02  6.0907E+02
4.6983E-02  6.2019E+02  6.1992E+02
4.7005E-02  6.2692E+02  6.2664E+02
4.7028E-02  6.6443E+02  6.6437E+02
4.7050E-02  6.5860E+02  6.5829E+02
4.7072E-02  6.4682E+02  6.4646E+02
4.7095E-02  6.5902E+02  6.5892E+02
4.7117E-02  6.7857E+02  6.7822E+02
4.7139E-02  6.7759E+02  6.7723E+02
4.7162E-02  6.6521E+02  6.6500E+02
4.7184E-02  6.7864E+02  6.7849E+02
4.7207E-02  6.6766E+02  6.6742E+02
4.7229E-02  6.5304E+02  6.5269E+02
4.7252E-02  6.9860E+02  7.0707E+02
4.7274E-02  8.0679E+02  8.1872E+02
4.7296E-02  6.5252E+02  6.5237E+02
4.7319E-02  6.4897E+02  6.4861E+02
4.7341E-02  6.4865E+02  6.4828E+02
4.7364E-02  6.5544E+02  6.5509E+02
4.7387E-02  6.5270E+02  6.5235E+02
4.7409E-02  6.4943E+02  6.4906E+02
4.7432E-02  6.4614E+02  6.4578E+02
4.7454E-02  6.4746E+02  6.4711E+02
4.7477E-02  6.7468E+02  6.7546E+02
4.7499E-02  6.9600E+02  6.9592E+02
4.7522E-02  6.7510E+02  6.7478E+02
4.7544E-02  6.6113E+02  6.6081E+02
4.7567E-02  6.4908E+02  6.4873E+02
4.7590E-02  6.6343E+02  6.6488E+02
4.7612E-02  7.3101E+02  7.3343E+02
4.7635E-02  6.7768E+02  6.7997E+02
4.7658E-02  1.0033E+03  1.1967E+03
4.7680E-02  8.8643E+02  1.1248E+03
4.7703E-02  6.4293E+02  6.4257E+02
4.7726E-02  6.6914E+02  6.7085E+02
4.7748E-02  1.0994E+03  1.2666E+04
4.7771E-02  5.6260E+04  6.6466E+04
4.7794E-02  4.9879E+03  1.1146E+04
4.7816E-02  8.3039E+02  9.6573E+02
4.7839E-02  8.5411E+02  8.9551E+02
4.7862E-02  7.7270E+02  7.7550E+02
4.7885E-02  6.7864E+02  6.8459E+02
4.7907E-02  6.3497E+02  6.3461E+02
4.7930E-02  6.3411E+02  6.3374E+02
4.7953E-02  6.3556E+02  6.3521E+02
4.7976E-02  6.3822E+02  6.3786E+02
4.7999E-02  6.3352E+02  6.3316E+02
4.8021E-02  6.3231E+02  6.3194E+02
4.8044E-02  6.3202E+02  6.3165E+02
4.8067E-02  6.3187E+02  6.3150E+02
4.8090E-02  6.3171E+02  6.3135E+02
4.8113E-02  6.3244E+02  6.3207E+02
4.8136E-02  6.3558E+02  6.3522E+02
4.8158E-02  6.3562E+02  6.3526E+02
4.8181E-02  6.5771E+02  6.5787E+02
4.8204E-02  6.5211E+02  6.5194E+02
4.8227E-02  6.5421E+02  6.5387E+02
4.8250E-02  6.6058E+02  6.6025E+02
4.8273E-02  6.7892E+02  6.7873E+02
4.8296E-02  7.2839E+02  7.2992E+02
4.8319E-02  8.8116E+02  8.9560E+02
4.8342E-02  1.8055E+03  9.5923E+05
4.8365E-02  1.7264E+07  2.5068E+07
4.8388E-02  2.6396E+03  5.8613E+06
4.8411E-02  1.0370E+03  1.0733E+03
4.8434E-02  8.7933E+02  8.9382E+02
4.8457E-02  6.9799E+02  6.9806E+02
4.8480E-02  6.7462E+02  6.7432E+02
4.8503E-02  6.6439E+02  6.6404E+02
4.8526E-02  6.6324E+02  6.6294E+02
4.8549E-02  6.8474E+02  6.8461E+02
4.8572E-02  6.5447E+02  6.5418E+02
4.8595E-02  6.5025E+02  6.4989E+02
4.8618E-02  6.4806E+02  6.4770E+02
4.8642E-02  6.4719E+02  6.4684E+02
4.8665E-02  6.6778E+02  6.6762E+02
4.8688E-02  6.4931E+02  6.4908E+02
4.8711E-02  6.4229E+02  6.4192E+02
4.8734E-02  6.4163E+02  6.4127E+02
4.8757E-02  6.4054E+02  6.4018E+02
4.8780E-02  6.3917E+02  6.3880E+02
4.8804E-02  6.3815E+02  6.3779E+02
4.8827E-02  6.3744E+02  6.3707E+02
4.8850E-02  6.3659E+02  6.3622E+02
4.8873E-02  6.3590E+02  6.3554E+02
4.8897E-02  6.3531E+02  6.3494E+02
4.8920E-02  6.3475E+02  6.3439E+02
4.8943E-02  6.3582E+02  6.3546E+02
4.8966E-02  6.3398E+02  6.3362E+02
4.8990E-02  6.3285E+02  6.3249E+02
4.9013E-02  6.3250E+02  6.3213E+02
4.9036E-02  6.3221E+02  6.3185E+02
4.9059E-02  7.7138E+02  8.0279E+02
4.9083E-02  7.1055E+02  7.3232E+02
4.9106E-02  6.3006E+02  6.2969E+02
4.9129E-02  6.2938E+02  6.2902E+02
4.9153E-02  6.2883E+02  6.2847E+02
4.9176E-02  6.2849E+02  6.2813E+02
4.9200E-02  6.2819E+02  6.2782E+02
4.9223E-02  6.2793E+02  6.2757E+02
4.9246E-02  6.2720E+02  6.2683E+02
4.9270E-02  6.2623E+02  6.2587E+02
4.9293E-02  6.2703E+02  6.2667E+02
4.9317E-02  6.2782E+02  6.2746E+02
4.9340E-02  6.2454E+02  6.2417E+02
4.9364E-02  6.2389E+02  6.2353E+02
4.9387E-02  6.2340E+02  6.2304E+02
4.9410E-02  6.2315E+02  6.2279E+02
4.9434E-02  6.2236E+02  6.2200E+02
4.9457E-02  6.2313E+02  6.2277E+02
4.9481E-02  6.2243E+02  6.2206E+02
4.9504E-02  6.2104E+02  6.2068E+02
4.9528E-02  6.2019E+02  6.1983E+02
4.9552E-02  6.2066E+02  6.2029E+02
4.9575E-02  6.2121E+02  6.2085E+02
4.9599E-02  6.3196E+02  6.3186E+02
4.9622E-02  6.2674E+02  6.2659E+02
4.9646E-02  6.2588E+02  6.2598E+02
4.9669E-02  6.8130E+02  6.8211E+02
4.9693E-02  6.2106E+02  6.2090E+02
4.9717E-02  6.1612E+02  6.1576E+02
4.9740E-02  6.1552E+02  6.1516E+02
4.9764E-02  6.1502E+02  6.1466E+02
4.9788E-02  6.1449E+02  6.1413E+02
4.9811E-02  6.1461E+02  6.1425E+02
4.9835E-02  6.1502E+02  6.1465E+02
4.9859E-02  6.1314E+02  6.1278E+02
4.9882E-02  6.1978E+02  6.1945E+02
4.9906E-02  6.1435E+02  6.1401E+02
4.9930E-02  8.1643E+02  1.9170E+03
4.9954E-02  3.0109E+03  4.9642E+03
4.9977E-02  6.3222E+02  6.6224E+02
5.0001E-02  6.0995E+02  6.0958E+02
5.0025E-02  6.7855E+02  7.5179E+02
5.0049E-02  1.7520E+03  1.9056E+03
5.0072E-02  6.9526E+02  7.4854E+02
5.0096E-02  6.0897E+02  6.0862E+02
5.0120E-02  6.0745E+02  6.0708E+02
5.0144E-02  6.1014E+02  6.0978E+02
5.0168E-02  6.0741E+02  6.0705E+02
5.0192E-02  6.0595E+02  6.0558E+02
5.0215E-02  6.0536E+02  6.0499E+02
5.0239E-02  6.0870E+02  6.0841E+02
5.0263E-02  7.0961E+02  7.1498E+02
5.0287E-02  6.3032E+02  6.3344E+02
5.0311E-02  6.0332E+02  6.0296E+02
5.0335E-02  6.0293E+02  6.0257E+02
5.0359E-02  6.0382E+02  6.0346E+02
5.0383E-02  6.0378E+02  6.0342E+02
5.0407E-02  6.0284E+02  6.0247E+02
5.0431E-02  6.0118E+02  6.0081E+02
5.0455E-02  7.3261E+02  8.0308E+02
5.0479E-02  7.7951E+02  8.6740E+02
5.0503E-02  5.9952E+02  5.9916E+02
5.0527E-02  5.9902E+02  5.9865E+02
5.0551E-02  5.9983E+02  5.9947E+02
5.0575E-02  6.0134E+02  6.0098E+02
5.0599E-02  6.1128E+02  6.1118E+02
5.0623E-02  6.0644E+02  6.0625E+02
5.0647E-02  5.9917E+02  5.9880E+02
5.0671E-02  6.1079E+02  6.1105E+02
5.0695E-02  1.0571E+03  8.8170E+03
5.0719E-02  1.0923E+03  1.0442E+04
5.0743E-02  6.1720E+02  6.1861E+02
5.0767E-02  7.8211E+02  7.9040E+02
5.0791E-02  6.4060E+02  6.4352E+02
5.0816E-02  6.5964E+02  6.6112E+02
5.0840E-02  6.1119E+02  6.1091E+02
5.0864E-02  6.1536E+02  6.1505E+02
5.0888E-02  6.1591E+02  6.1555E+02
5.0912E-02  6.3343E+02  6.3348E+02
5.0937E-02  6.7994E+02  6.8019E+02
5.0961E-02  8.0574E+02  8.2297E+02
5.0985E-02  1.9801E+03  1.0344E+04
5.1009E-02  5.7117E+04  7.0347E+04
5.1033E-02  2.6844E+03  7.5303E+03
5.1058E-02  8.8012E+02  9.1629E+02
5.1082E-02  6.8319E+02  6.8467E+02
5.1106E-02  6.3174E+02  6.3159E+02
5.1131E-02  6.1142E+02  6.1109E+02
5.1155E-02  6.3551E+02  6.3797E+02
5.1179E-02  6.3602E+02  6.3950E+02
5.1204E-02  5.9321E+02  5.9284E+02
5.1228E-02  5.9093E+02  5.9057E+02
5.1252E-02  5.8926E+02  5.8890E+02
5.1277E-02  5.8795E+02  5.8759E+02
5.1301E-02  6.0635E+02  6.0634E+02
5.1325E-02  5.9313E+02  5.9298E+02
5.1350E-02  5.9614E+02  5.9626E+02
5.1374E-02  7.1742E+02  7.3854E+02
5.1399E-02  7.0680E+02  7.4451E+02
5.1423E-02  6.0234E+02  6.0218E+02
5.1447E-02  5.8893E+02  5.8867E+02
5.1472E-02  5.8358E+02  5.8322E+02
5.1496E-02  5.8274E+02  5.8238E+02
5.1521E-02  5.8104E+02  5.8068E+02
5.1545E-02  6.0104E+02  6.0404E+02
5.1570E-02  7.4570E+02  7.5198E+02
5.1594E-02  7.3625E+02  7.8463E+02
5.1619E-02  7.3125E+02  8.0144E+02
5.1643E-02  5.7878E+02  5.7842E+02
5.1668E-02  5.7938E+02  5.7901E+02
5.1693E-02  5.7778E+02  5.7741E+02
5.1717E-02  5.7724E+02  5.7688E+02
5.1742E-02  5.7685E+02  5.7649E+02
5.1766E-02  5.8487E+02  5.8493E+02
5.1791E-02  6.2379E+02  6.2437E+02
5.1816E-02  8.2447E+02  1.1895E+03
5.1840E-02  9.7645E+02  1.2567E+03
5.1865E-02  6.1382E+02  6.1727E+02
5.1889E-02  5.7716E+02  5.7680E+02
5.1914E-02  5.7567E+02  5.7530E+02
5.1939E-02  1.1735E+03  4.9059E+03
5.1964E-02  8.3286E+02  2.8151E+03
5.1988E-02  5.7635E+02  5.7599E+02
5.2013E-02  5.7790E+02  5.7754E+02
5.2038E-02  5.7796E+02  5.7759E+02
5.2062E-02  5.8026E+02  5.7992E+02
5.2087E-02  5.9634E+02  5.9604E+02
5.2112E-02  5.9225E+02  5.9191E+02
5.2137E-02  6.0942E+02  6.0930E+02
5.2161E-02  6.5096E+02  6.5143E+02
5.2186E-02  8.1138E+02  8.4031E+02
5.2211E-02  1.9057E+03  4.5372E+03
5.2236E-02  1.2081E+04  1.2261E+04
5.2261E-02  2.1412E+03  5.0293E+03
5.2286E-02  4.8517E+03  5.7445E+03
5.2310E-02  1.0007E+03  1.5028E+03
5.2335E-02  8.2383E+02  8.8800E+02
5.2360E-02  5.9600E+02  5.9599E+02
5.2385E-02  5.7975E+02  5.7940E+02
5.2410E-02  5.7427E+02  5.7391E+02
5.2435E-02  5.7130E+02  5.7093E+02
5.2460E-02  6.5493E+02  6.6458E+02
5.2485E-02  6.3163E+02  6.3955E+02
5.2510E-02  7.8412E+02  8.0046E+02
5.2535E-02  5.7483E+02  5.7571E+02
5.2560E-02  5.6582E+02  5.6546E+02
5.2585E-02  5.6530E+02  5.6493E+02
5.2610E-02  5.6546E+02  5.6510E+02
5.2635E-02  5.6602E+02  5.6566E+02
5.2660E-02  1.1578E+03  2.8274E+03
5.2685E-02  7.6779E+02  1.5086E+03
5.2710E-02  5.6816E+02  5.6780E+02
5.2735E-02  5.7033E+02  5.6997E+02
5.2760E-02  5.7570E+02  5.7535E+02
5.2785E-02  5.8534E+02  5.8501E+02
5.2810E-02  6.0859E+02  6.0852E+02
5.2835E-02  6.7313E+02  6.7630E+02
5.2860E-02  1.2012E+03  1.5083E+03
5.2885E-02  4.6160E+03  1.4773E+04
5.2911E-02  4.5626E+04  6.7999E+04
5.2936E-02  2.0501E+03  3.7018E+03
5.2961E-02  9.4219E+02  1.2022E+03
5.2986E-02  6.7481E+02  6.7479E+02
5.3011E-02  6.5315E+02  6.5282E+02
5.3036E-02  6.4584E+02  6.4547E+02
5.3062E-02  7.0723E+02  7.6690E+02
5.3087E-02  2.0604E+03  2.3153E+03
5.3112E-02  7.2740E+02  8.0899E+02
5.3137E-02  6.6999E+02  6.7037E+02
5.3163E-02  1.0864E+03  1.1810E+03
5.3188E-02  9.0947E+02  1.0503E+03
5.3213E-02  1.5053E+03  1.6905E+03
5.3238E-02  8.9742E+02  8.9950E+02
5.3264E-02  1.2536E+03  1.4238E+03
5.3289E-02  5.0477E+03  4.8341E+04
5.3314E-02  1.0455E+04  1.3001E+05
5.3340E-02  1.1959E+03  1.3751E+03
5.3365E-02  7.9843E+02  8.0283E+02
5.3391E-02  7.2022E+02  7.2012E+02
5.3416E-02  6.9842E+02  6.9807E+02
5.3441E-02  8.0569E+02  8.1435E+02
5.3467E-02  7.4292E+02  7.4575E+02
5.3492E-02  8.0162E+02  8.1364E+02
5.3518E-02  1.1870E+03  1.2419E+03
5.3543E-02  3.4414E+03  1.8954E+04
5.3568E-02  1.1805E+05  1.5338E+05
5.3594E-02  2.2549E+03  1.0121E+04
5.3619E-02  1.0839E+03  1.2574E+03
5.3645E-02  7.9368E+02  7.9380E+02
5.3670E-02  8.1286E+02  8.1378E+02
5.3696E-02  1.0131E+03  1.0462E+03
5.3721E-02  3.0177E+03  7.5290E+03
5.3747E-02  4.4281E+04  5.4722E+04
5.3773E-02  1.7628E+03  5.8918E+03
5.3798E-02  1.0223E+03  1.0236E+03
5.3824E-02  1.1609E+03  1.2125E+03
5.3849E-02  3.2755E+03  5.1363E+04
5.3875E-02  1.4994E+04  1.3382E+05
5.3900E-02  7.1077E+03  7.1803E+03
5.3926E-02  1.0913E+04  1.1231E+04
5.3952E-02  1.6358E+04  1.6585E+04
5.3977E-02  2.1435E+04  2.1598E+04
5.4003E-02  2.5626E+04  2.5691E+04
5.4029E-02  2.6497E+04  2.6498E+04
5.4054E-02  2.6058E+04  2.6058E+04
5.4080E-02  2.5917E+04  2.5917E+04
5.4106E-02  2.5847E+04  2.5846E+04
5.4132E-02  2.5780E+04  2.5780E+04
5.4157E-02  2.5713E+04  2.5713E+04
5.4183E-02  2.5660E+04  2.5660E+04
5.4209E-02  2.5708E+04  2.5708E+04
5.4235E-02  2.5534E+04  2.5533E+04
5.4260E-02  2.5489E+04  2.5488E+04
5.4286E-02  2.5924E+04  2.5926E+04
5.4312E-02  2.5439E+04  2.5439E+04
5.4338E-02  2.5389E+04  2.5389E+04
5.4364E-02  2.5498E+04  2.5510E+04
5.4389E-02  2.7245E+04  2.7291E+04
5.4415E-02  2.5136E+04  2.5138E+04
5.4441E-02  2.5065E+04  2.5064E+04
5.4467E-02  2.4959E+04  2.4959E+04
5.4493E-02  2.4917E+04  2.4916E+04
5.4519E-02  2.4876E+04  2.4876E+04
5.4545E-02  2.4790E+04  2.4790E+04
5.4571E-02  2.4743E+04  2.4742E+04
5.4597E-02  2.4768E+04  2.4767E+04
5.4623E-02  2.4664E+04  2.4664E+04
5.4649E-02  2.4545E+04  2.4545E+04
5.4675E-02  2.4493E+04  2.4492E+04
5.4700E-02  2.4440E+04  2.4440E+04
5.4726E-02  2.4394E+04  2.4394E+04
5.4753E-02  2.4353E+04  2.4353E+04
5.4779E-02  2.4427E+04  2.4427E+04
5.4805E-02  2.4301E+04  2.4301E+04
5.4831E-02  2.4193E+04  2.4192E+04
5.4857E-02  2.4145E+04  2.4145E+04
5.4883E-02  2.4098E+04  2.4098E+04
5.4909E-02  2.4053E+04  2.4052E+04
5.4935E-02  2.4007E+04  2.4007E+04
5.4961E-02  2.3965E+04  2.3965E+04
5.4987E-02  2.3952E+04  2.3951E+04
5.5013E-02  2.3877E+04  2.3877E+04
5.5040E-02  2.3831E+04  2.3831E+04
5.5066E-02  2.3789E+04  2.3789E+04
5.5092E-02  2.3747E+04  2.3747E+04
5.5118E-02  2.3706E+04  2.3705E+04
5.5144E-02  2.3665E+04  2.3664E+04
5.5170E-02  2.3624E+04  2.3624E+04
5.5197E-02  2.3590E+04  2.3590E+04
5.5223E-02  2.3548E+04  2.3548E+04
5.5249E-02  2.3506E+04  2.3506E+04
5.5275E-02  2.3467E+04  2.3467E+04
5.5302E-02  2.3429E+04  2.3429E+04
5.5328E-02  2.3392E+04  2.3392E+04
5.5354E-02  2.3359E+04  2.3358E+04
5.5381E-02  2.3326E+04  2.3326E+04
5.5407E-02  2.3295E+04  2.3294E+04
5.5433E-02  2.3264E+04  2.3264E+04
5.5460E-02  2.3234E+04  2.3234E+04
5.5486E-02  2.3205E+04  2.3204E+04
5.5512E-02  2.3175E+04  2.3175E+04
5.5539E-02  2.3146E+04  2.3146E+04
5.5565E-02  2.3117E+04  2.3117E+04
5.5592E-02  2.3088E+04  2.3088E+04
5.5618E-02  2.3059E+04  2.3058E+04
5.5644E-02  2.3029E+04  2.3029E+04
5.5671E-02  2.2996E+04  2.2996E+04
5.5697E-02  2.2963E+04  2.2963E+04
5.5724E-02  2.2931E+04  2.2930E+04
5.5750E-02  2.2898E+04  2.2898E+04
5.5777E-02  2.2866E+04  2.2865E+04
5.5803E-02  2.2834E+04  2.2833E+04
5.5830E-02  2.2802E+04  2.2802E+04
5.5856E-02  2.2770E+04  2.2770E+04
5.5883E-02  2.2739E+04  2.2739E+04
5.5910E-02  2.2708E+04  2.2708E+04
5.5936E-02  2.2677E+04  2.2677E+04
5.5963E-02  2.2647E+04  2.2646E+04
5.5989E-02  2.2617E+04  2.2617E+04
5.6016E-02  2.2587E+04  2.2587E+04
5.6043E-02  2.2556E+04  2.2556E+04
5.6069E-02  2.2526E+04  2.2526E+04
5.6096E-02  2.2497E+04  2.2496E+04
5.6123E-02  2.2467E+04  2.2467E+04
5.6149E-02  2.2438E+04  2.2438E+04
5.6176E-02  2.2410E+04  2.2409E+04
5.6203E-02  2.2381E+04  2.2380E+04
5.6229E-02  2.2352E+04  2.2351E+04
5.6256E-02  2.2323E+04  2.2323E+04
5.6283E-02  2.2295E+04  2.2295E+04
5.6310E-02  2.2267E+04  2.2267E+04
5.6336E-02  2.2239E+04  2.2239E+04
5.6363E-02  2.2211E+04  2.2211E+04
5.6390E-02  2.2184E+04  2.2183E+04
5.6417E-02  2.2158E+04  2.2158E+04
5.6444E-02  2.2212E+04  2.2211E+04
5.6470E-02  2.2113E+04  2.2113E+04
5.6497E-02  2.2077E+04  2.2076E+04
5.6524E-02  2.2049E+04  2.2049E+04
5.6551E-02  2.2024E+04  2.2023E+04
5.6578E-02  2.1999E+04  2.1999E+04
5.6605E-02  2.1998E+04  2.1998E+04
5.6632E-02  2.2026E+04  2.2026E+04
5.6659E-02  2.1916E+04  2.1916E+04
5.6686E-02  2.1890E+04  2.1890E+04
5.6712E-02  2.1907E+04  2.1906E+04
5.6739E-02  2.1884E+04  2.1884E+04
5.6766E-02  2.1812E+04  2.1812E+04
5.6793E-02  2.1787E+04  2.1786E+04
5.6820E-02  2.1761E+04  2.1761E+04
5.6847E-02  2.1736E+04  2.1735E+04
5.6874E-02  2.1711E+04  2.1710E+04
5.6901E-02  2.1686E+04  2.1686E+04
5.6929E-02  2.1664E+04  2.1664E+04
5.6956E-02  2.1637E+04  2.1637E+04
5.6983E-02  2.1611E+04  2.1610E+04
5.7010E-02  2.1586E+04  2.1586E+04
5.7037E-02  2.1561E+04  2.1561E+04
5.7064E-02  2.1537E+04  2.1536E+04
5.7091E-02  2.1512E+04  2.1512E+04
5.7118E-02  2.1488E+04  2.1488E+04
5.7145E-02  2.1464E+04  2.1464E+04
5.7173E-02  2.1440E+04  2.1439E+04
5.7200E-02  2.1416E+04  2.1416E+04
5.7227E-02  2.1392E+04  2.1392E+04
5.7254E-02  2.1369E+04  2.1369E+04
5.7281E-02  2.1345E+04  2.1345E+04
5.7309E-02  2.1321E+04  2.1321E+04
5.7336E-02  2.1298E+04  2.1298E+04
5.7363E-02  2.1275E+04  2.1274E+04
5.7390E-02  2.1252E+04  2.1251E+04
5.7418E-02  2.1242E+04  2.1241E+04
5.7445E-02  2.1594E+04  2.1595E+04
5.7472E-02  2.1220E+04  2.1220E+04
5.7500E-02  2.1163E+04  2.1163E+04
5.7527E-02  2.1136E+04  2.1135E+04
5.7554E-02  2.1114E+04  2.1114E+04
5.7582E-02  2.1093E+04  2.1093E+04
5.7609E-02  2.1067E+04  2.1067E+04
5.7636E-02  2.1044E+04  2.1044E+04
5.7664E-02  2.1021E+04  2.1021E+04
5.7691E-02  2.0999E+04  2.0998E+04
5.7719E-02  2.0976E+04  2.0976E+04
5.7746E-02  2.0954E+04  2.0953E+04
5.7774E-02  2.0933E+04  2.0932E+04
5.7801E-02  2.0950E+04  2.0950E+04
5.7828E-02  2.1288E+04  2.1291E+04
5.7856E-02  2.0873E+04  2.0873E+04
5.7883E-02  2.0842E+04  2.0842E+04
5.7911E-02  2.0820E+04  2.0820E+04
5.7938E-02  2.0797E+04  2.0797E+04
5.7966E-02  2.0776E+04  2.0775E+04
5.7994E-02  2.0756E+04  2.0755E+04
5.8021E-02  2.0732E+04  2.0731E+04
5.8049E-02  2.0709E+04  2.0709E+04
5.8076E-02  2.0687E+04  2.0687E+04
5.8104E-02  2.0665E+04  2.0665E+04
5.8132E-02  2.0768E+04  2.0769E+04
5.8159E-02  2.0769E+04  2.0770E+04
5.8187E-02  2.0602E+04  2.0601E+04
5.8215E-02  2.0590E+04  2.0590E+04
5.8242E-02  2.0563E+04  2.0562E+04
5.8270E-02  2.0981E+04  2.1002E+04
5.8298E-02  2.1351E+04  2.1376E+04
5.8325E-02  2.0534E+04  2.0534E+04
5.8353E-02  2.0476E+04  2.0475E+04
5.8381E-02  2.0454E+04  2.0454E+04
5.8409E-02  2.0433E+04  2.0433E+04
5.8436E-02  2.0407E+04  2.0407E+04
5.8464E-02  2.0386E+04  2.0385E+04
5.8492E-02  2.0386E+04  2.0386E+04
5.8520E-02  2.0374E+04  2.0374E+04
5.8547E-02  2.0324E+04  2.0323E+04
5.8575E-02  2.0399E+04  2.0407E+04
5.8603E-02  2.7089E+04  2.7837E+04
5.8631E-02  2.0966E+04  2.1122E+04
5.8659E-02  2.0238E+04  2.0237E+04
5.8687E-02  2.0217E+04  2.0217E+04
5.8715E-02  2.0196E+04  2.0196E+04
5.8743E-02  2.0175E+04  2.0175E+04
5.8771E-02  2.0154E+04  2.0154E+04
5.8798E-02  2.0133E+04  2.0133E+04
5.8826E-02  2.0113E+04  2.0112E+04
5.8854E-02  2.0119E+04  2.0119E+04
5.8882E-02  2.3313E+04  2.3515E+04
5.8910E-02  2.0554E+04  2.0599E+04
5.8938E-02  2.0030E+04  2.0030E+04
5.8966E-02  2.0009E+04  2.0009E+04
5.8994E-02  1.9989E+04  1.9989E+04
5.9022E-02  1.9968E+04  1.9968E+04
5.9051E-02  1.9948E+04  1.9947E+04
5.9079E-02  1.9927E+04  1.9927E+04
5.9107E-02  1.9907E+04  1.9906E+04
5.9135E-02  1.9887E+04  1.9886E+04
5.9163E-02  1.9866E+04  1.9866E+04
5.9191E-02  1.9846E+04  1.9845E+04
5.9219E-02  1.9825E+04  1.9825E+04
5.9247E-02  1.9805E+04  1.9804E+04
5.9275E-02  1.9785E+04  1.9784E+04
5.9304E-02  1.9764E+04  1.9764E+04
5.9332E-02  1.9744E+04  1.9744E+04
5.9360E-02  1.9724E+04  1.9723E+04
5.9388E-02  1.9704E+04  1.9703E+04
5.9416E-02  1.9687E+04  1.9687E+04
5.9445E-02  1.9666E+04  1.9666E+04
5.9473E-02  1.9645E+04  1.9645E+04
5.9501E-02  1.9625E+04  1.9625E+04
5.9530E-02  1.9606E+04  1.9605E+04
5.9558E-02  1.9589E+04  1.9589E+04
5.9586E-02  1.9677E+04  1.9677E+04
5.9615E-02  1.9564E+04  1.9564E+04
5.9643E-02  2.0210E+04  2.0218E+04
5.9671E-02  1.9578E+04  1.9579E+04
5.9700E-02  1.9483E+04  1.9483E+04
5.9728E-02  1.9463E+04  1.9463E+04
5.9756E-02  1.9443E+04  1.9443E+04
5.9785E-02  1.9423E+04  1.9423E+04
5.9813E-02  1.9404E+04  1.9403E+04
5.9842E-02  1.9384E+04  1.9384E+04
5.9870E-02  1.9364E+04  1.9363E+04
5.9899E-02  1.9490E+04  1.9498E+04
5.9927E-02  2.1580E+04  2.1656E+04
5.9955E-02  1.9401E+04  1.9403E+04
5.9984E-02  1.9286E+04  1.9286E+04
6.0012E-02  1.9266E+04  1.9266E+04
6.0041E-02  1.9246E+04  1.9246E+04
6.0070E-02  1.9226E+04  1.9226E+04
6.0098E-02  1.9206E+04  1.9206E+04
6.0127E-02  1.9187E+04  1.9186E+04
6.0155E-02  1.9167E+04  1.9166E+04
6.0184E-02  1.9147E+04  1.9147E+04
6.0212E-02  1.9127E+04  1.9127E+04
6.0241E-02  1.9108E+04  1.9107E+04
6.0270E-02  1.9088E+04  1.9088E+04
6.0298E-02  1.9068E+04  1.9068E+04
6.0327E-02  1.9049E+04  1.9049E+04
6.0356E-02  1.9029E+04  1.9029E+04
6.0384E-02  1.9010E+04  1.9009E+04
6.0413E-02  1.8991E+04  1.8990E+04
6.0442E-02  1.8971E+04  1.8971E+04
6.0471E-02  1.8952E+04  1.8952E+04
6.0499E-02  1.8933E+04  1.8932E+04
6.0528E-02  1.8914E+04  1.8913E+04
6.0557E-02  1.8894E+04  1.8894E+04
6.0586E-02  1.8875E+04  1.8875E+04
6.0614E-02  1.8855E+04  1.8855E+04