Number of T =   1  Number of rho =   1  Number of materials =   9
TOPS results for  phW11T0         on Sep 19, 2026
Opacities in cm**2/gm, T in keV, density in gm/cc
Normalized composition for requested elements
No. Fraction Mass Fraction  At. No.  Chem. Sym.  Mat ID.
9.7044E-01   8.8941E-01      1         H         4525
2.9297E-02   1.0664E-01      2         He        4675
2.4325E-06   2.6953E-05      6         C         4387
1.1017E-04   1.4030E-03      7         N         4005
8.3156E-05   1.2116E-03      8         O         4105
2.5313E-09   4.3732E-08      9         F         4405
2.2228E-05   4.0413E-04     10         Ne        4145
4.1339E-05   9.0165E-04     12         Mg        4682
2.1699E-07   7.8856E-06     20         Ca        2302
Temperature grid used the following   1 points
1.5000E-03
Density grid used the following   1 points
1.9163E-09
Photon grid used the following 999 points
5.6461E-03  5.6488E-03  5.6515E-03  5.6542E-03  5.6569E-03  5.6596E-03
5.6623E-03  5.6650E-03  5.6677E-03  5.6703E-03  5.6730E-03  5.6757E-03
5.6784E-03  5.6811E-03  5.6838E-03  5.6865E-03  5.6892E-03  5.6919E-03
5.6947E-03  5.6974E-03  5.7001E-03  5.7028E-03  5.7055E-03  5.7082E-03
5.7109E-03  5.7136E-03  5.7163E-03  5.7191E-03  5.7218E-03  5.7245E-03
5.7272E-03  5.7299E-03  5.7327E-03  5.7354E-03  5.7381E-03  5.7408E-03
5.7436E-03  5.7463E-03  5.7490E-03  5.7518E-03  5.7545E-03  5.7572E-03
5.7600E-03  5.7627E-03  5.7655E-03  5.7682E-03  5.7709E-03  5.7737E-03
5.7764E-03  5.7792E-03  5.7819E-03  5.7847E-03  5.7874E-03  5.7902E-03
5.7929E-03  5.7957E-03  5.7984E-03  5.8012E-03  5.8040E-03  5.8067E-03
5.8095E-03  5.8122E-03  5.8150E-03  5.8178E-03  5.8205E-03  5.8233E-03
5.8261E-03  5.8288E-03  5.8316E-03  5.8344E-03  5.8371E-03  5.8399E-03
5.8427E-03  5.8455E-03  5.8483E-03  5.8510E-03  5.8538E-03  5.8566E-03
5.8594E-03  5.8622E-03  5.8650E-03  5.8677E-03  5.8705E-03  5.8733E-03
5.8761E-03  5.8789E-03  5.8817E-03  5.8845E-03  5.8873E-03  5.8901E-03
5.8929E-03  5.8957E-03  5.8985E-03  5.9013E-03  5.9041E-03  5.9069E-03
5.9097E-03  5.9125E-03  5.9153E-03  5.9182E-03  5.9210E-03  5.9238E-03
5.9266E-03  5.9294E-03  5.9322E-03  5.9351E-03  5.9379E-03  5.9407E-03
5.9435E-03  5.9464E-03  5.9492E-03  5.9520E-03  5.9548E-03  5.9577E-03
5.9605E-03  5.9633E-03  5.9662E-03  5.9690E-03  5.9718E-03  5.9747E-03
5.9775E-03  5.9804E-03  5.9832E-03  5.9861E-03  5.9889E-03  5.9917E-03
5.9946E-03  5.9974E-03  6.0003E-03  6.0031E-03  6.0060E-03  6.0089E-03
6.0117E-03  6.0146E-03  6.0174E-03  6.0203E-03  6.0232E-03  6.0260E-03
6.0289E-03  6.0317E-03  6.0346E-03  6.0375E-03  6.0404E-03  6.0432E-03
6.0461E-03  6.0490E-03  6.0518E-03  6.0547E-03  6.0576E-03  6.0605E-03
6.0634E-03  6.0662E-03  6.0691E-03  6.0720E-03  6.0749E-03  6.0778E-03
6.0807E-03  6.0836E-03  6.0865E-03  6.0894E-03  6.0923E-03  6.0951E-03
6.0980E-03  6.1009E-03  6.1038E-03  6.1067E-03  6.1096E-03  6.1126E-03
6.1155E-03  6.1184E-03  6.1213E-03  6.1242E-03  6.1271E-03  6.1300E-03
6.1329E-03  6.1358E-03  6.1388E-03  6.1417E-03  6.1446E-03  6.1475E-03
6.1504E-03  6.1534E-03  6.1563E-03  6.1592E-03  6.1621E-03  6.1651E-03
6.1680E-03  6.1709E-03  6.1739E-03  6.1768E-03  6.1797E-03  6.1827E-03
6.1856E-03  6.1886E-03  6.1915E-03  6.1944E-03  6.1974E-03  6.2003E-03
6.2033E-03  6.2062E-03  6.2092E-03  6.2121E-03  6.2151E-03  6.2180E-03
6.2210E-03  6.2240E-03  6.2269E-03  6.2299E-03  6.2328E-03  6.2358E-03
6.2388E-03  6.2417E-03  6.2447E-03  6.2477E-03  6.2506E-03  6.2536E-03
6.2566E-03  6.2596E-03  6.2625E-03  6.2655E-03  6.2685E-03  6.2715E-03
6.2744E-03  6.2774E-03  6.2804E-03  6.2834E-03  6.2864E-03  6.2894E-03
6.2924E-03  6.2954E-03  6.2983E-03  6.3013E-03  6.3043E-03  6.3073E-03
6.3103E-03  6.3133E-03  6.3163E-03  6.3193E-03  6.3223E-03  6.3253E-03
6.3284E-03  6.3314E-03  6.3344E-03  6.3374E-03  6.3404E-03  6.3434E-03
6.3464E-03  6.3494E-03  6.3525E-03  6.3555E-03  6.3585E-03  6.3615E-03
6.3646E-03  6.3676E-03  6.3706E-03  6.3736E-03  6.3767E-03  6.3797E-03
6.3827E-03  6.3858E-03  6.3888E-03  6.3918E-03  6.3949E-03  6.3979E-03
6.4010E-03  6.4040E-03  6.4070E-03  6.4101E-03  6.4131E-03  6.4162E-03
6.4192E-03  6.4223E-03  6.4253E-03  6.4284E-03  6.4314E-03  6.4345E-03
6.4376E-03  6.4406E-03  6.4437E-03  6.4468E-03  6.4498E-03  6.4529E-03
6.4559E-03  6.4590E-03  6.4621E-03  6.4652E-03  6.4682E-03  6.4713E-03
6.4744E-03  6.4775E-03  6.4805E-03  6.4836E-03  6.4867E-03  6.4898E-03
6.4929E-03  6.4960E-03  6.4991E-03  6.5021E-03  6.5052E-03  6.5083E-03
6.5114E-03  6.5145E-03  6.5176E-03  6.5207E-03  6.5238E-03  6.5269E-03
6.5300E-03  6.5331E-03  6.5362E-03  6.5393E-03  6.5424E-03  6.5455E-03
6.5487E-03  6.5518E-03  6.5549E-03  6.5580E-03  6.5611E-03  6.5642E-03
6.5674E-03  6.5705E-03  6.5736E-03  6.5767E-03  6.5799E-03  6.5830E-03
6.5861E-03  6.5892E-03  6.5924E-03  6.5955E-03  6.5986E-03  6.6018E-03
6.6049E-03  6.6081E-03  6.6112E-03  6.6143E-03  6.6175E-03  6.6206E-03
6.6238E-03  6.6269E-03  6.6301E-03  6.6332E-03  6.6364E-03  6.6395E-03
6.6427E-03  6.6459E-03  6.6490E-03  6.6522E-03  6.6553E-03  6.6585E-03
6.6617E-03  6.6648E-03  6.6680E-03  6.6712E-03  6.6744E-03  6.6775E-03
6.6807E-03  6.6839E-03  6.6871E-03  6.6902E-03  6.6934E-03  6.6966E-03
6.6998E-03  6.7030E-03  6.7061E-03  6.7093E-03  6.7125E-03  6.7157E-03
6.7189E-03  6.7221E-03  6.7253E-03  6.7285E-03  6.7317E-03  6.7349E-03
6.7381E-03  6.7413E-03  6.7445E-03  6.7477E-03  6.7509E-03  6.7541E-03
6.7573E-03  6.7606E-03  6.7638E-03  6.7670E-03  6.7702E-03  6.7734E-03
6.7766E-03  6.7799E-03  6.7831E-03  6.7863E-03  6.7895E-03  6.7928E-03
6.7960E-03  6.7992E-03  6.8025E-03  6.8057E-03  6.8089E-03  6.8122E-03
6.8154E-03  6.8186E-03  6.8219E-03  6.8251E-03  6.8284E-03  6.8316E-03
6.8349E-03  6.8381E-03  6.8414E-03  6.8446E-03  6.8479E-03  6.8511E-03
6.8544E-03  6.8576E-03  6.8609E-03  6.8642E-03  6.8674E-03  6.8707E-03
6.8740E-03  6.8772E-03  6.8805E-03  6.8838E-03  6.8870E-03  6.8903E-03
6.8936E-03  6.8969E-03  6.9001E-03  6.9034E-03  6.9067E-03  6.9100E-03
6.9133E-03  6.9166E-03  6.9198E-03  6.9231E-03  6.9264E-03  6.9297E-03
6.9330E-03  6.9363E-03  6.9396E-03  6.9429E-03  6.9462E-03  6.9495E-03
6.9528E-03  6.9561E-03  6.9594E-03  6.9627E-03  6.9660E-03  6.9694E-03
6.9727E-03  6.9760E-03  6.9793E-03  6.9826E-03  6.9859E-03  6.9893E-03
6.9926E-03  6.9959E-03  6.9992E-03  7.0026E-03  7.0059E-03  7.0092E-03
7.0125E-03  7.0159E-03  7.0192E-03  7.0226E-03  7.0259E-03  7.0292E-03
7.0326E-03  7.0359E-03  7.0393E-03  7.0426E-03  7.0460E-03  7.0493E-03
7.0527E-03  7.0560E-03  7.0594E-03  7.0627E-03  7.0661E-03  7.0694E-03
7.0728E-03  7.0762E-03  7.0795E-03  7.0829E-03  7.0863E-03  7.0896E-03
7.0930E-03  7.0964E-03  7.0997E-03  7.1031E-03  7.1065E-03  7.1099E-03
7.1133E-03  7.1166E-03  7.1200E-03  7.1234E-03  7.1268E-03  7.1302E-03
7.1336E-03  7.1370E-03  7.1404E-03  7.1437E-03  7.1471E-03  7.1505E-03
7.1539E-03  7.1573E-03  7.1607E-03  7.1641E-03  7.1676E-03  7.1710E-03
7.1744E-03  7.1778E-03  7.1812E-03  7.1846E-03  7.1880E-03  7.1914E-03
7.1949E-03  7.1983E-03  7.2017E-03  7.2051E-03  7.2085E-03  7.2120E-03
7.2154E-03  7.2188E-03  7.2223E-03  7.2257E-03  7.2291E-03  7.2326E-03
7.2360E-03  7.2394E-03  7.2429E-03  7.2463E-03  7.2498E-03  7.2532E-03
7.2567E-03  7.2601E-03  7.2636E-03  7.2670E-03  7.2705E-03  7.2739E-03
7.2774E-03  7.2809E-03  7.2843E-03  7.2878E-03  7.2912E-03  7.2947E-03
7.2982E-03  7.3016E-03  7.3051E-03  7.3086E-03  7.3121E-03  7.3155E-03
7.3190E-03  7.3225E-03  7.3260E-03  7.3295E-03  7.3329E-03  7.3364E-03
7.3399E-03  7.3434E-03  7.3469E-03  7.3504E-03  7.3539E-03  7.3574E-03
7.3609E-03  7.3644E-03  7.3679E-03  7.3714E-03  7.3749E-03  7.3784E-03
7.3819E-03  7.3854E-03  7.3889E-03  7.3924E-03  7.3960E-03  7.3995E-03
7.4030E-03  7.4065E-03  7.4100E-03  7.4135E-03  7.4171E-03  7.4206E-03
7.4241E-03  7.4277E-03  7.4312E-03  7.4347E-03  7.4383E-03  7.4418E-03
7.4453E-03  7.4489E-03  7.4524E-03  7.4560E-03  7.4595E-03  7.4630E-03
7.4666E-03  7.4701E-03  7.4737E-03  7.4772E-03  7.4808E-03  7.4844E-03
7.4879E-03  7.4915E-03  7.4950E-03  7.4986E-03  7.5022E-03  7.5057E-03
7.5093E-03  7.5129E-03  7.5164E-03  7.5200E-03  7.5236E-03  7.5272E-03
7.5307E-03  7.5343E-03  7.5379E-03  7.5415E-03  7.5451E-03  7.5487E-03
7.5522E-03  7.5558E-03  7.5594E-03  7.5630E-03  7.5666E-03  7.5702E-03
7.5738E-03  7.5774E-03  7.5810E-03  7.5846E-03  7.5882E-03  7.5918E-03
7.5954E-03  7.5991E-03  7.6027E-03  7.6063E-03  7.6099E-03  7.6135E-03
7.6171E-03  7.6208E-03  7.6244E-03  7.6280E-03  7.6316E-03  7.6353E-03
7.6389E-03  7.6425E-03  7.6462E-03  7.6498E-03  7.6534E-03  7.6571E-03
7.6607E-03  7.6643E-03  7.6680E-03  7.6716E-03  7.6753E-03  7.6789E-03
7.6826E-03  7.6862E-03  7.6899E-03  7.6935E-03  7.6972E-03  7.7009E-03
7.7045E-03  7.7082E-03  7.7118E-03  7.7155E-03  7.7192E-03  7.7229E-03
7.7265E-03  7.7302E-03  7.7339E-03  7.7375E-03  7.7412E-03  7.7449E-03
7.7486E-03  7.7523E-03  7.7560E-03  7.7596E-03  7.7633E-03  7.7670E-03
7.7707E-03  7.7744E-03  7.7781E-03  7.7818E-03  7.7855E-03  7.7892E-03
7.7929E-03  7.7966E-03  7.8003E-03  7.8040E-03  7.8077E-03  7.8114E-03
7.8152E-03  7.8189E-03  7.8226E-03  7.8263E-03  7.8300E-03  7.8338E-03
7.8375E-03  7.8412E-03  7.8449E-03  7.8487E-03  7.8524E-03  7.8561E-03
7.8599E-03  7.8636E-03  7.8673E-03  7.8711E-03  7.8748E-03  7.8786E-03
7.8823E-03  7.8861E-03  7.8898E-03  7.8936E-03  7.8973E-03  7.9011E-03
7.9048E-03  7.9086E-03  7.9123E-03  7.9161E-03  7.9199E-03  7.9236E-03
7.9274E-03  7.9312E-03  7.9349E-03  7.9387E-03  7.9425E-03  7.9463E-03
7.9500E-03  7.9538E-03  7.9576E-03  7.9614E-03  7.9652E-03  7.9689E-03
7.9727E-03  7.9765E-03  7.9803E-03  7.9841E-03  7.9879E-03  7.9917E-03
7.9955E-03  7.9993E-03  8.0031E-03  8.0069E-03  8.0107E-03  8.0145E-03
8.0183E-03  8.0221E-03  8.0260E-03  8.0298E-03  8.0336E-03  8.0374E-03
8.0412E-03  8.0451E-03  8.0489E-03  8.0527E-03  8.0565E-03  8.0604E-03
8.0642E-03  8.0680E-03  8.0719E-03  8.0757E-03  8.0795E-03  8.0834E-03
8.0872E-03  8.0911E-03  8.0949E-03  8.0988E-03  8.1026E-03  8.1065E-03
8.1103E-03  8.1142E-03  8.1180E-03  8.1219E-03  8.1258E-03  8.1296E-03
8.1335E-03  8.1374E-03  8.1412E-03  8.1451E-03  8.1490E-03  8.1528E-03
8.1567E-03  8.1606E-03  8.1645E-03  8.1684E-03  8.1722E-03  8.1761E-03
8.1800E-03  8.1839E-03  8.1878E-03  8.1917E-03  8.1956E-03  8.1995E-03
8.2034E-03  8.2073E-03  8.2112E-03  8.2151E-03  8.2190E-03  8.2229E-03
8.2268E-03  8.2307E-03  8.2346E-03  8.2385E-03  8.2424E-03  8.2464E-03
8.2503E-03  8.2542E-03  8.2581E-03  8.2621E-03  8.2660E-03  8.2699E-03
8.2738E-03  8.2778E-03  8.2817E-03  8.2857E-03  8.2896E-03  8.2935E-03
8.2975E-03  8.3014E-03  8.3054E-03  8.3093E-03  8.3133E-03  8.3172E-03
8.3212E-03  8.3251E-03  8.3291E-03  8.3330E-03  8.3370E-03  8.3410E-03
8.3449E-03  8.3489E-03  8.3529E-03  8.3568E-03  8.3608E-03  8.3648E-03
8.3688E-03  8.3727E-03  8.3767E-03  8.3807E-03  8.3847E-03  8.3887E-03
8.3927E-03  8.3967E-03  8.4006E-03  8.4046E-03  8.4086E-03  8.4126E-03
8.4166E-03  8.4206E-03  8.4246E-03  8.4286E-03  8.4326E-03  8.4367E-03
8.4407E-03  8.4447E-03  8.4487E-03  8.4527E-03  8.4567E-03  8.4608E-03
8.4648E-03  8.4688E-03  8.4728E-03  8.4769E-03  8.4809E-03  8.4849E-03
8.4889E-03  8.4930E-03  8.4970E-03  8.5011E-03  8.5051E-03  8.5091E-03
8.5132E-03  8.5172E-03  8.5213E-03  8.5253E-03  8.5294E-03  8.5334E-03
8.5375E-03  8.5416E-03  8.5456E-03  8.5497E-03  8.5537E-03  8.5578E-03
8.5619E-03  8.5660E-03  8.5700E-03  8.5741E-03  8.5782E-03  8.5823E-03
8.5863E-03  8.5904E-03  8.5945E-03  8.5986E-03  8.6027E-03  8.6068E-03
8.6109E-03  8.6149E-03  8.6190E-03  8.6231E-03  8.6272E-03  8.6313E-03
8.6354E-03  8.6395E-03  8.6437E-03  8.6478E-03  8.6519E-03  8.6560E-03
8.6601E-03  8.6642E-03  8.6683E-03  8.6725E-03  8.6766E-03  8.6807E-03
8.6848E-03  8.6890E-03  8.6931E-03  8.6972E-03  8.7014E-03  8.7055E-03
8.7096E-03  8.7138E-03  8.7179E-03  8.7221E-03  8.7262E-03  8.7304E-03
8.7345E-03  8.7387E-03  8.7428E-03  8.7470E-03  8.7511E-03  8.7553E-03
8.7595E-03  8.7636E-03  8.7678E-03  8.7720E-03  8.7761E-03  8.7803E-03
8.7845E-03  8.7886E-03  8.7928E-03  8.7970E-03  8.8012E-03  8.8054E-03
8.8096E-03  8.8137E-03  8.8179E-03  8.8221E-03  8.8263E-03  8.8305E-03
8.8347E-03  8.8389E-03  8.8431E-03  8.8473E-03  8.8515E-03  8.8557E-03
8.8599E-03  8.8642E-03  8.8684E-03  8.8726E-03  8.8768E-03  8.8810E-03
8.8852E-03  8.8895E-03  8.8937E-03  8.8979E-03  8.9022E-03  8.9064E-03
8.9106E-03  8.9149E-03  8.9191E-03  8.9233E-03  8.9276E-03  8.9318E-03
8.9361E-03  8.9403E-03  8.9446E-03  8.9488E-03  8.9531E-03  8.9573E-03
8.9616E-03  8.9658E-03  8.9701E-03  8.9744E-03  8.9786E-03  8.9829E-03
8.9872E-03  8.9914E-03  8.9957E-03  9.0000E-03  9.0043E-03  9.0086E-03
9.0128E-03  9.0171E-03  9.0214E-03  9.0257E-03  9.0300E-03  9.0343E-03
9.0386E-03  9.0429E-03  9.0472E-03  9.0515E-03  9.0558E-03  9.0601E-03
9.0644E-03  9.0687E-03  9.0730E-03
Rosseland and Planck opacities and free electrons
Density     Ross opa    Planck opa  No. Free    Av Sq Free  T=  1.5000E-03
1.9163E-09  9.1378E+00  1.1273E+03  9.8847E-01  9.8856E-01
Multigroup opacities
Energy      Ross mg     Planck mg    for T, density =   1.5000E-03  1.9163E-09
5.6461E-03  1.5584E+01  1.5227E+01
5.6488E-03  1.5564E+01  1.5206E+01
5.6515E-03  1.5544E+01  1.5186E+01
5.6542E-03  1.5526E+01  1.5169E+01
5.6569E-03  1.5503E+01  1.5146E+01
5.6596E-03  1.5484E+01  1.5127E+01
5.6623E-03  1.5465E+01  1.5108E+01
5.6650E-03  1.5446E+01  1.5088E+01
5.6677E-03  1.5425E+01  1.5068E+01
5.6703E-03  1.5406E+01  1.5049E+01
5.6730E-03  1.5387E+01  1.5030E+01
5.6757E-03  1.5370E+01  1.5012E+01
5.6784E-03  1.5349E+01  1.4992E+01
5.6811E-03  1.5331E+01  1.4973E+01
5.6838E-03  1.5315E+01  1.4958E+01
5.6865E-03  1.5324E+01  1.4966E+01
5.6892E-03  1.5521E+01  1.5164E+01
5.6919E-03  1.5306E+01  1.4948E+01
5.6947E-03  1.5241E+01  1.4884E+01
5.6974E-03  1.5217E+01  1.4859E+01
5.7001E-03  1.5196E+01  1.4838E+01
5.7028E-03  1.5177E+01  1.4819E+01
5.7055E-03  1.5157E+01  1.4800E+01
5.7082E-03  1.5138E+01  1.4781E+01
5.7109E-03  1.5119E+01  1.4762E+01
5.7136E-03  1.5100E+01  1.4743E+01
5.7163E-03  1.5082E+01  1.4724E+01
5.7191E-03  1.5063E+01  1.4705E+01
5.7218E-03  1.5044E+01  1.4687E+01
5.7245E-03  1.5031E+01  1.4673E+01
5.7272E-03  1.5008E+01  1.4650E+01
5.7299E-03  1.4989E+01  1.4631E+01
5.7327E-03  1.4970E+01  1.4613E+01
5.7354E-03  1.4953E+01  1.4595E+01
5.7381E-03  1.4935E+01  1.4577E+01
5.7408E-03  1.4915E+01  1.4557E+01
5.7436E-03  1.4897E+01  1.4539E+01
5.7463E-03  1.4878E+01  1.4521E+01
5.7490E-03  1.4860E+01  1.4503E+01
5.7518E-03  1.4843E+01  1.4485E+01
5.7545E-03  1.4824E+01  1.4466E+01
5.7572E-03  1.4807E+01  1.4449E+01
5.7600E-03  1.4789E+01  1.4431E+01
5.7627E-03  1.4771E+01  1.4414E+01
5.7655E-03  1.4752E+01  1.4394E+01
5.7682E-03  1.4733E+01  1.4375E+01
5.7709E-03  1.4715E+01  1.4357E+01
5.7737E-03  1.4697E+01  1.4339E+01
5.7764E-03  1.4679E+01  1.4321E+01
5.7792E-03  1.4661E+01  1.4303E+01
5.7819E-03  1.4643E+01  1.4286E+01
5.7847E-03  1.4625E+01  1.4267E+01
5.7874E-03  1.4608E+01  1.4250E+01
5.7902E-03  1.4590E+01  1.4232E+01
5.7929E-03  1.4572E+01  1.4214E+01
5.7957E-03  1.4554E+01  1.4196E+01
5.7984E-03  1.4536E+01  1.4179E+01
5.8012E-03  1.4519E+01  1.4162E+01
5.8040E-03  1.4510E+01  1.4152E+01
5.8067E-03  1.4485E+01  1.4127E+01
5.8095E-03  1.4467E+01  1.4109E+01
5.8122E-03  1.4457E+01  1.4100E+01
5.8150E-03  1.4433E+01  1.4075E+01
5.8178E-03  1.4412E+01  1.4054E+01
5.8205E-03  1.4394E+01  1.4037E+01
5.8233E-03  1.4378E+01  1.4020E+01
5.8261E-03  1.4384E+01  1.4027E+01
5.8288E-03  1.4343E+01  1.3985E+01
5.8316E-03  1.4325E+01  1.3967E+01
5.8344E-03  1.4307E+01  1.3949E+01
5.8371E-03  1.4289E+01  1.3932E+01
5.8399E-03  1.4273E+01  1.3915E+01
5.8427E-03  1.4255E+01  1.3898E+01
5.8455E-03  1.4237E+01  1.3879E+01
5.8483E-03  1.4219E+01  1.3861E+01
5.8510E-03  1.4202E+01  1.3844E+01
5.8538E-03  1.4185E+01  1.3827E+01
5.8566E-03  1.4167E+01  1.3809E+01
5.8594E-03  1.4150E+01  1.3792E+01
5.8622E-03  1.4133E+01  1.3775E+01
5.8650E-03  1.4115E+01  1.3757E+01
5.8677E-03  1.4098E+01  1.3740E+01
5.8705E-03  1.4081E+01  1.3723E+01
5.8733E-03  1.4063E+01  1.3705E+01
5.8761E-03  1.4046E+01  1.3688E+01
5.8789E-03  1.4030E+01  1.3672E+01
5.8817E-03  1.4013E+01  1.3655E+01
5.8845E-03  1.3996E+01  1.3638E+01
5.8873E-03  1.3978E+01  1.3620E+01
5.8901E-03  1.3961E+01  1.3603E+01
5.8929E-03  1.3944E+01  1.3586E+01
5.8957E-03  1.3927E+01  1.3569E+01
5.8985E-03  1.3910E+01  1.3552E+01
5.9013E-03  1.3893E+01  1.3535E+01
5.9041E-03  1.3876E+01  1.3518E+01
5.9069E-03  1.3859E+01  1.3501E+01
5.9097E-03  1.3842E+01  1.3484E+01
5.9125E-03  1.3825E+01  1.3467E+01
5.9153E-03  1.3809E+01  1.3451E+01
5.9182E-03  1.3799E+01  1.3441E+01
5.9210E-03  1.3785E+01  1.3427E+01
5.9238E-03  1.3758E+01  1.3400E+01
5.9266E-03  1.3741E+01  1.3383E+01
5.9294E-03  1.3724E+01  1.3367E+01
5.9322E-03  1.3708E+01  1.3350E+01
5.9351E-03  1.3692E+01  1.3334E+01
5.9379E-03  1.3772E+01  1.3414E+01
5.9407E-03  1.3713E+01  1.3355E+01
5.9435E-03  1.3642E+01  1.3284E+01
5.9464E-03  1.3625E+01  1.3267E+01
5.9492E-03  1.3609E+01  1.3251E+01
5.9520E-03  1.3592E+01  1.3234E+01
5.9548E-03  1.3576E+01  1.3218E+01
5.9577E-03  1.3559E+01  1.3201E+01
5.9605E-03  1.3543E+01  1.3185E+01
5.9633E-03  1.3528E+01  1.3170E+01
5.9662E-03  1.3509E+01  1.3151E+01
5.9690E-03  1.3493E+01  1.3135E+01
5.9718E-03  1.3481E+01  1.3123E+01
5.9747E-03  1.3462E+01  1.3104E+01
5.9775E-03  1.3444E+01  1.3086E+01
5.9804E-03  1.3427E+01  1.3069E+01
5.9832E-03  1.3411E+01  1.3053E+01
5.9861E-03  1.3394E+01  1.3036E+01
5.9889E-03  1.3378E+01  1.3020E+01
5.9917E-03  1.3361E+01  1.3003E+01
5.9946E-03  1.3345E+01  1.2987E+01
5.9974E-03  1.3329E+01  1.2971E+01
6.0003E-03  1.3313E+01  1.2955E+01
6.0031E-03  1.3308E+01  1.2950E+01
6.0060E-03  1.3286E+01  1.2928E+01
6.0089E-03  1.3264E+01  1.2906E+01
6.0117E-03  1.3248E+01  1.2890E+01
6.0146E-03  1.3232E+01  1.2874E+01
6.0174E-03  1.3215E+01  1.2857E+01
6.0203E-03  1.3199E+01  1.2841E+01
6.0232E-03  1.3183E+01  1.2825E+01
6.0260E-03  1.3193E+01  1.2835E+01
6.0289E-03  1.3159E+01  1.2801E+01
6.0317E-03  1.3138E+01  1.2780E+01
6.0346E-03  1.3119E+01  1.2761E+01
6.0375E-03  1.3103E+01  1.2745E+01
6.0404E-03  1.3087E+01  1.2729E+01
6.0432E-03  1.3071E+01  1.2713E+01
6.0461E-03  1.3055E+01  1.2697E+01
6.0490E-03  1.3039E+01  1.2681E+01
6.0518E-03  1.3023E+01  1.2665E+01
6.0547E-03  1.3008E+01  1.2650E+01
6.0576E-03  1.2991E+01  1.2633E+01
6.0605E-03  1.2975E+01  1.2617E+01
6.0634E-03  1.2959E+01  1.2601E+01
6.0662E-03  1.2944E+01  1.2585E+01
6.0691E-03  1.2928E+01  1.2570E+01
6.0720E-03  1.2912E+01  1.2554E+01
6.0749E-03  1.2896E+01  1.2538E+01
6.0778E-03  1.2880E+01  1.2522E+01
6.0807E-03  1.2864E+01  1.2506E+01
6.0836E-03  1.2849E+01  1.2491E+01
6.0865E-03  1.2837E+01  1.2479E+01
6.0894E-03  1.2819E+01  1.2461E+01
6.0923E-03  1.2802E+01  1.2444E+01
6.0951E-03  1.2786E+01  1.2428E+01
6.0980E-03  1.2770E+01  1.2412E+01
6.1009E-03  1.2755E+01  1.2397E+01
6.1038E-03  1.2739E+01  1.2381E+01
6.1067E-03  1.2727E+01  1.2369E+01
6.1096E-03  1.2736E+01  1.2378E+01
6.1126E-03  1.2692E+01  1.2334E+01
6.1155E-03  1.2677E+01  1.2319E+01
6.1184E-03  1.2662E+01  1.2304E+01
6.1213E-03  1.2646E+01  1.2288E+01
6.1242E-03  1.2630E+01  1.2272E+01
6.1271E-03  1.2615E+01  1.2257E+01
6.1300E-03  1.2599E+01  1.2241E+01
6.1329E-03  1.2584E+01  1.2226E+01
6.1358E-03  1.2569E+01  1.2210E+01
6.1388E-03  1.2553E+01  1.2195E+01
6.1417E-03  1.2538E+01  1.2180E+01
6.1446E-03  1.2522E+01  1.2164E+01
6.1475E-03  1.2507E+01  1.2149E+01
6.1504E-03  1.2492E+01  1.2134E+01
6.1534E-03  1.2476E+01  1.2118E+01
6.1563E-03  1.2461E+01  1.2103E+01
6.1592E-03  1.2447E+01  1.2088E+01
6.1621E-03  1.2431E+01  1.2073E+01
6.1651E-03  1.2416E+01  1.2057E+01
6.1680E-03  1.2400E+01  1.2042E+01
6.1709E-03  1.2386E+01  1.2028E+01
6.1739E-03  1.2370E+01  1.2012E+01
6.1768E-03  1.2355E+01  1.1997E+01
6.1797E-03  1.2340E+01  1.1981E+01
6.1827E-03  1.2324E+01  1.1966E+01
6.1856E-03  1.2309E+01  1.1951E+01
6.1886E-03  1.2294E+01  1.1936E+01
6.1915E-03  1.2279E+01  1.1921E+01
6.1944E-03  1.2264E+01  1.1906E+01
6.1974E-03  1.2249E+01  1.1891E+01
6.2003E-03  1.2234E+01  1.1876E+01
6.2033E-03  1.2219E+01  1.1861E+01
6.2062E-03  1.2204E+01  1.1846E+01
6.2092E-03  1.2189E+01  1.1831E+01
6.2121E-03  1.2174E+01  1.1816E+01
6.2151E-03  1.2159E+01  1.1801E+01
6.2180E-03  1.2148E+01  1.1790E+01
6.2210E-03  1.2130E+01  1.1771E+01
6.2240E-03  1.2117E+01  1.1759E+01
6.2269E-03  1.2099E+01  1.1741E+01
6.2299E-03  1.2085E+01  1.1727E+01
6.2328E-03  1.2075E+01  1.1717E+01
6.2358E-03  1.2057E+01  1.1698E+01
6.2388E-03  1.2040E+01  1.1682E+01
6.2417E-03  1.2025E+01  1.1667E+01
6.2447E-03  1.2010E+01  1.1652E+01
6.2477E-03  1.1995E+01  1.1637E+01
6.2506E-03  1.1981E+01  1.1622E+01
6.2536E-03  1.1966E+01  1.1608E+01
6.2566E-03  1.1951E+01  1.1593E+01
6.2596E-03  1.1936E+01  1.1578E+01
6.2625E-03  1.1921E+01  1.1563E+01
6.2655E-03  1.1907E+01  1.1548E+01
6.2685E-03  1.1893E+01  1.1535E+01
6.2715E-03  1.1877E+01  1.1519E+01
6.2744E-03  1.1865E+01  1.1507E+01
6.2774E-03  1.1848E+01  1.1490E+01
6.2804E-03  1.1833E+01  1.1475E+01
6.2834E-03  1.1818E+01  1.1460E+01
6.2864E-03  1.1803E+01  1.1445E+01
6.2894E-03  1.1789E+01  1.1431E+01
6.2924E-03  1.1774E+01  1.1416E+01
6.2954E-03  1.1760E+01  1.1401E+01
6.2983E-03  1.1745E+01  1.1387E+01
6.3013E-03  1.1730E+01  1.1372E+01
6.3043E-03  1.1716E+01  1.1357E+01
6.3073E-03  1.1701E+01  1.1343E+01
6.3103E-03  1.1687E+01  1.1328E+01
6.3133E-03  1.1673E+01  1.1314E+01
6.3163E-03  1.1659E+01  1.1301E+01
6.3193E-03  1.1643E+01  1.1285E+01
6.3223E-03  1.1628E+01  1.1270E+01
6.3253E-03  1.1614E+01  1.1256E+01
6.3284E-03  1.1599E+01  1.1241E+01
6.3314E-03  1.1585E+01  1.1226E+01
6.3344E-03  1.1570E+01  1.1212E+01
6.3374E-03  1.1556E+01  1.1198E+01
6.3404E-03  1.1542E+01  1.1184E+01
6.3434E-03  1.1527E+01  1.1169E+01
6.3464E-03  1.1512E+01  1.1154E+01
6.3494E-03  1.1498E+01  1.1140E+01
6.3525E-03  1.1484E+01  1.1125E+01
6.3555E-03  1.1469E+01  1.1111E+01
6.3585E-03  1.1455E+01  1.1096E+01
6.3615E-03  1.1440E+01  1.1082E+01
6.3646E-03  1.1426E+01  1.1068E+01
6.3676E-03  1.1411E+01  1.1053E+01
6.3706E-03  1.1397E+01  1.1039E+01
6.3736E-03  1.1383E+01  1.1024E+01
6.3767E-03  1.1368E+01  1.1010E+01
6.3797E-03  1.1354E+01  1.0996E+01
6.3827E-03  1.1340E+01  1.0981E+01
6.3858E-03  1.1325E+01  1.0967E+01
6.3888E-03  1.1311E+01  1.0953E+01
6.3918E-03  1.1297E+01  1.0939E+01
6.3949E-03  1.1282E+01  1.0924E+01
6.3979E-03  1.1268E+01  1.0910E+01
6.4010E-03  1.1254E+01  1.0895E+01
6.4040E-03  1.1239E+01  1.0881E+01
6.4070E-03  1.1225E+01  1.0867E+01
6.4101E-03  1.1211E+01  1.0852E+01
6.4131E-03  1.1196E+01  1.0838E+01
6.4162E-03  1.1182E+01  1.0824E+01
6.4192E-03  1.1168E+01  1.0810E+01
6.4223E-03  1.1154E+01  1.0795E+01
6.4253E-03  1.1139E+01  1.0781E+01
6.4284E-03  1.1125E+01  1.0767E+01
6.4314E-03  1.1111E+01  1.0753E+01
6.4345E-03  1.1097E+01  1.0739E+01
6.4376E-03  1.1084E+01  1.0726E+01
6.4406E-03  1.1069E+01  1.0711E+01
6.4437E-03  1.1054E+01  1.0696E+01
6.4468E-03  1.1040E+01  1.0682E+01
6.4498E-03  1.1026E+01  1.0668E+01
6.4529E-03  1.1012E+01  1.0653E+01
6.4559E-03  1.0998E+01  1.0639E+01
6.4590E-03  1.0984E+01  1.0626E+01
6.4621E-03  1.0969E+01  1.0611E+01
6.4652E-03  1.0955E+01  1.0597E+01
6.4682E-03  1.0941E+01  1.0583E+01
6.4713E-03  1.0927E+01  1.0569E+01
6.4744E-03  1.0913E+01  1.0554E+01
6.4775E-03  1.0899E+01  1.0540E+01
6.4805E-03  1.0885E+01  1.0526E+01
6.4836E-03  1.0870E+01  1.0512E+01
6.4867E-03  1.0856E+01  1.0498E+01
6.4898E-03  1.0842E+01  1.0484E+01
6.4929E-03  1.0828E+01  1.0470E+01
6.4960E-03  1.0814E+01  1.0456E+01
6.4991E-03  1.0800E+01  1.0442E+01
6.5021E-03  1.0786E+01  1.0428E+01
6.5052E-03  1.0772E+01  1.0414E+01
6.5083E-03  1.0758E+01  1.0400E+01
6.5114E-03  1.0744E+01  1.0385E+01
6.5145E-03  1.0730E+01  1.0371E+01
6.5176E-03  1.0716E+01  1.0357E+01
6.5207E-03  1.0702E+01  1.0343E+01
6.5238E-03  1.0688E+01  1.0329E+01
6.5269E-03  1.0674E+01  1.0315E+01
6.5300E-03  1.0660E+01  1.0301E+01
6.5331E-03  1.0646E+01  1.0287E+01
6.5362E-03  1.0632E+01  1.0273E+01
6.5393E-03  1.0618E+01  1.0259E+01
6.5424E-03  1.0604E+01  1.0245E+01
6.5455E-03  1.0590E+01  1.0231E+01
6.5487E-03  1.0576E+01  1.0217E+01
6.5518E-03  1.0562E+01  1.0203E+01
6.5549E-03  1.0548E+01  1.0190E+01
6.5580E-03  1.0534E+01  1.0176E+01
6.5611E-03  1.0520E+01  1.0162E+01
6.5642E-03  1.0506E+01  1.0148E+01
6.5674E-03  1.0492E+01  1.0134E+01
6.5705E-03  1.0478E+01  1.0120E+01
6.5736E-03  1.0464E+01  1.0106E+01
6.5767E-03  1.0450E+01  1.0092E+01
6.5799E-03  1.0436E+01  1.0078E+01
6.5830E-03  1.0423E+01  1.0064E+01
6.5861E-03  1.0409E+01  1.0050E+01
6.5892E-03  1.0395E+01  1.0036E+01
6.5924E-03  1.0381E+01  1.0022E+01
6.5955E-03  1.0367E+01  1.0009E+01
6.5986E-03  1.0395E+01  1.0037E+01
6.6018E-03  1.0412E+01  1.0054E+01
6.6049E-03  1.0329E+01  9.9707E+00
6.6081E-03  1.1221E+01  1.1107E+01
6.6112E-03  1.1291E+01  1.1203E+01
6.6143E-03  1.0284E+01  9.9254E+00
6.6175E-03  1.0270E+01  9.9115E+00
6.6206E-03  1.0256E+01  9.8975E+00
6.6238E-03  1.0242E+01  9.8840E+00
6.6269E-03  1.0228E+01  9.8700E+00
6.6301E-03  1.0214E+01  9.8561E+00
6.6332E-03  1.0201E+01  9.8423E+00
6.6364E-03  1.0187E+01  9.8285E+00
6.6395E-03  1.0173E+01  9.8146E+00
6.6427E-03  1.0167E+01  9.8088E+00
6.6459E-03  1.0147E+01  9.7883E+00
6.6490E-03  1.0131E+01  9.7730E+00
6.6522E-03  1.0121E+01  9.7625E+00
6.6553E-03  1.0104E+01  9.7458E+00
6.6585E-03  1.0090E+01  9.7314E+00
6.6617E-03  1.0076E+01  9.7176E+00
6.6648E-03  1.0063E+01  9.7047E+00
6.6680E-03  1.0049E+01  9.6904E+00
6.6712E-03  1.0035E+01  9.6766E+00
6.6744E-03  1.0021E+01  9.6624E+00
6.6775E-03  1.0007E+01  9.6486E+00
6.6807E-03  9.9935E+00  9.6351E+00
6.6839E-03  9.9799E+00  9.6215E+00
6.6871E-03  9.9776E+00  9.6191E+00
6.6902E-03  9.9593E+00  9.6009E+00
6.6934E-03  9.9382E+00  9.5797E+00
6.6966E-03  9.9249E+00  9.5665E+00
6.6998E-03  9.9109E+00  9.5524E+00
6.7030E-03  9.8969E+00  9.5384E+00
6.7061E-03  9.8832E+00  9.5248E+00
6.7093E-03  9.8694E+00  9.5109E+00
6.7125E-03  9.8556E+00  9.4971E+00
6.7157E-03  9.8419E+00  9.4835E+00
6.7189E-03  9.8299E+00  9.4714E+00
6.7221E-03  9.8163E+00  9.4578E+00
6.7253E-03  9.8009E+00  9.4424E+00
6.7285E-03  9.8195E+00  9.4611E+00
6.7317E-03  9.7865E+00  9.4281E+00
6.7349E-03  9.7594E+00  9.4009E+00
6.7381E-03  9.7458E+00  9.3873E+00
6.7413E-03  9.7321E+00  9.3736E+00
6.7445E-03  9.7182E+00  9.3598E+00
6.7477E-03  9.7045E+00  9.3460E+00
6.7509E-03  9.6908E+00  9.3323E+00
6.7541E-03  9.6771E+00  9.3186E+00
6.7573E-03  9.6634E+00  9.3049E+00
6.7606E-03  9.6515E+00  9.2930E+00
6.7638E-03  9.6365E+00  9.2780E+00
6.7670E-03  9.6236E+00  9.2651E+00
6.7702E-03  9.6089E+00  9.2503E+00
6.7734E-03  9.5962E+00  9.2377E+00
6.7766E-03  9.5817E+00  9.2232E+00
6.7799E-03  9.5679E+00  9.2094E+00
6.7831E-03  9.5538E+00  9.1953E+00
6.7863E-03  9.5405E+00  9.1820E+00
6.7895E-03  9.5308E+00  9.1723E+00
6.7928E-03  9.5129E+00  9.1544E+00
6.7960E-03  9.4996E+00  9.1410E+00
6.7992E-03  9.4858E+00  9.1273E+00
6.8025E-03  9.4722E+00  9.1137E+00
6.8057E-03  9.4583E+00  9.0998E+00
6.8089E-03  9.4451E+00  9.0866E+00
6.8122E-03  9.4743E+00  9.1158E+00
6.8154E-03  9.4182E+00  9.0597E+00
6.8186E-03  9.4035E+00  9.0450E+00
6.8219E-03  9.3906E+00  9.0320E+00
6.8251E-03  9.3762E+00  9.0176E+00
6.8284E-03  9.3625E+00  9.0040E+00
6.8316E-03  9.3491E+00  8.9906E+00
6.8349E-03  9.3385E+00  8.9799E+00
6.8381E-03  9.3230E+00  8.9645E+00
6.8414E-03  9.3082E+00  8.9496E+00
6.8446E-03  9.2955E+00  8.9369E+00
6.8479E-03  9.2808E+00  8.9222E+00
6.8511E-03  9.2673E+00  8.9088E+00
6.8544E-03  9.2539E+00  8.8954E+00
6.8576E-03  9.2422E+00  8.8837E+00
6.8609E-03  9.2279E+00  8.8693E+00
6.8642E-03  9.2327E+00  8.8742E+00
6.8674E-03  9.2768E+00  8.9190E+00
6.8707E-03  9.1874E+00  8.8288E+00
6.8740E-03  9.1742E+00  8.8156E+00
6.8772E-03  9.1609E+00  8.8024E+00
6.8805E-03  9.1479E+00  8.7893E+00
6.8838E-03  9.1664E+00  8.8080E+00
6.8870E-03  9.1446E+00  8.7862E+00
6.8903E-03  9.1090E+00  8.7504E+00
6.8936E-03  9.0961E+00  8.7375E+00
6.8969E-03  9.0971E+00  8.7385E+00
6.9001E-03  9.0808E+00  8.7222E+00
6.9034E-03  9.0577E+00  8.6991E+00
6.9067E-03  9.0450E+00  8.6864E+00
6.9100E-03  9.0324E+00  8.6738E+00
6.9133E-03  9.0198E+00  8.6612E+00
6.9166E-03  9.0073E+00  8.6487E+00
6.9198E-03  8.9947E+00  8.6361E+00
6.9231E-03  8.9822E+00  8.6236E+00
6.9264E-03  8.9697E+00  8.6111E+00
6.9297E-03  8.9574E+00  8.5988E+00
6.9330E-03  8.9454E+00  8.5868E+00
6.9363E-03  8.9337E+00  8.5751E+00
6.9396E-03  8.9210E+00  8.5624E+00
6.9429E-03  8.9089E+00  8.5503E+00
6.9462E-03  8.8963E+00  8.5376E+00
6.9495E-03  8.8847E+00  8.5260E+00
6.9528E-03  8.8719E+00  8.5133E+00
6.9561E-03  8.8599E+00  8.5012E+00
6.9594E-03  8.8479E+00  8.4893E+00
6.9627E-03  8.8357E+00  8.4770E+00
6.9660E-03  8.8257E+00  8.4671E+00
6.9694E-03  8.8141E+00  8.4555E+00
6.9727E-03  8.8006E+00  8.4420E+00
6.9760E-03  8.7881E+00  8.4295E+00
6.9793E-03  8.7764E+00  8.4177E+00
6.9826E-03  8.7645E+00  8.4058E+00
6.9859E-03  8.7536E+00  8.3949E+00
6.9893E-03  8.7488E+00  8.3902E+00
6.9926E-03  8.7313E+00  8.3727E+00
6.9959E-03  8.7180E+00  8.3593E+00
6.9992E-03  8.7063E+00  8.3476E+00
7.0026E-03  8.7051E+00  8.3464E+00
7.0059E-03  8.6846E+00  8.3260E+00
7.0092E-03  8.6714E+00  8.3128E+00
7.0125E-03  8.6599E+00  8.3013E+00
7.0159E-03  8.6484E+00  8.2898E+00
7.0192E-03  8.6370E+00  8.2783E+00
7.0226E-03  8.6256E+00  8.2670E+00
7.0259E-03  8.6144E+00  8.2557E+00
7.0292E-03  8.6029E+00  8.2443E+00
7.0326E-03  8.5917E+00  8.2330E+00
7.0359E-03  8.5805E+00  8.2218E+00
7.0393E-03  8.5692E+00  8.2105E+00
7.0426E-03  8.5581E+00  8.1994E+00
7.0460E-03  8.5468E+00  8.1882E+00
7.0493E-03  8.5360E+00  8.1773E+00
7.0527E-03  8.5248E+00  8.1662E+00
7.0560E-03  8.5136E+00  8.1549E+00
7.0594E-03  8.5025E+00  8.1438E+00
7.0627E-03  8.4944E+00  8.1358E+00
7.0661E-03  8.4818E+00  8.1231E+00
7.0694E-03  8.4701E+00  8.1114E+00
7.0728E-03  8.4635E+00  8.1048E+00
7.0762E-03  8.4568E+00  8.0981E+00
7.0795E-03  8.4384E+00  8.0797E+00
7.0829E-03  8.4261E+00  8.0674E+00
7.0863E-03  8.4151E+00  8.0564E+00
7.0896E-03  8.4045E+00  8.0458E+00
7.0930E-03  8.3937E+00  8.0350E+00
7.0964E-03  8.3827E+00  8.0240E+00
7.0997E-03  8.3722E+00  8.0135E+00
7.1031E-03  8.3613E+00  8.0026E+00
7.1065E-03  8.3515E+00  7.9927E+00
7.1099E-03  8.3411E+00  7.9823E+00
7.1133E-03  8.3294E+00  7.9707E+00
7.1166E-03  8.3188E+00  7.9601E+00
7.1200E-03  8.3081E+00  7.9494E+00
7.1234E-03  8.2976E+00  7.9389E+00
7.1268E-03  8.2892E+00  7.9305E+00
7.1302E-03  8.2797E+00  7.9210E+00
7.1336E-03  8.2662E+00  7.9075E+00
7.1370E-03  8.2557E+00  7.8970E+00
7.1404E-03  8.2453E+00  7.8866E+00
7.1437E-03  8.2348E+00  7.8761E+00
7.1471E-03  8.2244E+00  7.8657E+00
7.1505E-03  8.2141E+00  7.8553E+00
7.1539E-03  8.2038E+00  7.8450E+00
7.1573E-03  8.1935E+00  7.8347E+00
7.1607E-03  8.1832E+00  7.8245E+00
7.1641E-03  8.1733E+00  7.8146E+00
7.1676E-03  8.1630E+00  7.8043E+00
7.1710E-03  8.1534E+00  7.7946E+00
7.1744E-03  8.1425E+00  7.7837E+00
7.1778E-03  8.1321E+00  7.7734E+00
7.1812E-03  8.1220E+00  7.7633E+00
7.1846E-03  8.1120E+00  7.7532E+00
7.1880E-03  8.1021E+00  7.7434E+00
7.1914E-03  8.0921E+00  7.7333E+00
7.1949E-03  8.0822E+00  7.7235E+00
7.1983E-03  8.0727E+00  7.7139E+00
7.2017E-03  8.0640E+00  7.7052E+00
7.2051E-03  8.0584E+00  7.6996E+00
7.2085E-03  8.8463E+00  1.1643E+01
7.2120E-03  1.7763E+01  5.6177E+01
7.2154E-03  8.0520E+00  7.6933E+00
7.2188E-03  8.1853E+00  7.8280E+00
7.2223E-03  8.0363E+00  7.6777E+00
7.2257E-03  7.9961E+00  7.6373E+00
7.2291E-03  7.9838E+00  7.6251E+00
7.2326E-03  7.9734E+00  7.6146E+00
7.2360E-03  7.9640E+00  7.6052E+00
7.2394E-03  7.9542E+00  7.5954E+00
7.2429E-03  7.9461E+00  7.5873E+00
7.2463E-03  7.9435E+00  7.5847E+00
7.2498E-03  8.0409E+00  7.6836E+00
7.2532E-03  8.2831E+00  7.9348E+00
7.2567E-03  8.0103E+00  7.7263E+00
7.2601E-03  3.1211E+01  7.4909E+01
7.2636E-03  8.0245E+00  7.8396E+00
7.2670E-03  7.8781E+00  7.5193E+00
7.2705E-03  7.8661E+00  7.5073E+00
7.2739E-03  7.8557E+00  7.4969E+00
7.2774E-03  7.8455E+00  7.4867E+00
7.2809E-03  7.8357E+00  7.4769E+00
7.2843E-03  7.8257E+00  7.4669E+00
7.2878E-03  7.8160E+00  7.4572E+00
7.2912E-03  7.8064E+00  7.4476E+00
7.2947E-03  7.8037E+00  7.4448E+00
7.2982E-03  7.7902E+00  7.4314E+00
7.3016E-03  7.7782E+00  7.4194E+00
7.3051E-03  7.7681E+00  7.4093E+00
7.3086E-03  7.7585E+00  7.3997E+00
7.3121E-03  7.7496E+00  7.3907E+00
7.3155E-03  7.7409E+00  7.3821E+00
7.3190E-03  7.7304E+00  7.3716E+00
7.3225E-03  7.7211E+00  7.3622E+00
7.3260E-03  7.7113E+00  7.3525E+00
7.3295E-03  7.7023E+00  7.3434E+00
7.3329E-03  7.6955E+00  7.3367E+00
7.3364E-03  1.2414E+01  1.6041E+01
7.3399E-03  8.0495E+00  7.9752E+00
7.3434E-03  7.6667E+00  7.3079E+00
7.3469E-03  7.7118E+00  7.3534E+00
7.3504E-03  7.6872E+00  7.3286E+00
7.3539E-03  7.6385E+00  7.2797E+00
7.3574E-03  7.6287E+00  7.2699E+00
7.3609E-03  7.6177E+00  7.2588E+00
7.3644E-03  7.6082E+00  7.2493E+00
7.3679E-03  7.5989E+00  7.2400E+00
7.3714E-03  7.5896E+00  7.2307E+00
7.3749E-03  7.5803E+00  7.2214E+00
7.3784E-03  7.5712E+00  7.2123E+00
7.3819E-03  7.5672E+00  7.2083E+00
7.3854E-03  7.5607E+00  7.2019E+00
7.3889E-03  7.6131E+00  7.2548E+00
7.3924E-03  7.5402E+00  7.1814E+00
7.3960E-03  7.5312E+00  7.1723E+00
7.3995E-03  7.5162E+00  7.1573E+00
7.4030E-03  7.5083E+00  7.1494E+00
7.4065E-03  7.4983E+00  7.1394E+00
7.4100E-03  7.4887E+00  7.1298E+00
7.4135E-03  7.4797E+00  7.1208E+00
7.4171E-03  7.4710E+00  7.1121E+00
7.4206E-03  7.4618E+00  7.1029E+00
7.4241E-03  7.4537E+00  7.0948E+00
7.4277E-03  7.4433E+00  7.0844E+00
7.4312E-03  7.4341E+00  7.0752E+00
7.4347E-03  7.4250E+00  7.0661E+00
7.4383E-03  7.4162E+00  7.0573E+00
7.4418E-03  7.4073E+00  7.0484E+00
7.4453E-03  7.3987E+00  7.0398E+00
7.4489E-03  7.3891E+00  7.0302E+00
7.4524E-03  7.3800E+00  7.0211E+00
7.4560E-03  7.3711E+00  7.0122E+00
7.4595E-03  7.3621E+00  7.0032E+00
7.4630E-03  7.3532E+00  6.9942E+00
7.4666E-03  7.3443E+00  6.9853E+00
7.4701E-03  7.3355E+00  6.9766E+00
7.4737E-03  7.3265E+00  6.9676E+00
7.4772E-03  7.3177E+00  6.9587E+00
7.4808E-03  7.3110E+00  6.9520E+00
7.4844E-03  7.3012E+00  6.9422E+00
7.4879E-03  7.2915E+00  6.9326E+00
7.4915E-03  7.2843E+00  6.9253E+00
7.4950E-03  7.2756E+00  6.9167E+00
7.4986E-03  7.2654E+00  6.9065E+00
7.5022E-03  7.2560E+00  6.8971E+00
7.5057E-03  7.2470E+00  6.8881E+00
7.5093E-03  7.2382E+00  6.8793E+00
7.5129E-03  7.2300E+00  6.8710E+00
7.5164E-03  7.2219E+00  6.8630E+00
7.5200E-03  7.2124E+00  6.8534E+00
7.5236E-03  7.2037E+00  6.8447E+00
7.5272E-03  7.1960E+00  6.8370E+00
7.5307E-03  7.1863E+00  6.8273E+00
7.5343E-03  7.1771E+00  6.8182E+00
7.5379E-03  7.1683E+00  6.8093E+00
7.5415E-03  7.1597E+00  6.8007E+00
7.5451E-03  7.1509E+00  6.7919E+00
7.5487E-03  7.1422E+00  6.7833E+00
7.5522E-03  7.1336E+00  6.7746E+00
7.5558E-03  7.1249E+00  6.7659E+00
7.5594E-03  7.1163E+00  6.7573E+00
7.5630E-03  7.1076E+00  6.7486E+00
7.5666E-03  7.0990E+00  6.7400E+00
7.5702E-03  7.0904E+00  6.7314E+00
7.5738E-03  7.0818E+00  6.7228E+00
7.5774E-03  7.0759E+00  6.7169E+00
7.5810E-03  7.0660E+00  6.7070E+00
7.5846E-03  7.0560E+00  6.6971E+00
7.5882E-03  7.0474E+00  6.6884E+00
7.5918E-03  7.0388E+00  6.6799E+00
7.5954E-03  7.0303E+00  6.6713E+00
7.5991E-03  7.0218E+00  6.6628E+00
7.6027E-03  7.0133E+00  6.6543E+00
7.6063E-03  7.0047E+00  6.6457E+00
7.6099E-03  7.0028E+00  6.6438E+00
7.6135E-03  6.9885E+00  6.6295E+00
7.6171E-03  6.9792E+00  6.6202E+00
7.6208E-03  6.9708E+00  6.6119E+00
7.6244E-03  6.9624E+00  6.6034E+00
7.6280E-03  6.9538E+00  6.5948E+00
7.6316E-03  6.9454E+00  6.5864E+00
7.6353E-03  6.9373E+00  6.5783E+00
7.6389E-03  6.9288E+00  6.5698E+00
7.6425E-03  6.9201E+00  6.5611E+00
7.6462E-03  6.9117E+00  6.5527E+00
7.6498E-03  6.9034E+00  6.5444E+00
7.6534E-03  6.8968E+00  6.5377E+00
7.6571E-03  6.8905E+00  6.5315E+00
7.6607E-03  6.8798E+00  6.5208E+00
7.6643E-03  6.8977E+00  6.5388E+00
7.6680E-03  6.8640E+00  6.5050E+00
7.6716E-03  6.8534E+00  6.4944E+00
7.6753E-03  6.8471E+00  6.4881E+00
7.6789E-03  6.8381E+00  6.4791E+00
7.6826E-03  6.8286E+00  6.4695E+00
7.6862E-03  6.8205E+00  6.4615E+00
7.6899E-03  6.8118E+00  6.4528E+00
7.6935E-03  6.8035E+00  6.4445E+00
7.6972E-03  6.7950E+00  6.4360E+00
7.7009E-03  6.7871E+00  6.4281E+00
7.7045E-03  6.7788E+00  6.4198E+00
7.7082E-03  6.7703E+00  6.4113E+00
7.7118E-03  6.7623E+00  6.4032E+00
7.7155E-03  6.7560E+00  6.3969E+00
7.7192E-03  6.7457E+00  6.3867E+00
7.7229E-03  6.7375E+00  6.3784E+00
7.7265E-03  6.7293E+00  6.3703E+00
7.7302E-03  6.7212E+00  6.3622E+00
7.7339E-03  6.7131E+00  6.3540E+00
7.7375E-03  6.7137E+00  6.3546E+00
7.7412E-03  6.6974E+00  6.3384E+00
7.7449E-03  6.6886E+00  6.3295E+00
7.7486E-03  6.6804E+00  6.3214E+00
7.7523E-03  6.6724E+00  6.3133E+00
7.7560E-03  6.6661E+00  6.3071E+00
7.7596E-03  6.6565E+00  6.2975E+00
7.7633E-03  6.6480E+00  6.2890E+00
7.7670E-03  6.6399E+00  6.2809E+00
7.7707E-03  6.6319E+00  6.2728E+00
7.7744E-03  6.6238E+00  6.2648E+00
7.7781E-03  6.6158E+00  6.2567E+00
7.7818E-03  6.6077E+00  6.2487E+00
7.7855E-03  6.5997E+00  6.2406E+00
7.7892E-03  6.5917E+00  6.2326E+00
7.7929E-03  6.5837E+00  6.2246E+00
7.7966E-03  6.5761E+00  6.2170E+00
7.8003E-03  6.5679E+00  6.2088E+00
7.8040E-03  6.5597E+00  6.2006E+00
7.8077E-03  6.5517E+00  6.1926E+00
7.8114E-03  6.5437E+00  6.1846E+00
7.8152E-03  6.5359E+00  6.1768E+00
7.8189E-03  6.5280E+00  6.1689E+00
7.8226E-03  6.5202E+00  6.1611E+00
7.8263E-03  6.5120E+00  6.1529E+00
7.8300E-03  6.5040E+00  6.1449E+00
7.8338E-03  6.4965E+00  6.1373E+00
7.8375E-03  6.4942E+00  6.1351E+00
7.8412E-03  6.4853E+00  6.1262E+00
7.8449E-03  6.4730E+00  6.1139E+00
7.8487E-03  6.4758E+00  6.1167E+00
7.8524E-03  6.6090E+00  6.2533E+00
7.8561E-03  6.4489E+00  6.0898E+00
7.8599E-03  6.4407E+00  6.0816E+00
7.8636E-03  6.4330E+00  6.0739E+00
7.8673E-03  6.4250E+00  6.0659E+00
7.8711E-03  6.4171E+00  6.0579E+00
7.8748E-03  6.4092E+00  6.0501E+00
7.8786E-03  6.4014E+00  6.0422E+00
7.8823E-03  6.3936E+00  6.0344E+00
7.8861E-03  6.3859E+00  6.0267E+00
7.8898E-03  6.3779E+00  6.0188E+00
7.8936E-03  6.3704E+00  6.0112E+00
7.8973E-03  6.3649E+00  6.0058E+00
7.9011E-03  6.3575E+00  5.9984E+00
7.9048E-03  6.3479E+00  5.9888E+00
7.9086E-03  6.6651E+00  6.3730E+00
7.9123E-03  6.9121E+00  6.6381E+00
7.9161E-03  7.2624E+00  6.9680E+00
7.9199E-03  6.3560E+00  5.9970E+00
7.9236E-03  6.3089E+00  5.9498E+00
7.9274E-03  6.3006E+00  5.9414E+00
7.9312E-03  6.2924E+00  5.9332E+00
7.9349E-03  6.2845E+00  5.9254E+00
7.9387E-03  6.2768E+00  5.9177E+00
7.9425E-03  6.2693E+00  5.9102E+00
7.9463E-03  6.2614E+00  5.9022E+00
7.9500E-03  6.2536E+00  5.8944E+00
7.9538E-03  6.2459E+00  5.8867E+00
7.9576E-03  6.2394E+00  5.8802E+00
7.9614E-03  6.2315E+00  5.8724E+00
7.9652E-03  6.2230E+00  5.8639E+00
7.9689E-03  6.2159E+00  5.8567E+00
7.9727E-03  6.2081E+00  5.8489E+00
7.9765E-03  6.2002E+00  5.8410E+00
7.9803E-03  6.1942E+00  5.8350E+00
7.9841E-03  6.1855E+00  5.8263E+00
7.9879E-03  6.1767E+00  5.8175E+00
7.9917E-03  6.1690E+00  5.8098E+00
7.9955E-03  6.1614E+00  5.8023E+00
7.9993E-03  6.1537E+00  5.7945E+00
8.0031E-03  6.1460E+00  5.7868E+00
8.0069E-03  6.1384E+00  5.7792E+00
8.0107E-03  6.1307E+00  5.7715E+00
8.0145E-03  6.1233E+00  5.7641E+00
8.0183E-03  6.1158E+00  5.7566E+00
8.0221E-03  6.1101E+00  5.7509E+00
8.0260E-03  6.1068E+00  5.7476E+00
8.0298E-03  6.0927E+00  5.7335E+00
8.0336E-03  6.0865E+00  5.7273E+00
8.0374E-03  6.0780E+00  5.7188E+00
8.0412E-03  6.0706E+00  5.7114E+00
8.0451E-03  6.0640E+00  5.7048E+00
8.0489E-03  6.0549E+00  5.6957E+00
8.0527E-03  6.0475E+00  5.6883E+00
8.0565E-03  6.0398E+00  5.6806E+00
8.0604E-03  6.0321E+00  5.6728E+00
8.0642E-03  6.0244E+00  5.6652E+00
8.0680E-03  6.0168E+00  5.6576E+00
8.0719E-03  6.0094E+00  5.6501E+00
8.0757E-03  6.0018E+00  5.6426E+00
8.0795E-03  5.9942E+00  5.6350E+00
8.0834E-03  5.9867E+00  5.6275E+00
8.0872E-03  5.9794E+00  5.6201E+00
8.0911E-03  5.9717E+00  5.6124E+00
8.0949E-03  5.9642E+00  5.6050E+00
8.0988E-03  5.9568E+00  5.5975E+00
8.1026E-03  5.9492E+00  5.5899E+00
8.1065E-03  5.9422E+00  5.5830E+00
8.1103E-03  5.9343E+00  5.5750E+00
8.1142E-03  5.9280E+00  5.5688E+00
8.1180E-03  5.9195E+00  5.5603E+00
8.1219E-03  5.9117E+00  5.5524E+00
8.1258E-03  5.9042E+00  5.5450E+00
8.1296E-03  5.8968E+00  5.5375E+00
8.1335E-03  5.8897E+00  5.5305E+00
8.1374E-03  5.8824E+00  5.5232E+00
8.1412E-03  5.8750E+00  5.5157E+00
8.1451E-03  5.8686E+00  5.5093E+00
8.1490E-03  5.8598E+00  5.5005E+00
8.1528E-03  5.8528E+00  5.4936E+00
8.1567E-03  5.8446E+00  5.4853E+00
8.1606E-03  5.8372E+00  5.4779E+00
8.1645E-03  5.8298E+00  5.4706E+00
8.1684E-03  5.8232E+00  5.4639E+00
8.1722E-03  5.8248E+00  5.4656E+00
8.1761E-03  5.8613E+00  5.5023E+00
8.1800E-03  5.8207E+00  5.4614E+00
8.1839E-03  5.7940E+00  5.4347E+00
8.1878E-03  5.7854E+00  5.4261E+00
8.1917E-03  5.7781E+00  5.4188E+00
8.1956E-03  5.7709E+00  5.4116E+00
8.1995E-03  6.1257E+00  5.8276E+00
8.2034E-03  6.0077E+00  5.6871E+00
8.2073E-03  6.8843E+00  6.7844E+00
8.2112E-03  5.7413E+00  5.3820E+00
8.2151E-03  5.7342E+00  5.3749E+00
8.2190E-03  5.7278E+00  5.3685E+00
8.2229E-03  5.7274E+00  5.3681E+00
8.2268E-03  6.5992E+00  6.3845E+00
8.2307E-03  5.7574E+00  5.4024E+00
8.2346E-03  5.7114E+00  5.3521E+00
8.2385E-03  6.2579E+00  5.9515E+00
8.2424E-03  5.7143E+00  5.3552E+00
8.2464E-03  5.6786E+00  5.3193E+00
8.2503E-03  5.6691E+00  5.3098E+00
8.2542E-03  5.6612E+00  5.3018E+00
8.2581E-03  5.6540E+00  5.2947E+00
8.2621E-03  5.6450E+00  5.2857E+00
8.2660E-03  5.6376E+00  5.2782E+00
8.2699E-03  5.6301E+00  5.2708E+00
8.2738E-03  5.6228E+00  5.2635E+00
8.2778E-03  5.6153E+00  5.2560E+00
8.2817E-03  5.6081E+00  5.2487E+00
8.2857E-03  5.6005E+00  5.2411E+00
8.2896E-03  5.5931E+00  5.2338E+00
8.2935E-03  5.5858E+00  5.2265E+00
8.2975E-03  5.5787E+00  5.2193E+00
8.3014E-03  5.5712E+00  5.2118E+00
8.3054E-03  5.5638E+00  5.2044E+00
8.3093E-03  5.5569E+00  5.1976E+00
8.3133E-03  5.5506E+00  5.1912E+00
8.3172E-03  5.5420E+00  5.1827E+00
8.3212E-03  5.5348E+00  5.1755E+00
8.3251E-03  5.5271E+00  5.1678E+00
8.3291E-03  5.5198E+00  5.1604E+00
8.3330E-03  5.5130E+00  5.1536E+00
8.3370E-03  5.5051E+00  5.1457E+00
8.3410E-03  5.4978E+00  5.1384E+00
8.3449E-03  5.4905E+00  5.1311E+00
8.3489E-03  5.4840E+00  5.1246E+00
8.3529E-03  5.4774E+00  5.1181E+00
8.3568E-03  5.4689E+00  5.1095E+00
8.3608E-03  5.4620E+00  5.1026E+00
8.3648E-03  5.4550E+00  5.0956E+00
8.3688E-03  5.4506E+00  5.0912E+00
8.3727E-03  5.4398E+00  5.0804E+00
8.3767E-03  5.4321E+00  5.0727E+00
8.3807E-03  5.4250E+00  5.0656E+00
8.3847E-03  5.4179E+00  5.0585E+00
8.3887E-03  5.4106E+00  5.0512E+00
8.3927E-03  5.4032E+00  5.0437E+00
8.3967E-03  5.3958E+00  5.0364E+00
8.4006E-03  5.3885E+00  5.0290E+00
8.4046E-03  5.3811E+00  5.0217E+00
8.4086E-03  5.3739E+00  5.0144E+00
8.4126E-03  5.3675E+00  5.0080E+00
8.4166E-03  5.3595E+00  5.0001E+00
8.4206E-03  5.3529E+00  4.9934E+00
8.4246E-03  5.3452E+00  4.9858E+00
8.4286E-03  5.3375E+00  4.9781E+00
8.4326E-03  5.3303E+00  4.9709E+00
8.4367E-03  5.3231E+00  4.9637E+00
8.4407E-03  5.3161E+00  4.9567E+00
8.4447E-03  5.3091E+00  4.9497E+00
8.4487E-03  5.3013E+00  4.9419E+00
8.4527E-03  5.2941E+00  4.9346E+00
8.4567E-03  5.2869E+00  4.9274E+00
8.4608E-03  5.2796E+00  4.9202E+00
8.4648E-03  5.2725E+00  4.9130E+00
8.4688E-03  5.2656E+00  4.9061E+00
8.4728E-03  5.2582E+00  4.8988E+00
8.4769E-03  5.2512E+00  4.8918E+00
8.4809E-03  5.2490E+00  4.8896E+00
8.4849E-03  5.2434E+00  4.8840E+00
8.4889E-03  5.2334E+00  4.8739E+00
8.4930E-03  5.2252E+00  4.8657E+00
8.4970E-03  5.2252E+00  4.8657E+00
8.5011E-03  5.3601E+00  5.0020E+00
8.5051E-03  5.2513E+00  4.8925E+00
8.5091E-03  5.4221E+00  5.0741E+00
8.5132E-03  5.2651E+00  4.9086E+00
8.5172E-03  6.2821E+00  6.2139E+00
8.5213E-03  5.2609E+00  4.9124E+00
8.5253E-03  5.2234E+00  4.8640E+00
8.5294E-03  5.1753E+00  4.8159E+00
8.5334E-03  5.1517E+00  4.7922E+00
8.5375E-03  5.1435E+00  4.7840E+00
8.5416E-03  5.1359E+00  4.7764E+00
8.5456E-03  5.1287E+00  4.7693E+00
8.5497E-03  5.1211E+00  4.7616E+00
8.5537E-03  5.1140E+00  4.7545E+00
8.5578E-03  5.1065E+00  4.7470E+00
8.5619E-03  5.0993E+00  4.7398E+00
8.5660E-03  5.0921E+00  4.7326E+00
8.5700E-03  5.0851E+00  4.7256E+00
8.5741E-03  5.0782E+00  4.7187E+00
8.5782E-03  5.0740E+00  4.7145E+00
8.5823E-03  5.0632E+00  4.7037E+00
8.5863E-03  5.0560E+00  4.6965E+00
8.5904E-03  5.0490E+00  4.6895E+00
8.5945E-03  5.0416E+00  4.6821E+00
8.5986E-03  5.0345E+00  4.6749E+00
8.6027E-03  5.0273E+00  4.6678E+00
8.6068E-03  5.0201E+00  4.6606E+00
8.6109E-03  5.0143E+00  4.6548E+00
8.6149E-03  5.0066E+00  4.6470E+00
8.6190E-03  4.9987E+00  4.6391E+00
8.6231E-03  4.9916E+00  4.6320E+00
8.6272E-03  4.9865E+00  4.6270E+00
8.6313E-03  4.9781E+00  4.6186E+00
8.6354E-03  4.9709E+00  4.6113E+00
8.6395E-03  4.9639E+00  4.6044E+00
8.6437E-03  4.9567E+00  4.5971E+00
8.6478E-03  4.9500E+00  4.5904E+00
8.6519E-03  4.9461E+00  4.5865E+00
8.6560E-03  4.9359E+00  4.5763E+00
8.6601E-03  4.9293E+00  4.5697E+00
8.6642E-03  4.9222E+00  4.5626E+00
8.6683E-03  4.9154E+00  4.5558E+00
8.6725E-03  4.9088E+00  4.5493E+00
8.6766E-03  4.9018E+00  4.5423E+00
8.6807E-03  4.8951E+00  4.5355E+00
8.6848E-03  4.8884E+00  4.5288E+00
8.6890E-03  4.8818E+00  4.5222E+00
8.6931E-03  4.8751E+00  4.5155E+00
8.6972E-03  4.8692E+00  4.5096E+00
8.7014E-03  4.8618E+00  4.5023E+00
8.7055E-03  4.8552E+00  4.4956E+00
8.7096E-03  4.8487E+00  4.4891E+00
8.7138E-03  4.8421E+00  4.4826E+00
8.7179E-03  4.8358E+00  4.4762E+00
8.7221E-03  4.8300E+00  4.4704E+00
8.7262E-03  4.8502E+00  4.4909E+00
8.7304E-03  4.8313E+00  4.4719E+00
8.7345E-03  4.8210E+00  4.4615E+00
8.7387E-03  4.8047E+00  4.4451E+00
8.7428E-03  4.7971E+00  4.4375E+00
8.7470E-03  4.7907E+00  4.4311E+00
8.7511E-03  4.7845E+00  4.4249E+00
8.7553E-03  4.8307E+00  4.4738E+00
8.7595E-03  4.9454E+00  4.5932E+00
8.7636E-03  5.0705E+00  4.7409E+00
8.7678E-03  4.9352E+00  4.5940E+00
8.7720E-03  4.7579E+00  4.3983E+00
8.7761E-03  4.7476E+00  4.3880E+00
8.7803E-03  4.7409E+00  4.3813E+00
8.7845E-03  4.7344E+00  4.3748E+00
8.7886E-03  4.7283E+00  4.3687E+00
8.7928E-03  4.7235E+00  4.3639E+00
8.7970E-03  4.7174E+00  4.3578E+00
8.8012E-03  4.7113E+00  4.3517E+00
8.8054E-03  4.7041E+00  4.3444E+00
8.8096E-03  4.6978E+00  4.3381E+00
8.8137E-03  4.6917E+00  4.3320E+00
8.8179E-03  4.6857E+00  4.3261E+00
8.8221E-03  4.6797E+00  4.3200E+00
8.8263E-03  4.6737E+00  4.3140E+00
8.8305E-03  4.6677E+00  4.3080E+00
8.8347E-03  4.6617E+00  4.3021E+00
8.8389E-03  4.6558E+00  4.2961E+00
8.8431E-03  4.6499E+00  4.2902E+00
8.8473E-03  4.6441E+00  4.2844E+00
8.8515E-03  4.6381E+00  4.2785E+00
8.8557E-03  4.6335E+00  4.2738E+00
8.8599E-03  4.6269E+00  4.2672E+00
8.8642E-03  4.6206E+00  4.2609E+00
8.8684E-03  4.6150E+00  4.2554E+00
8.8726E-03  4.6091E+00  4.2494E+00
8.8768E-03  4.6031E+00  4.2435E+00
8.8810E-03  4.5975E+00  4.2379E+00
8.8852E-03  4.5952E+00  4.2355E+00
8.8895E-03  4.5881E+00  4.2284E+00
8.8937E-03  4.5805E+00  4.2208E+00
8.8979E-03  4.5752E+00  4.2155E+00
8.9022E-03  4.6044E+00  4.2657E+00
8.9064E-03  8.6743E+00  2.4022E+01
8.9106E-03  4.5614E+00  4.2017E+00
8.9149E-03  4.5552E+00  4.1955E+00
8.9191E-03  4.6141E+00  4.2555E+00
8.9233E-03  4.5423E+00  4.1826E+00
8.9276E-03  4.5490E+00  4.1893E+00
8.9318E-03  4.5313E+00  4.1716E+00
8.9361E-03  4.5237E+00  4.1640E+00
8.9403E-03  4.5180E+00  4.1583E+00
8.9446E-03  4.5124E+00  4.1527E+00
8.9488E-03  4.5068E+00  4.1471E+00
8.9531E-03  4.5013E+00  4.1415E+00
8.9573E-03  4.4957E+00  4.1360E+00
8.9616E-03  4.4902E+00  4.1305E+00
8.9658E-03  4.4847E+00  4.1250E+00
8.9701E-03  4.4792E+00  4.1195E+00
8.9744E-03  4.4738E+00  4.1140E+00
8.9786E-03  4.4683E+00  4.1086E+00
8.9829E-03  4.4629E+00  4.1032E+00
8.9872E-03  4.4622E+00  4.1025E+00
8.9914E-03  4.4523E+00  4.0926E+00
8.9957E-03  4.4466E+00  4.0868E+00
9.0000E-03  4.4412E+00  4.0815E+00
9.0043E-03  4.4359E+00  4.0761E+00
9.0086E-03  4.4305E+00  4.0708E+00
9.0128E-03  4.4252E+00  4.0654E+00
9.0171E-03  4.4199E+00  4.0602E+00
9.0214E-03  4.4146E+00  4.0549E+00
9.0257E-03  4.4095E+00  4.0497E+00
9.0300E-03  4.4055E+00  4.0457E+00
9.0343E-03  4.3988E+00  4.0390E+00
9.0386E-03  4.3935E+00  4.0338E+00
9.0429E-03  4.3884E+00  4.0286E+00
9.0472E-03  4.3831E+00  4.0233E+00
9.0515E-03  4.3779E+00  4.0181E+00
9.0558E-03  4.3734E+00  4.0137E+00
9.0601E-03  4.3677E+00  4.0080E+00
9.0644E-03  4.3624E+00  4.0026E+00
9.0687E-03  4.3584E+00  3.9986E+00
9.0730E-03  4.3520E+00  3.9922E+00