Number of T =   1  Number of rho =   1  Number of materials =   9
TOPS results for  phLine5T0       on Sep 19, 2026
Opacities in cm**2/gm, T in keV, density in gm/cc
Normalized composition for requested elements
No. Fraction Mass Fraction  At. No.  Chem. Sym.  Mat ID.
9.7044E-01   8.8941E-01      1         H         4525
2.9297E-02   1.0664E-01      2         He        4675
2.4325E-06   2.6953E-05      6         C         4387
1.1017E-04   1.4030E-03      7         N         4005
8.3156E-05   1.2116E-03      8         O         4105
2.5313E-09   4.3732E-08      9         F         4405
2.2228E-05   4.0413E-04     10         Ne        4145
4.1339E-05   9.0165E-04     12         Mg        4682
2.1699E-07   7.8856E-06     20         Ca        2302
Temperature grid used the following   1 points
1.5000E-03
Density grid used the following   1 points
1.9163E-09
Photon grid used the following 998 points
1.0938E-02  1.0939E-02  1.0940E-02  1.0941E-02  1.0941E-02  1.0942E-02
1.0943E-02  1.0944E-02  1.0944E-02  1.0945E-02  1.0946E-02  1.0947E-02
1.0948E-02  1.0948E-02  1.0949E-02  1.0950E-02  1.0951E-02  1.0951E-02
1.0952E-02  1.0953E-02  1.0954E-02  1.0954E-02  1.0955E-02  1.0956E-02
1.0957E-02  1.0958E-02  1.0958E-02  1.0959E-02  1.0960E-02  1.0961E-02
1.0961E-02  1.0962E-02  1.0963E-02  1.0964E-02  1.0964E-02  1.0965E-02
1.0966E-02  1.0967E-02  1.0968E-02  1.0968E-02  1.0969E-02  1.0970E-02
1.0971E-02  1.0971E-02  1.0972E-02  1.0973E-02  1.0974E-02  1.0975E-02
1.0975E-02  1.0976E-02  1.0977E-02  1.0978E-02  1.0978E-02  1.0979E-02
1.0980E-02  1.0981E-02  1.0981E-02  1.0982E-02  1.0983E-02  1.0984E-02
1.0985E-02  1.0985E-02  1.0986E-02  1.0987E-02  1.0988E-02  1.0988E-02
1.0989E-02  1.0990E-02  1.0991E-02  1.0992E-02  1.0992E-02  1.0993E-02
1.0994E-02  1.0995E-02  1.0995E-02  1.0996E-02  1.0997E-02  1.0998E-02
1.0998E-02  1.0999E-02  1.1000E-02  1.1001E-02  1.1002E-02  1.1002E-02
1.1003E-02  1.1004E-02  1.1005E-02  1.1005E-02  1.1006E-02  1.1007E-02
1.1008E-02  1.1009E-02  1.1009E-02  1.1010E-02  1.1011E-02  1.1012E-02
1.1012E-02  1.1013E-02  1.1014E-02  1.1015E-02  1.1016E-02  1.1016E-02
1.1017E-02  1.1018E-02  1.1019E-02  1.1019E-02  1.1020E-02  1.1021E-02
1.1022E-02  1.1022E-02  1.1023E-02  1.1024E-02  1.1025E-02  1.1026E-02
1.1026E-02  1.1027E-02  1.1028E-02  1.1029E-02  1.1029E-02  1.1030E-02
1.1031E-02  1.1032E-02  1.1033E-02  1.1033E-02  1.1034E-02  1.1035E-02
1.1036E-02  1.1036E-02  1.1037E-02  1.1038E-02  1.1039E-02  1.1040E-02
1.1040E-02  1.1041E-02  1.1042E-02  1.1043E-02  1.1043E-02  1.1044E-02
1.1045E-02  1.1046E-02  1.1047E-02  1.1047E-02  1.1048E-02  1.1049E-02
1.1050E-02  1.1050E-02  1.1051E-02  1.1052E-02  1.1053E-02  1.1054E-02
1.1054E-02  1.1055E-02  1.1056E-02  1.1057E-02  1.1057E-02  1.1058E-02
1.1059E-02  1.1060E-02  1.1061E-02  1.1061E-02  1.1062E-02  1.1063E-02
1.1064E-02  1.1064E-02  1.1065E-02  1.1066E-02  1.1067E-02  1.1068E-02
1.1068E-02  1.1069E-02  1.1070E-02  1.1071E-02  1.1071E-02  1.1072E-02
1.1073E-02  1.1074E-02  1.1075E-02  1.1075E-02  1.1076E-02  1.1077E-02
1.1078E-02  1.1078E-02  1.1079E-02  1.1080E-02  1.1081E-02  1.1082E-02
1.1082E-02  1.1083E-02  1.1084E-02  1.1085E-02  1.1085E-02  1.1086E-02
1.1087E-02  1.1088E-02  1.1089E-02  1.1089E-02  1.1090E-02  1.1091E-02
1.1092E-02  1.1092E-02  1.1093E-02  1.1094E-02  1.1095E-02  1.1096E-02
1.1096E-02  1.1097E-02  1.1098E-02  1.1099E-02  1.1100E-02  1.1100E-02
1.1101E-02  1.1102E-02  1.1103E-02  1.1103E-02  1.1104E-02  1.1105E-02
1.1106E-02  1.1107E-02  1.1107E-02  1.1108E-02  1.1109E-02  1.1110E-02
1.1110E-02  1.1111E-02  1.1112E-02  1.1113E-02  1.1114E-02  1.1114E-02
1.1115E-02  1.1116E-02  1.1117E-02  1.1117E-02  1.1118E-02  1.1119E-02
1.1120E-02  1.1121E-02  1.1121E-02  1.1122E-02  1.1123E-02  1.1124E-02
1.1125E-02  1.1125E-02  1.1126E-02  1.1127E-02  1.1128E-02  1.1128E-02
1.1129E-02  1.1130E-02  1.1131E-02  1.1132E-02  1.1132E-02  1.1133E-02
1.1134E-02  1.1135E-02  1.1136E-02  1.1136E-02  1.1137E-02  1.1138E-02
1.1139E-02  1.1139E-02  1.1140E-02  1.1141E-02  1.1142E-02  1.1143E-02
1.1143E-02  1.1144E-02  1.1145E-02  1.1146E-02  1.1146E-02  1.1147E-02
1.1148E-02  1.1149E-02  1.1150E-02  1.1150E-02  1.1151E-02  1.1152E-02
1.1153E-02  1.1154E-02  1.1154E-02  1.1155E-02  1.1156E-02  1.1157E-02
1.1157E-02  1.1158E-02  1.1159E-02  1.1160E-02  1.1161E-02  1.1161E-02
1.1162E-02  1.1163E-02  1.1164E-02  1.1165E-02  1.1165E-02  1.1166E-02
1.1167E-02  1.1168E-02  1.1168E-02  1.1169E-02  1.1170E-02  1.1171E-02
1.1172E-02  1.1172E-02  1.1173E-02  1.1174E-02  1.1175E-02  1.1176E-02
1.1176E-02  1.1177E-02  1.1178E-02  1.1179E-02  1.1179E-02  1.1180E-02
1.1181E-02  1.1182E-02  1.1183E-02  1.1183E-02  1.1184E-02  1.1185E-02
1.1186E-02  1.1187E-02  1.1187E-02  1.1188E-02  1.1189E-02  1.1190E-02
1.1190E-02  1.1191E-02  1.1192E-02  1.1193E-02  1.1194E-02  1.1194E-02
1.1195E-02  1.1196E-02  1.1197E-02  1.1198E-02  1.1198E-02  1.1199E-02
1.1200E-02  1.1201E-02  1.1202E-02  1.1202E-02  1.1203E-02  1.1204E-02
1.1205E-02  1.1205E-02  1.1206E-02  1.1207E-02  1.1208E-02  1.1209E-02
1.1209E-02  1.1210E-02  1.1211E-02  1.1212E-02  1.1213E-02  1.1213E-02
1.1214E-02  1.1215E-02  1.1216E-02  1.1216E-02  1.1217E-02  1.1218E-02
1.1219E-02  1.1220E-02  1.1220E-02  1.1221E-02  1.1222E-02  1.1223E-02
1.1224E-02  1.1224E-02  1.1225E-02  1.1226E-02  1.1227E-02  1.1228E-02
1.1228E-02  1.1229E-02  1.1230E-02  1.1231E-02  1.1231E-02  1.1232E-02
1.1233E-02  1.1234E-02  1.1235E-02  1.1235E-02  1.1236E-02  1.1237E-02
1.1238E-02  1.1239E-02  1.1239E-02  1.1240E-02  1.1241E-02  1.1242E-02
1.1243E-02  1.1243E-02  1.1244E-02  1.1245E-02  1.1246E-02  1.1247E-02
1.1247E-02  1.1248E-02  1.1249E-02  1.1250E-02  1.1250E-02  1.1251E-02
1.1252E-02  1.1253E-02  1.1254E-02  1.1254E-02  1.1255E-02  1.1256E-02
1.1257E-02  1.1258E-02  1.1258E-02  1.1259E-02  1.1260E-02  1.1261E-02
1.1262E-02  1.1262E-02  1.1263E-02  1.1264E-02  1.1265E-02  1.1266E-02
1.1266E-02  1.1267E-02  1.1268E-02  1.1269E-02  1.1269E-02  1.1270E-02
1.1271E-02  1.1272E-02  1.1273E-02  1.1273E-02  1.1274E-02  1.1275E-02
1.1276E-02  1.1277E-02  1.1277E-02  1.1278E-02  1.1279E-02  1.1280E-02
1.1281E-02  1.1281E-02  1.1282E-02  1.1283E-02  1.1284E-02  1.1285E-02
1.1285E-02  1.1286E-02  1.1287E-02  1.1288E-02  1.1289E-02  1.1289E-02
1.1290E-02  1.1291E-02  1.1292E-02  1.1292E-02  1.1293E-02  1.1294E-02
1.1295E-02  1.1296E-02  1.1296E-02  1.1297E-02  1.1298E-02  1.1299E-02
1.1300E-02  1.1300E-02  1.1301E-02  1.1302E-02  1.1303E-02  1.1304E-02
1.1304E-02  1.1305E-02  1.1306E-02  1.1307E-02  1.1308E-02  1.1308E-02
1.1309E-02  1.1310E-02  1.1311E-02  1.1312E-02  1.1312E-02  1.1313E-02
1.1314E-02  1.1315E-02  1.1316E-02  1.1316E-02  1.1317E-02  1.1318E-02
1.1319E-02  1.1320E-02  1.1320E-02  1.1321E-02  1.1322E-02  1.1323E-02
1.1324E-02  1.1324E-02  1.1325E-02  1.1326E-02  1.1327E-02  1.1328E-02
1.1328E-02  1.1329E-02  1.1330E-02  1.1331E-02  1.1331E-02  1.1332E-02
1.1333E-02  1.1334E-02  1.1335E-02  1.1335E-02  1.1336E-02  1.1337E-02
1.1338E-02  1.1339E-02  1.1339E-02  1.1340E-02  1.1341E-02  1.1342E-02
1.1343E-02  1.1343E-02  1.1344E-02  1.1345E-02  1.1346E-02  1.1347E-02
1.1347E-02  1.1348E-02  1.1349E-02  1.1350E-02  1.1351E-02  1.1351E-02
1.1352E-02  1.1353E-02  1.1354E-02  1.1355E-02  1.1355E-02  1.1356E-02
1.1357E-02  1.1358E-02  1.1359E-02  1.1359E-02  1.1360E-02  1.1361E-02
1.1362E-02  1.1363E-02  1.1363E-02  1.1364E-02  1.1365E-02  1.1366E-02
1.1367E-02  1.1367E-02  1.1368E-02  1.1369E-02  1.1370E-02  1.1371E-02
1.1371E-02  1.1372E-02  1.1373E-02  1.1374E-02  1.1375E-02  1.1375E-02
1.1376E-02  1.1377E-02  1.1378E-02  1.1379E-02  1.1379E-02  1.1380E-02
1.1381E-02  1.1382E-02  1.1383E-02  1.1383E-02  1.1384E-02  1.1385E-02
1.1386E-02  1.1387E-02  1.1387E-02  1.1388E-02  1.1389E-02  1.1390E-02
1.1391E-02  1.1391E-02  1.1392E-02  1.1393E-02  1.1394E-02  1.1395E-02
1.1395E-02  1.1396E-02  1.1397E-02  1.1398E-02  1.1399E-02  1.1399E-02
1.1400E-02  1.1401E-02  1.1402E-02  1.1403E-02  1.1403E-02  1.1404E-02
1.1405E-02  1.1406E-02  1.1407E-02  1.1407E-02  1.1408E-02  1.1409E-02
1.1410E-02  1.1411E-02  1.1411E-02  1.1412E-02  1.1413E-02  1.1414E-02
1.1415E-02  1.1416E-02  1.1416E-02  1.1417E-02  1.1418E-02  1.1419E-02
1.1420E-02  1.1420E-02  1.1421E-02  1.1422E-02  1.1423E-02  1.1424E-02
1.1424E-02  1.1425E-02  1.1426E-02  1.1427E-02  1.1428E-02  1.1428E-02
1.1429E-02  1.1430E-02  1.1431E-02  1.1432E-02  1.1432E-02  1.1433E-02
1.1434E-02  1.1435E-02  1.1436E-02  1.1436E-02  1.1437E-02  1.1438E-02
1.1439E-02  1.1440E-02  1.1440E-02  1.1441E-02  1.1442E-02  1.1443E-02
1.1444E-02  1.1444E-02  1.1445E-02  1.1446E-02  1.1447E-02  1.1448E-02
1.1448E-02  1.1449E-02  1.1450E-02  1.1451E-02  1.1452E-02  1.1453E-02
1.1453E-02  1.1454E-02  1.1455E-02  1.1456E-02  1.1457E-02  1.1457E-02
1.1458E-02  1.1459E-02  1.1460E-02  1.1461E-02  1.1461E-02  1.1462E-02
1.1463E-02  1.1464E-02  1.1465E-02  1.1465E-02  1.1466E-02  1.1467E-02
1.1468E-02  1.1469E-02  1.1469E-02  1.1470E-02  1.1471E-02  1.1472E-02
1.1473E-02  1.1473E-02  1.1474E-02  1.1475E-02  1.1476E-02  1.1477E-02
1.1478E-02  1.1478E-02  1.1479E-02  1.1480E-02  1.1481E-02  1.1482E-02
1.1482E-02  1.1483E-02  1.1484E-02  1.1485E-02  1.1486E-02  1.1486E-02
1.1487E-02  1.1488E-02  1.1489E-02  1.1490E-02  1.1490E-02  1.1491E-02
1.1492E-02  1.1493E-02  1.1494E-02  1.1494E-02  1.1495E-02  1.1496E-02
1.1497E-02  1.1498E-02  1.1499E-02  1.1499E-02  1.1500E-02  1.1501E-02
1.1502E-02  1.1503E-02  1.1503E-02  1.1504E-02  1.1505E-02  1.1506E-02
1.1507E-02  1.1507E-02  1.1508E-02  1.1509E-02  1.1510E-02  1.1511E-02
1.1511E-02  1.1512E-02  1.1513E-02  1.1514E-02  1.1515E-02  1.1516E-02
1.1516E-02  1.1517E-02  1.1518E-02  1.1519E-02  1.1520E-02  1.1520E-02
1.1521E-02  1.1522E-02  1.1523E-02  1.1524E-02  1.1524E-02  1.1525E-02
1.1526E-02  1.1527E-02  1.1528E-02  1.1529E-02  1.1529E-02  1.1530E-02
1.1531E-02  1.1532E-02  1.1533E-02  1.1533E-02  1.1534E-02  1.1535E-02
1.1536E-02  1.1537E-02  1.1537E-02  1.1538E-02  1.1539E-02  1.1540E-02
1.1541E-02  1.1541E-02  1.1542E-02  1.1543E-02  1.1544E-02  1.1545E-02
1.1546E-02  1.1546E-02  1.1547E-02  1.1548E-02  1.1549E-02  1.1550E-02
1.1550E-02  1.1551E-02  1.1552E-02  1.1553E-02  1.1554E-02  1.1554E-02
1.1555E-02  1.1556E-02  1.1557E-02  1.1558E-02  1.1559E-02  1.1559E-02
1.1560E-02  1.1561E-02  1.1562E-02  1.1563E-02  1.1563E-02  1.1564E-02
1.1565E-02  1.1566E-02  1.1567E-02  1.1567E-02  1.1568E-02  1.1569E-02
1.1570E-02  1.1571E-02  1.1572E-02  1.1572E-02  1.1573E-02  1.1574E-02
1.1575E-02  1.1576E-02  1.1576E-02  1.1577E-02  1.1578E-02  1.1579E-02
1.1580E-02  1.1581E-02  1.1581E-02  1.1582E-02  1.1583E-02  1.1584E-02
1.1585E-02  1.1585E-02  1.1586E-02  1.1587E-02  1.1588E-02  1.1589E-02
1.1589E-02  1.1590E-02  1.1591E-02  1.1592E-02  1.1593E-02  1.1594E-02
1.1594E-02  1.1595E-02  1.1596E-02  1.1597E-02  1.1598E-02  1.1598E-02
1.1599E-02  1.1600E-02  1.1601E-02  1.1602E-02  1.1603E-02  1.1603E-02
1.1604E-02  1.1605E-02  1.1606E-02  1.1607E-02  1.1607E-02  1.1608E-02
1.1609E-02  1.1610E-02  1.1611E-02  1.1612E-02  1.1612E-02  1.1613E-02
1.1614E-02  1.1615E-02  1.1616E-02  1.1616E-02  1.1617E-02  1.1618E-02
1.1619E-02  1.1620E-02  1.1621E-02  1.1621E-02  1.1622E-02  1.1623E-02
1.1624E-02  1.1625E-02  1.1625E-02  1.1626E-02  1.1627E-02  1.1628E-02
1.1629E-02  1.1630E-02  1.1630E-02  1.1631E-02  1.1632E-02  1.1633E-02
1.1634E-02  1.1634E-02  1.1635E-02  1.1636E-02  1.1637E-02  1.1638E-02
1.1639E-02  1.1639E-02  1.1640E-02  1.1641E-02  1.1642E-02  1.1643E-02
1.1643E-02  1.1644E-02  1.1645E-02  1.1646E-02  1.1647E-02  1.1648E-02
1.1648E-02  1.1649E-02  1.1650E-02  1.1651E-02  1.1652E-02  1.1652E-02
1.1653E-02  1.1654E-02  1.1655E-02  1.1656E-02  1.1657E-02  1.1657E-02
1.1658E-02  1.1659E-02  1.1660E-02  1.1661E-02  1.1661E-02  1.1662E-02
1.1663E-02  1.1664E-02  1.1665E-02  1.1666E-02  1.1666E-02  1.1667E-02
1.1668E-02  1.1669E-02  1.1670E-02  1.1670E-02  1.1671E-02  1.1672E-02
1.1673E-02  1.1674E-02  1.1675E-02  1.1675E-02  1.1676E-02  1.1677E-02
1.1678E-02  1.1679E-02  1.1680E-02  1.1680E-02  1.1681E-02  1.1682E-02
1.1683E-02  1.1684E-02  1.1684E-02  1.1685E-02  1.1686E-02  1.1687E-02
1.1688E-02  1.1689E-02  1.1689E-02  1.1690E-02  1.1691E-02  1.1692E-02
1.1693E-02  1.1694E-02  1.1694E-02  1.1695E-02  1.1696E-02  1.1697E-02
1.1698E-02  1.1698E-02  1.1699E-02  1.1700E-02  1.1701E-02  1.1702E-02
1.1703E-02  1.1703E-02  1.1704E-02  1.1705E-02  1.1706E-02  1.1707E-02
1.1707E-02  1.1708E-02  1.1709E-02  1.1710E-02  1.1711E-02  1.1712E-02
1.1712E-02  1.1713E-02  1.1714E-02  1.1715E-02  1.1716E-02  1.1717E-02
1.1717E-02  1.1718E-02  1.1719E-02  1.1720E-02  1.1721E-02  1.1722E-02
1.1722E-02  1.1723E-02  1.1724E-02  1.1725E-02  1.1726E-02  1.1726E-02
1.1727E-02  1.1728E-02  1.1729E-02  1.1730E-02  1.1731E-02  1.1731E-02
1.1732E-02  1.1733E-02
Rosseland and Planck opacities and free electrons
Density     Ross opa    Planck opa  No. Free    Av Sq Free  T=  1.5000E-03
1.9163E-09  9.1378E+00  1.1273E+03  9.8847E-01  9.8856E-01
Multigroup opacities
Energy      Ross mg     Planck mg    for T, density =   1.5000E-03  1.9163E-09
1.0938E-02  2.8219E+00  2.4616E+00
1.0939E-02  2.8213E+00  2.4611E+00
1.0940E-02  2.8208E+00  2.4605E+00
1.0941E-02  2.8203E+00  2.4600E+00
1.0941E-02  2.8197E+00  2.4594E+00
1.0942E-02  2.8191E+00  2.4588E+00
1.0943E-02  2.8186E+00  2.4583E+00
1.0944E-02  2.8180E+00  2.4577E+00
1.0944E-02  2.8175E+00  2.4572E+00
1.0945E-02  2.8170E+00  2.4567E+00
1.0946E-02  2.8165E+00  2.4562E+00
1.0947E-02  2.8160E+00  2.4557E+00
1.0948E-02  2.8155E+00  2.4552E+00
1.0948E-02  2.8150E+00  2.4547E+00
1.0949E-02  2.8145E+00  2.4542E+00
1.0950E-02  2.8140E+00  2.4537E+00
1.0951E-02  2.8135E+00  2.4532E+00
1.0951E-02  2.8130E+00  2.4527E+00
1.0952E-02  2.8125E+00  2.4522E+00
1.0953E-02  2.8120E+00  2.4517E+00
1.0954E-02  2.8115E+00  2.4512E+00
1.0954E-02  2.8110E+00  2.4507E+00
1.0955E-02  2.8105E+00  2.4502E+00
1.0956E-02  2.8100E+00  2.4497E+00
1.0957E-02  2.8095E+00  2.4492E+00
1.0958E-02  2.8090E+00  2.4487E+00
1.0958E-02  2.8085E+00  2.4482E+00
1.0959E-02  2.8080E+00  2.4477E+00
1.0960E-02  2.8075E+00  2.4472E+00
1.0961E-02  2.8071E+00  2.4468E+00
1.0961E-02  2.8066E+00  2.4463E+00
1.0962E-02  2.8061E+00  2.4458E+00
1.0963E-02  2.8062E+00  2.4459E+00
1.0964E-02  2.8078E+00  2.4475E+00
1.0964E-02  2.8092E+00  2.4489E+00
1.0965E-02  2.8076E+00  2.4473E+00
1.0966E-02  2.8050E+00  2.4447E+00
1.0967E-02  2.8037E+00  2.4434E+00
1.0968E-02  2.8041E+00  2.4438E+00
1.0968E-02  2.8043E+00  2.4440E+00
1.0969E-02  2.8037E+00  2.4434E+00
1.0970E-02  2.8028E+00  2.4425E+00
1.0971E-02  2.8019E+00  2.4416E+00
1.0971E-02  2.8009E+00  2.4406E+00
1.0972E-02  2.8000E+00  2.4397E+00
1.0973E-02  2.7997E+00  2.4394E+00
1.0974E-02  2.7995E+00  2.4392E+00
1.0975E-02  2.7989E+00  2.4386E+00
1.0975E-02  2.7982E+00  2.4379E+00
1.0976E-02  2.7976E+00  2.4373E+00
1.0977E-02  2.7971E+00  2.4368E+00
1.0978E-02  2.7966E+00  2.4364E+00
1.0978E-02  2.7962E+00  2.4359E+00
1.0979E-02  2.7958E+00  2.4355E+00
1.0980E-02  2.7954E+00  2.4351E+00
1.0981E-02  2.7949E+00  2.4346E+00
1.0981E-02  2.7944E+00  2.4341E+00
1.0982E-02  2.7940E+00  2.4337E+00
1.0983E-02  2.7935E+00  2.4332E+00
1.0984E-02  2.7930E+00  2.4327E+00
1.0985E-02  2.7926E+00  2.4323E+00
1.0985E-02  2.7921E+00  2.4318E+00
1.0986E-02  2.7917E+00  2.4314E+00
1.0987E-02  2.7912E+00  2.4309E+00
1.0988E-02  2.7908E+00  2.4305E+00
1.0988E-02  2.7903E+00  2.4300E+00
1.0989E-02  2.7899E+00  2.4296E+00
1.0990E-02  2.7895E+00  2.4292E+00
1.0991E-02  2.7891E+00  2.4288E+00
1.0992E-02  2.7886E+00  2.4283E+00
1.0992E-02  2.7882E+00  2.4279E+00
1.0993E-02  2.7879E+00  2.4276E+00
1.0994E-02  2.7875E+00  2.4272E+00
1.0995E-02  2.7871E+00  2.4268E+00
1.0995E-02  2.7868E+00  2.4265E+00
1.0996E-02  2.7865E+00  2.4262E+00
1.0997E-02  2.7864E+00  2.4261E+00
1.0998E-02  2.7865E+00  2.4262E+00
1.0998E-02  2.7866E+00  2.4263E+00
1.0999E-02  2.7872E+00  2.4269E+00
1.1000E-02  2.7878E+00  2.4275E+00
1.1001E-02  2.7874E+00  2.4271E+00
1.1002E-02  2.7867E+00  2.4264E+00
1.1002E-02  2.7865E+00  2.4262E+00
1.1003E-02  2.7875E+00  2.4272E+00
1.1004E-02  2.7896E+00  2.4293E+00
1.1005E-02  2.8025E+00  2.4422E+00
1.1005E-02  2.8184E+00  2.4581E+00
1.1006E-02  2.8231E+00  2.4628E+00
1.1007E-02  2.8143E+00  2.4540E+00
1.1008E-02  2.8072E+00  2.4469E+00
1.1009E-02  2.8091E+00  2.4488E+00
1.1009E-02  2.8125E+00  2.4522E+00
1.1010E-02  2.8316E+00  2.4714E+00
1.1011E-02  2.8613E+00  2.5011E+00
1.1012E-02  2.8856E+00  2.5253E+00
1.1012E-02  2.8929E+00  2.5326E+00
1.1013E-02  2.8973E+00  2.5370E+00
1.1014E-02  2.8664E+00  2.5063E+00
1.1015E-02  2.8220E+00  2.4619E+00
1.1016E-02  2.7926E+00  2.4323E+00
1.1016E-02  2.7888E+00  2.4285E+00
1.1017E-02  2.7860E+00  2.4257E+00
1.1018E-02  2.7877E+00  2.4274E+00
1.1019E-02  2.7904E+00  2.4301E+00
1.1019E-02  2.8047E+00  2.4445E+00
1.1020E-02  2.8303E+00  2.4701E+00
1.1021E-02  2.8501E+00  2.4898E+00
1.1022E-02  2.8451E+00  2.4848E+00
1.1022E-02  2.8381E+00  2.4778E+00
1.1023E-02  2.8677E+00  2.5076E+00
1.1024E-02  2.9171E+00  2.5570E+00
1.1025E-02  2.9617E+00  2.6015E+00
1.1026E-02  2.9941E+00  2.6339E+00
1.1026E-02  3.0187E+00  2.6585E+00
1.1027E-02  2.9498E+00  2.5902E+00
1.1028E-02  2.8535E+00  2.4940E+00
1.1029E-02  2.7951E+00  2.4348E+00
1.1029E-02  2.7860E+00  2.4257E+00
1.1030E-02  2.7779E+00  2.4176E+00
1.1031E-02  2.7745E+00  2.4142E+00
1.1032E-02  2.7720E+00  2.4117E+00
1.1033E-02  2.7701E+00  2.4098E+00
1.1033E-02  2.7688E+00  2.4085E+00
1.1034E-02  2.7677E+00  2.4073E+00
1.1035E-02  2.7668E+00  2.4065E+00
1.1036E-02  2.7659E+00  2.4056E+00
1.1036E-02  2.7652E+00  2.4049E+00
1.1037E-02  2.7645E+00  2.4042E+00
1.1038E-02  2.7639E+00  2.4036E+00
1.1039E-02  2.7633E+00  2.4030E+00
1.1040E-02  2.7628E+00  2.4025E+00
1.1040E-02  2.7622E+00  2.4019E+00
1.1041E-02  2.7617E+00  2.4014E+00
1.1042E-02  2.7612E+00  2.4009E+00
1.1043E-02  2.7608E+00  2.4005E+00
1.1043E-02  2.7603E+00  2.4000E+00
1.1044E-02  2.7599E+00  2.3995E+00
1.1045E-02  2.7594E+00  2.3991E+00
1.1046E-02  2.7590E+00  2.3986E+00
1.1047E-02  2.7585E+00  2.3982E+00
1.1047E-02  2.7581E+00  2.3978E+00
1.1048E-02  2.7577E+00  2.3974E+00
1.1049E-02  2.7573E+00  2.3969E+00
1.1050E-02  2.7568E+00  2.3965E+00
1.1050E-02  2.7564E+00  2.3961E+00
1.1051E-02  2.7560E+00  2.3957E+00
1.1052E-02  2.7557E+00  2.3954E+00
1.1053E-02  2.7553E+00  2.3950E+00
1.1054E-02  2.7549E+00  2.3946E+00
1.1054E-02  2.7545E+00  2.3942E+00
1.1055E-02  2.7541E+00  2.3938E+00
1.1056E-02  2.7537E+00  2.3934E+00
1.1057E-02  2.7534E+00  2.3931E+00
1.1057E-02  2.7530E+00  2.3927E+00
1.1058E-02  2.7526E+00  2.3923E+00
1.1059E-02  2.7523E+00  2.3920E+00
1.1060E-02  2.7520E+00  2.3917E+00
1.1061E-02  2.7517E+00  2.3914E+00
1.1061E-02  2.7515E+00  2.3912E+00
1.1062E-02  2.7513E+00  2.3910E+00
1.1063E-02  2.7519E+00  2.3916E+00
1.1064E-02  2.7527E+00  2.3924E+00
1.1064E-02  2.7524E+00  2.3921E+00
1.1065E-02  2.7514E+00  2.3911E+00
1.1066E-02  2.7508E+00  2.3905E+00
1.1067E-02  2.7512E+00  2.3908E+00
1.1068E-02  2.7516E+00  2.3913E+00
1.1068E-02  2.7522E+00  2.3919E+00
1.1069E-02  2.7529E+00  2.3926E+00
1.1070E-02  2.7550E+00  2.3947E+00
1.1071E-02  2.7595E+00  2.3992E+00
1.1071E-02  2.7638E+00  2.4035E+00
1.1072E-02  2.7668E+00  2.4064E+00
1.1073E-02  2.7695E+00  2.4091E+00
1.1074E-02  2.7695E+00  2.4092E+00
1.1075E-02  2.7673E+00  2.4069E+00
1.1075E-02  2.7670E+00  2.4067E+00
1.1076E-02  2.7740E+00  2.4136E+00
1.1077E-02  2.7818E+00  2.4215E+00
1.1078E-02  2.7958E+00  2.4355E+00
1.1078E-02  2.8126E+00  2.4523E+00
1.1079E-02  2.8169E+00  2.4566E+00
1.1080E-02  2.7973E+00  2.4370E+00
1.1081E-02  2.7782E+00  2.4179E+00
1.1082E-02  2.7673E+00  2.4070E+00
1.1082E-02  2.7583E+00  2.3980E+00
1.1083E-02  2.7534E+00  2.3931E+00
1.1084E-02  2.7522E+00  2.3919E+00
1.1085E-02  2.7517E+00  2.3914E+00
1.1085E-02  2.7538E+00  2.3935E+00
1.1086E-02  2.7565E+00  2.3961E+00
1.1087E-02  2.7648E+00  2.4045E+00
1.1088E-02  2.7759E+00  2.4156E+00
1.1089E-02  2.7881E+00  2.4278E+00
1.1089E-02  2.8027E+00  2.4424E+00
1.1090E-02  2.8175E+00  2.4572E+00
1.1091E-02  2.8346E+00  2.4743E+00
1.1092E-02  2.8522E+00  2.4919E+00
1.1092E-02  2.8463E+00  2.4860E+00
1.1093E-02  2.8165E+00  2.4563E+00
1.1094E-02  2.7892E+00  2.4289E+00
1.1095E-02  2.7720E+00  2.4117E+00
1.1096E-02  2.7562E+00  2.3959E+00
1.1096E-02  2.7483E+00  2.3879E+00
1.1097E-02  2.7442E+00  2.3839E+00
1.1098E-02  2.7409E+00  2.3806E+00
1.1099E-02  2.7391E+00  2.3788E+00
1.1100E-02  2.7375E+00  2.3772E+00
1.1100E-02  2.7364E+00  2.3760E+00
1.1101E-02  2.7354E+00  2.3750E+00
1.1102E-02  2.7345E+00  2.3742E+00
1.1103E-02  2.7339E+00  2.3736E+00
1.1103E-02  2.7332E+00  2.3729E+00
1.1104E-02  2.7327E+00  2.3724E+00
1.1105E-02  2.7322E+00  2.3719E+00
1.1106E-02  2.7317E+00  2.3714E+00
1.1107E-02  2.7313E+00  2.3710E+00
1.1107E-02  2.7310E+00  2.3706E+00
1.1108E-02  2.7307E+00  2.3703E+00
1.1109E-02  2.7304E+00  2.3701E+00
1.1110E-02  2.7302E+00  2.3699E+00
1.1110E-02  2.7300E+00  2.3697E+00
1.1111E-02  2.7300E+00  2.3696E+00
1.1112E-02  2.7300E+00  2.3697E+00
1.1113E-02  2.7303E+00  2.3700E+00
1.1114E-02  2.7316E+00  2.3712E+00
1.1114E-02  2.7329E+00  2.3726E+00
1.1115E-02  2.7345E+00  2.3742E+00
1.1116E-02  2.7363E+00  2.3760E+00
1.1117E-02  2.7586E+00  2.3986E+00
1.1117E-02  2.8247E+00  2.4648E+00
1.1118E-02  2.8821E+00  2.5219E+00
1.1119E-02  2.8423E+00  2.4824E+00
1.1120E-02  2.7792E+00  2.4192E+00
1.1121E-02  2.7535E+00  2.3932E+00
1.1121E-02  2.7643E+00  2.4040E+00
1.1122E-02  2.7804E+00  2.4201E+00
1.1123E-02  2.8175E+00  2.4573E+00
1.1124E-02  2.8553E+00  2.4951E+00
1.1125E-02  2.8448E+00  2.4846E+00
1.1125E-02  2.8117E+00  2.4515E+00
1.1126E-02  2.7835E+00  2.4232E+00
1.1127E-02  2.7647E+00  2.4044E+00
1.1128E-02  2.7485E+00  2.3882E+00
1.1128E-02  2.7514E+00  2.3911E+00
1.1129E-02  2.7586E+00  2.3983E+00
1.1130E-02  2.7617E+00  2.4014E+00
1.1131E-02  2.7610E+00  2.4007E+00
1.1132E-02  2.7598E+00  2.3994E+00
1.1132E-02  2.7567E+00  2.3964E+00
1.1133E-02  2.7540E+00  2.3937E+00
1.1134E-02  2.7649E+00  2.4046E+00
1.1135E-02  2.7816E+00  2.4213E+00
1.1136E-02  2.7929E+00  2.4326E+00
1.1136E-02  2.7944E+00  2.4341E+00
1.1137E-02  2.7940E+00  2.4337E+00
1.1138E-02  2.7809E+00  2.4206E+00
1.1139E-02  2.7653E+00  2.4050E+00
1.1139E-02  2.7542E+00  2.3939E+00
1.1140E-02  2.7467E+00  2.3864E+00
1.1141E-02  2.7396E+00  2.3793E+00
1.1142E-02  2.7340E+00  2.3736E+00
1.1143E-02  2.7285E+00  2.3682E+00
1.1143E-02  2.7245E+00  2.3642E+00
1.1144E-02  2.7211E+00  2.3608E+00
1.1145E-02  2.7205E+00  2.3602E+00
1.1146E-02  2.7245E+00  2.3642E+00
1.1146E-02  2.7275E+00  2.3672E+00
1.1147E-02  2.7242E+00  2.3638E+00
1.1148E-02  2.7197E+00  2.3594E+00
1.1149E-02  2.7179E+00  2.3576E+00
1.1150E-02  2.7180E+00  2.3577E+00
1.1150E-02  2.7181E+00  2.3577E+00
1.1151E-02  2.7182E+00  2.3579E+00
1.1152E-02  2.7183E+00  2.3580E+00
1.1153E-02  2.7183E+00  2.3579E+00
1.1154E-02  2.7182E+00  2.3579E+00
1.1154E-02  2.7189E+00  2.3586E+00
1.1155E-02  2.7206E+00  2.3603E+00
1.1156E-02  2.7223E+00  2.3620E+00
1.1157E-02  2.7237E+00  2.3634E+00
1.1157E-02  2.7251E+00  2.3647E+00
1.1158E-02  2.7235E+00  2.3632E+00
1.1159E-02  2.7204E+00  2.3600E+00
1.1160E-02  2.7176E+00  2.3572E+00
1.1161E-02  2.7155E+00  2.3552E+00
1.1161E-02  2.7136E+00  2.3533E+00
1.1162E-02  2.7127E+00  2.3524E+00
1.1163E-02  2.7121E+00  2.3518E+00
1.1164E-02  2.7121E+00  2.3518E+00
1.1165E-02  2.7128E+00  2.3525E+00
1.1165E-02  2.7138E+00  2.3534E+00
1.1166E-02  2.7162E+00  2.3558E+00
1.1167E-02  2.7187E+00  2.3584E+00
1.1168E-02  2.7229E+00  2.3625E+00
1.1168E-02  2.7277E+00  2.3674E+00
1.1169E-02  2.7302E+00  2.3698E+00
1.1170E-02  2.7281E+00  2.3678E+00
1.1171E-02  2.7256E+00  2.3653E+00
1.1172E-02  2.7207E+00  2.3603E+00
1.1172E-02  2.7152E+00  2.3549E+00
1.1173E-02  2.7112E+00  2.3509E+00
1.1174E-02  2.7084E+00  2.3481E+00
1.1175E-02  2.7058E+00  2.3455E+00
1.1176E-02  2.7042E+00  2.3439E+00
1.1176E-02  2.7027E+00  2.3423E+00
1.1177E-02  2.7016E+00  2.3412E+00
1.1178E-02  2.7006E+00  2.3402E+00
1.1179E-02  2.6997E+00  2.3394E+00
1.1179E-02  2.6990E+00  2.3386E+00
1.1180E-02  2.6983E+00  2.3380E+00
1.1181E-02  2.6977E+00  2.3374E+00
1.1182E-02  2.6971E+00  2.3368E+00
1.1183E-02  2.6966E+00  2.3363E+00
1.1183E-02  2.6961E+00  2.3358E+00
1.1184E-02  2.6956E+00  2.3353E+00
1.1185E-02  2.6952E+00  2.3349E+00
1.1186E-02  2.6948E+00  2.3344E+00
1.1187E-02  2.6943E+00  2.3340E+00
1.1187E-02  2.6939E+00  2.3336E+00
1.1188E-02  2.6935E+00  2.3332E+00
1.1189E-02  2.6931E+00  2.3328E+00
1.1190E-02  2.6927E+00  2.3324E+00
1.1190E-02  2.6924E+00  2.3320E+00
1.1191E-02  2.6920E+00  2.3317E+00
1.1192E-02  2.6918E+00  2.3315E+00
1.1193E-02  2.6916E+00  2.3313E+00
1.1194E-02  2.6913E+00  2.3310E+00
1.1194E-02  2.6908E+00  2.3305E+00
1.1195E-02  2.6904E+00  2.3300E+00
1.1196E-02  2.6900E+00  2.3297E+00
1.1197E-02  2.6897E+00  2.3294E+00
1.1198E-02  2.6894E+00  2.3291E+00
1.1198E-02  2.6890E+00  2.3287E+00
1.1199E-02  2.6887E+00  2.3284E+00
1.1200E-02  2.6884E+00  2.3281E+00
1.1201E-02  2.6882E+00  2.3278E+00
1.1202E-02  2.6878E+00  2.3275E+00
1.1202E-02  2.6875E+00  2.3271E+00
1.1203E-02  2.6871E+00  2.3268E+00
1.1204E-02  2.6868E+00  2.3264E+00
1.1205E-02  2.6865E+00  2.3261E+00
1.1205E-02  2.6862E+00  2.3259E+00
1.1206E-02  2.6859E+00  2.3256E+00
1.1207E-02  2.6857E+00  2.3254E+00
1.1208E-02  2.6855E+00  2.3251E+00
1.1209E-02  2.6852E+00  2.3248E+00
1.1209E-02  2.6847E+00  2.3244E+00
1.1210E-02  2.6844E+00  2.3240E+00
1.1211E-02  2.6842E+00  2.3238E+00
1.1212E-02  2.6841E+00  2.3237E+00
1.1213E-02  2.6837E+00  2.3234E+00
1.1213E-02  2.6832E+00  2.3229E+00
1.1214E-02  2.6828E+00  2.3224E+00
1.1215E-02  2.6824E+00  2.3221E+00
1.1216E-02  2.6821E+00  2.3218E+00
1.1216E-02  2.6818E+00  2.3215E+00
1.1217E-02  2.6816E+00  2.3212E+00
1.1218E-02  2.6813E+00  2.3209E+00
1.1219E-02  2.6809E+00  2.3206E+00
1.1220E-02  2.6806E+00  2.3203E+00
1.1220E-02  2.6803E+00  2.3200E+00
1.1221E-02  2.6800E+00  2.3197E+00
1.1222E-02  2.6797E+00  2.3194E+00
1.1223E-02  2.6794E+00  2.3191E+00
1.1224E-02  2.6791E+00  2.3188E+00
1.1224E-02  2.6788E+00  2.3185E+00
1.1225E-02  2.6785E+00  2.3182E+00
1.1226E-02  2.6783E+00  2.3179E+00
1.1227E-02  2.6780E+00  2.3176E+00
1.1228E-02  2.6777E+00  2.3173E+00
1.1228E-02  2.6774E+00  2.3170E+00
1.1229E-02  2.6771E+00  2.3167E+00
1.1230E-02  2.6768E+00  2.3165E+00
1.1231E-02  2.6766E+00  2.3162E+00
1.1231E-02  2.6763E+00  2.3159E+00
1.1232E-02  2.6759E+00  2.3156E+00
1.1233E-02  2.6756E+00  2.3153E+00
1.1234E-02  2.6753E+00  2.3150E+00
1.1235E-02  2.6751E+00  2.3147E+00
1.1235E-02  2.6748E+00  2.3144E+00
1.1236E-02  2.6745E+00  2.3141E+00
1.1237E-02  2.6742E+00  2.3138E+00
1.1238E-02  2.6739E+00  2.3135E+00
1.1239E-02  2.6736E+00  2.3132E+00
1.1239E-02  2.6733E+00  2.3129E+00
1.1240E-02  2.6730E+00  2.3127E+00
1.1241E-02  2.6727E+00  2.3124E+00
1.1242E-02  2.6725E+00  2.3122E+00
1.1243E-02  2.6812E+00  2.3209E+00
1.1243E-02  2.6968E+00  2.3364E+00
1.1244E-02  2.7051E+00  2.3447E+00
1.1245E-02  2.6925E+00  2.3322E+00
1.1246E-02  2.6793E+00  2.3190E+00
1.1247E-02  2.6743E+00  2.3139E+00
1.1247E-02  2.6717E+00  2.3114E+00
1.1248E-02  2.6702E+00  2.3099E+00
1.1249E-02  2.6699E+00  2.3096E+00
1.1250E-02  2.6697E+00  2.3093E+00
1.1250E-02  2.6694E+00  2.3090E+00
1.1251E-02  2.6691E+00  2.3088E+00
1.1252E-02  2.6689E+00  2.3086E+00
1.1253E-02  2.6687E+00  2.3083E+00
1.1254E-02  2.6685E+00  2.3081E+00
1.1254E-02  2.6682E+00  2.3079E+00
1.1255E-02  2.6680E+00  2.3076E+00
1.1256E-02  2.6677E+00  2.3074E+00
1.1257E-02  2.6675E+00  2.3071E+00
1.1258E-02  2.6673E+00  2.3069E+00
1.1258E-02  2.6671E+00  2.3067E+00
1.1259E-02  2.6669E+00  2.3065E+00
1.1260E-02  2.6667E+00  2.3064E+00
1.1261E-02  2.6680E+00  2.3076E+00
1.1262E-02  2.6830E+00  2.3227E+00
1.1262E-02  2.7016E+00  2.3412E+00
1.1263E-02  2.7007E+00  2.3403E+00
1.1264E-02  2.6817E+00  2.3214E+00
1.1265E-02  2.6669E+00  2.3065E+00
1.1266E-02  2.6658E+00  2.3055E+00
1.1266E-02  2.6670E+00  2.3066E+00
1.1267E-02  2.6874E+00  2.3271E+00
1.1268E-02  2.7149E+00  2.3546E+00
1.1269E-02  2.7187E+00  2.3584E+00
1.1269E-02  2.6908E+00  2.3305E+00
1.1270E-02  2.6671E+00  2.3068E+00
1.1271E-02  2.6641E+00  2.3037E+00
1.1272E-02  2.6637E+00  2.3034E+00
1.1273E-02  2.6634E+00  2.3031E+00
1.1273E-02  2.6632E+00  2.3028E+00
1.1274E-02  2.6629E+00  2.3026E+00
1.1275E-02  2.6628E+00  2.3024E+00
1.1276E-02  2.6626E+00  2.3023E+00
1.1277E-02  2.6625E+00  2.3022E+00
1.1277E-02  2.6625E+00  2.3021E+00
1.1278E-02  2.6625E+00  2.3021E+00
1.1279E-02  2.6625E+00  2.3022E+00
1.1280E-02  2.6627E+00  2.3023E+00
1.1281E-02  2.6630E+00  2.3026E+00
1.1281E-02  2.6634E+00  2.3031E+00
1.1282E-02  2.6647E+00  2.3043E+00
1.1283E-02  2.6662E+00  2.3058E+00
1.1284E-02  2.6727E+00  2.3123E+00
1.1285E-02  2.6839E+00  2.3235E+00
1.1285E-02  2.7462E+00  2.3882E+00
1.1286E-02  2.9894E+00  2.6348E+00
1.1287E-02  3.2321E+00  2.8740E+00
1.1288E-02  3.0927E+00  2.7381E+00
1.1289E-02  2.8231E+00  2.4691E+00
1.1289E-02  2.6769E+00  2.3165E+00
1.1290E-02  2.6761E+00  2.3157E+00
1.1291E-02  2.6757E+00  2.3153E+00
1.1292E-02  2.6737E+00  2.3134E+00
1.1292E-02  2.6718E+00  2.3114E+00
1.1293E-02  2.6739E+00  2.3135E+00
1.1294E-02  2.6779E+00  2.3175E+00
1.1295E-02  2.6867E+00  2.3263E+00
1.1296E-02  2.7036E+00  2.3433E+00
1.1296E-02  2.7971E+00  2.4446E+00
1.1297E-02  3.3930E+00  3.0700E+00
1.1298E-02  4.1113E+00  3.7736E+00
1.1299E-02  3.9326E+00  3.6037E+00
1.1300E-02  3.2197E+00  2.8976E+00
1.1300E-02  2.7645E+00  2.4050E+00
1.1301E-02  2.7552E+00  2.3948E+00
1.1302E-02  2.7705E+00  2.4102E+00
1.1303E-02  2.8474E+00  2.4877E+00
1.1304E-02  2.9389E+00  2.5792E+00
1.1304E-02  2.9117E+00  2.5526E+00
1.1305E-02  2.7902E+00  2.4312E+00
1.1306E-02  2.7532E+00  2.3947E+00
1.1307E-02  2.9607E+00  2.6046E+00
1.1308E-02  3.1629E+00  2.8039E+00
1.1308E-02  3.0352E+00  2.6788E+00
1.1309E-02  2.8131E+00  2.4571E+00
1.1310E-02  2.7070E+00  2.3466E+00
1.1311E-02  2.7142E+00  2.3538E+00
1.1312E-02  3.4008E+00  3.8567E+00
1.1312E-02  9.9853E+00  1.0892E+01
1.1313E-02  1.7870E+01  1.7877E+01
1.1314E-02  1.3684E+01  1.4299E+01
1.1315E-02  5.0830E+00  6.7368E+00
1.1316E-02  2.7138E+00  2.3580E+00
1.1316E-02  2.6804E+00  2.3200E+00
1.1317E-02  2.6697E+00  2.3093E+00
1.1318E-02  2.6689E+00  2.3085E+00
1.1319E-02  2.6697E+00  2.3093E+00
1.1320E-02  2.6822E+00  2.3219E+00
1.1320E-02  2.7003E+00  2.3400E+00
1.1321E-02  3.7966E+00  4.6929E+00
1.1322E-02  1.0500E+01  1.1042E+01
1.1323E-02  1.6060E+01  1.5857E+01
1.1324E-02  1.0562E+01  1.1087E+01
1.1324E-02  3.9359E+00  4.7891E+00
1.1325E-02  2.7968E+00  2.4367E+00
1.1326E-02  2.7407E+00  2.3806E+00
1.1327E-02  2.6979E+00  2.3375E+00
1.1328E-02  2.6820E+00  2.3217E+00
1.1328E-02  2.6820E+00  2.3218E+00
1.1329E-02  2.7970E+00  2.4384E+00
1.1330E-02  2.9377E+00  2.5787E+00
1.1331E-02  3.0000E+00  2.6396E+00
1.1331E-02  3.0041E+00  2.6437E+00
1.1332E-02  2.9775E+00  2.6176E+00
1.1333E-02  2.8735E+00  2.5141E+00
1.1334E-02  2.7716E+00  2.4117E+00
1.1335E-02  2.7176E+00  2.3574E+00
1.1335E-02  2.6757E+00  2.3154E+00
1.1336E-02  2.6552E+00  2.2949E+00
1.1337E-02  2.6533E+00  2.2929E+00
1.1338E-02  2.6529E+00  2.2925E+00
1.1339E-02  2.6568E+00  2.2965E+00
1.1339E-02  2.6965E+00  2.3387E+00
1.1340E-02  3.1994E+00  2.8757E+00
1.1341E-02  3.8953E+00  3.5652E+00
1.1342E-02  3.9179E+00  3.5870E+00
1.1343E-02  3.2171E+00  2.8937E+00
1.1343E-02  2.6972E+00  2.3402E+00
1.1344E-02  2.6583E+00  2.2979E+00
1.1345E-02  2.6625E+00  2.3021E+00
1.1346E-02  2.6572E+00  2.2968E+00
1.1347E-02  2.6485E+00  2.2881E+00
1.1347E-02  2.6433E+00  2.2829E+00
1.1348E-02  2.6428E+00  2.2824E+00
1.1349E-02  2.6424E+00  2.2820E+00
1.1350E-02  2.6420E+00  2.2816E+00
1.1351E-02  2.6417E+00  2.2813E+00
1.1351E-02  2.6416E+00  2.2812E+00
1.1352E-02  2.6416E+00  2.2812E+00
1.1353E-02  2.6414E+00  2.2810E+00
1.1354E-02  2.6408E+00  2.2804E+00
1.1355E-02  2.6403E+00  2.2799E+00
1.1355E-02  2.6400E+00  2.2796E+00
1.1356E-02  2.6397E+00  2.2793E+00
1.1357E-02  2.6396E+00  2.2792E+00
1.1358E-02  2.6395E+00  2.2791E+00
1.1359E-02  2.6393E+00  2.2789E+00
1.1359E-02  2.6389E+00  2.2785E+00
1.1360E-02  2.6387E+00  2.2784E+00
1.1361E-02  2.6397E+00  2.2793E+00
1.1362E-02  2.6415E+00  2.2811E+00
1.1363E-02  2.6803E+00  2.3202E+00
1.1363E-02  2.7403E+00  2.3802E+00
1.1364E-02  2.7602E+00  2.4000E+00
1.1365E-02  2.7004E+00  2.3404E+00
1.1366E-02  2.6457E+00  2.2854E+00
1.1367E-02  2.6368E+00  2.2765E+00
1.1367E-02  2.6366E+00  2.2762E+00
1.1368E-02  2.6364E+00  2.2760E+00
1.1369E-02  2.6362E+00  2.2759E+00
1.1370E-02  2.6360E+00  2.2757E+00
1.1371E-02  2.6358E+00  2.2755E+00
1.1371E-02  2.6356E+00  2.2752E+00
1.1372E-02  2.6354E+00  2.2750E+00
1.1373E-02  2.6353E+00  2.2749E+00
1.1374E-02  2.6438E+00  2.2834E+00
1.1375E-02  2.6585E+00  2.2981E+00
1.1375E-02  2.6648E+00  2.3044E+00
1.1376E-02  2.6507E+00  2.2903E+00
1.1377E-02  2.6388E+00  2.2784E+00
1.1378E-02  2.6549E+00  2.2946E+00
1.1379E-02  2.6777E+00  2.3174E+00
1.1379E-02  2.6770E+00  2.3167E+00
1.1380E-02  2.6579E+00  2.2976E+00
1.1381E-02  2.6427E+00  2.2823E+00
1.1382E-02  2.6378E+00  2.2774E+00
1.1383E-02  2.6338E+00  2.2734E+00
1.1383E-02  2.6340E+00  2.2736E+00
1.1384E-02  2.6352E+00  2.2748E+00
1.1385E-02  2.6351E+00  2.2747E+00
1.1386E-02  2.6338E+00  2.2734E+00
1.1387E-02  2.6328E+00  2.2724E+00
1.1387E-02  2.6323E+00  2.2719E+00
1.1388E-02  2.6319E+00  2.2715E+00
1.1389E-02  2.6318E+00  2.2714E+00
1.1390E-02  2.6317E+00  2.2713E+00
1.1391E-02  2.6317E+00  2.2713E+00
1.1391E-02  2.6317E+00  2.2713E+00
1.1392E-02  2.6319E+00  2.2715E+00
1.1393E-02  2.6328E+00  2.2724E+00
1.1394E-02  2.6339E+00  2.2735E+00
1.1395E-02  2.6367E+00  2.2763E+00
1.1395E-02  2.6399E+00  2.2795E+00
1.1396E-02  2.6413E+00  2.2809E+00
1.1397E-02  2.6408E+00  2.2804E+00
1.1398E-02  2.6436E+00  2.2832E+00
1.1399E-02  2.6568E+00  2.2964E+00
1.1399E-02  2.6759E+00  2.3156E+00
1.1400E-02  2.7645E+00  2.4053E+00
1.1401E-02  2.8766E+00  2.5173E+00
1.1402E-02  2.8974E+00  2.5375E+00
1.1403E-02  2.8207E+00  2.4609E+00
1.1403E-02  2.7624E+00  2.4020E+00
1.1404E-02  2.7649E+00  2.4045E+00
1.1405E-02  2.7699E+00  2.4095E+00
1.1406E-02  2.7352E+00  2.3750E+00
1.1407E-02  2.6876E+00  2.3274E+00
1.1407E-02  2.6594E+00  2.2990E+00
1.1408E-02  2.6521E+00  2.2917E+00
1.1409E-02  2.6500E+00  2.2896E+00
1.1410E-02  2.6663E+00  2.3059E+00
1.1411E-02  2.6823E+00  2.3219E+00
1.1411E-02  2.6682E+00  2.3079E+00
1.1412E-02  2.6440E+00  2.2836E+00
1.1413E-02  2.6308E+00  2.2704E+00
1.1414E-02  2.6300E+00  2.2696E+00
1.1415E-02  2.6296E+00  2.2692E+00
1.1416E-02  2.6308E+00  2.2704E+00
1.1416E-02  2.6328E+00  2.2724E+00
1.1417E-02  2.6457E+00  2.2853E+00
1.1418E-02  2.6624E+00  2.3020E+00
1.1419E-02  2.6634E+00  2.3030E+00
1.1420E-02  2.6465E+00  2.2861E+00
1.1420E-02  2.6336E+00  2.2732E+00
1.1421E-02  2.6352E+00  2.2748E+00
1.1422E-02  2.6378E+00  2.2774E+00
1.1423E-02  2.6343E+00  2.2739E+00
1.1424E-02  2.6287E+00  2.2683E+00
1.1424E-02  2.6257E+00  2.2653E+00
1.1425E-02  2.6255E+00  2.2651E+00
1.1426E-02  2.6254E+00  2.2650E+00
1.1427E-02  2.6253E+00  2.2649E+00
1.1428E-02  2.6253E+00  2.2649E+00
1.1428E-02  2.6252E+00  2.2648E+00
1.1429E-02  2.6250E+00  2.2646E+00
1.1430E-02  2.6249E+00  2.2645E+00
1.1431E-02  2.6248E+00  2.2644E+00
1.1432E-02  2.6247E+00  2.2643E+00
1.1432E-02  2.6247E+00  2.2643E+00
1.1433E-02  2.6250E+00  2.2646E+00
1.1434E-02  2.6312E+00  2.2708E+00
1.1435E-02  2.6394E+00  2.2790E+00
1.1436E-02  2.6398E+00  2.2794E+00
1.1436E-02  2.6317E+00  2.2713E+00
1.1437E-02  2.6254E+00  2.2650E+00
1.1438E-02  2.6253E+00  2.2649E+00
1.1439E-02  2.6347E+00  2.2745E+00
1.1440E-02  2.7744E+00  2.4171E+00
1.1440E-02  2.9608E+00  2.6033E+00
1.1441E-02  2.9858E+00  2.6272E+00
1.1442E-02  2.8369E+00  2.4784E+00
1.1443E-02  2.7226E+00  2.3624E+00
1.1444E-02  2.7177E+00  2.3573E+00
1.1444E-02  2.7192E+00  2.3588E+00
1.1445E-02  2.6875E+00  2.3273E+00
1.1446E-02  2.6455E+00  2.2853E+00
1.1447E-02  2.6370E+00  2.2767E+00
1.1448E-02  2.6621E+00  2.3017E+00
1.1448E-02  2.7016E+00  2.3415E+00
1.1449E-02  2.7884E+00  2.4287E+00
1.1450E-02  2.8675E+00  2.5074E+00
1.1451E-02  2.7958E+00  2.4366E+00
1.1452E-02  2.6803E+00  2.3211E+00
1.1453E-02  2.6264E+00  2.2660E+00
1.1453E-02  2.6282E+00  2.2678E+00
1.1454E-02  2.6348E+00  2.2744E+00
1.1455E-02  2.6560E+00  2.2957E+00
1.1456E-02  2.6774E+00  2.3170E+00
1.1457E-02  2.6875E+00  2.3271E+00
1.1457E-02  2.6945E+00  2.3341E+00
1.1458E-02  2.6858E+00  2.3255E+00
1.1459E-02  2.6636E+00  2.3032E+00
1.1460E-02  2.6457E+00  2.2853E+00
1.1461E-02  2.6401E+00  2.2797E+00
1.1461E-02  2.6362E+00  2.2758E+00
1.1462E-02  2.6426E+00  2.2822E+00
1.1463E-02  2.6516E+00  2.2912E+00
1.1464E-02  2.6499E+00  2.2895E+00
1.1465E-02  2.6395E+00  2.2791E+00
1.1465E-02  2.6327E+00  2.2723E+00
1.1466E-02  2.6351E+00  2.2747E+00
1.1467E-02  2.6381E+00  2.2777E+00
1.1468E-02  2.6429E+00  2.2825E+00
1.1469E-02  2.6483E+00  2.2878E+00
1.1469E-02  2.6675E+00  2.3072E+00
1.1470E-02  2.6969E+00  2.3365E+00
1.1471E-02  3.0313E+00  2.7433E+00
1.1472E-02  4.2941E+00  4.0339E+00
1.1473E-02  5.4396E+00  5.1009E+00
1.1473E-02  4.4170E+00  4.1595E+00
1.1474E-02  3.0570E+00  2.8049E+00
1.1475E-02  2.6321E+00  2.2717E+00
1.1476E-02  2.6303E+00  2.2699E+00
1.1477E-02  2.6386E+00  2.2783E+00
1.1478E-02  2.6684E+00  2.3081E+00
1.1478E-02  2.6919E+00  2.3315E+00
1.1479E-02  2.6675E+00  2.3072E+00
1.1480E-02  2.6481E+00  2.2885E+00
1.1481E-02  3.3157E+00  3.0666E+00
1.1482E-02  4.5808E+00  4.3021E+00
1.1482E-02  4.9977E+00  4.6871E+00
1.1483E-02  3.7477E+00  3.4866E+00
1.1484E-02  2.7553E+00  2.4165E+00
1.1485E-02  2.6697E+00  2.3095E+00
1.1486E-02  2.7164E+00  2.3561E+00
1.1486E-02  2.7081E+00  2.3478E+00
1.1487E-02  2.6722E+00  2.3119E+00
1.1488E-02  2.6458E+00  2.2854E+00
1.1489E-02  2.6344E+00  2.2740E+00
1.1490E-02  2.8757E+00  2.5998E+00
1.1490E-02  4.7110E+00  4.6010E+00
1.1491E-02  6.9780E+00  6.7134E+00
1.1492E-02  5.9672E+00  5.8085E+00
1.1493E-02  3.6232E+00  3.5784E+00
1.1494E-02  2.7083E+00  2.3508E+00
1.1494E-02  2.8888E+00  2.5315E+00
1.1495E-02  3.0157E+00  2.6561E+00
1.1496E-02  2.8585E+00  2.5012E+00
1.1497E-02  2.6807E+00  2.3219E+00
1.1498E-02  2.6361E+00  2.2757E+00
1.1499E-02  2.6401E+00  2.2797E+00
1.1499E-02  3.1662E+00  2.9508E+00
1.1500E-02  4.6627E+00  4.4146E+00
1.1501E-02  5.6127E+00  5.2837E+00
1.1502E-02  4.2505E+00  4.0125E+00
1.1503E-02  2.9518E+00  2.6540E+00
1.1503E-02  3.0851E+00  2.7502E+00
1.1504E-02  3.6525E+00  3.3135E+00
1.1505E-02  3.6414E+00  3.3034E+00
1.1506E-02  3.0633E+00  2.7295E+00
1.1507E-02  2.6566E+00  2.2977E+00
1.1507E-02  2.6548E+00  2.2945E+00
1.1508E-02  2.6854E+00  2.3251E+00
1.1509E-02  2.7647E+00  2.4051E+00
1.1510E-02  2.8576E+00  2.4979E+00
1.1511E-02  2.8341E+00  2.4749E+00
1.1511E-02  2.7178E+00  2.3586E+00
1.1512E-02  3.9536E+00  1.0946E+01
1.1513E-02  3.5857E+01  4.1453E+01
1.1514E-02  6.6620E+01  6.7275E+01
1.1515E-02  4.1084E+01  4.6089E+01
1.1516E-02  4.4389E+00  1.4722E+01
1.1516E-02  2.7142E+00  2.3554E+00
1.1517E-02  2.8451E+00  2.4861E+00
1.1518E-02  2.9465E+00  2.5862E+00
1.1519E-02  2.9828E+00  2.6225E+00
1.1520E-02  2.9931E+00  2.6331E+00
1.1520E-02  2.8501E+00  2.4921E+00
1.1521E-02  2.6889E+00  2.3301E+00
1.1522E-02  2.7794E+00  2.4237E+00
1.1523E-02  3.0102E+00  2.6542E+00
1.1524E-02  3.0709E+00  2.7136E+00
1.1524E-02  2.8397E+00  2.4841E+00
1.1525E-02  2.6528E+00  2.2930E+00
1.1526E-02  2.6790E+00  2.3189E+00
1.1527E-02  2.7320E+00  2.3717E+00
1.1528E-02  2.7109E+00  2.3508E+00
1.1529E-02  2.6581E+00  2.2979E+00
1.1529E-02  2.6263E+00  2.2659E+00
1.1530E-02  2.6224E+00  2.2620E+00
1.1531E-02  2.6207E+00  2.2603E+00
1.1532E-02  2.6276E+00  2.2672E+00
1.1533E-02  2.6346E+00  2.2742E+00
1.1533E-02  2.6307E+00  2.2703E+00
1.1534E-02  2.6231E+00  2.2627E+00
1.1535E-02  2.6319E+00  2.2715E+00
1.1536E-02  2.6580E+00  2.2976E+00
1.1537E-02  2.6722E+00  2.3118E+00
1.1537E-02  2.6492E+00  2.2888E+00
1.1538E-02  2.6254E+00  2.2650E+00
1.1539E-02  2.6209E+00  2.2605E+00
1.1540E-02  2.6217E+00  2.2613E+00
1.1541E-02  2.6291E+00  2.2686E+00
1.1541E-02  2.6417E+00  2.2813E+00
1.1542E-02  2.6474E+00  2.2869E+00
1.1543E-02  2.6361E+00  2.2757E+00
1.1544E-02  2.6254E+00  2.2650E+00
1.1545E-02  2.6247E+00  2.2643E+00
1.1546E-02  2.6261E+00  2.2657E+00
1.1546E-02  2.6266E+00  2.2662E+00
1.1547E-02  2.6265E+00  2.2661E+00
1.1548E-02  2.6267E+00  2.2663E+00
1.1549E-02  2.6274E+00  2.2669E+00
1.1550E-02  2.6978E+00  2.3431E+00
1.1550E-02  3.1790E+00  2.8436E+00
1.1551E-02  3.7335E+00  3.3853E+00
1.1552E-02  3.5098E+00  3.1722E+00
1.1553E-02  2.9379E+00  2.6046E+00
1.1554E-02  2.6298E+00  2.2695E+00
1.1554E-02  2.6305E+00  2.2701E+00
1.1555E-02  2.6327E+00  2.2723E+00
1.1556E-02  2.6300E+00  2.2695E+00
1.1557E-02  2.6271E+00  2.2667E+00
1.1558E-02  2.6319E+00  2.2715E+00
1.1559E-02  2.6395E+00  2.2791E+00
1.1559E-02  2.6403E+00  2.2799E+00
1.1560E-02  2.6340E+00  2.2736E+00
1.1561E-02  2.6287E+00  2.2683E+00
1.1562E-02  2.6265E+00  2.2661E+00
1.1563E-02  2.6248E+00  2.2643E+00
1.1563E-02  2.6245E+00  2.2641E+00
1.1564E-02  2.6248E+00  2.2643E+00
1.1565E-02  2.6249E+00  2.2645E+00
1.1566E-02  2.6250E+00  2.2645E+00
1.1567E-02  2.6251E+00  2.2646E+00
1.1567E-02  2.6253E+00  2.2648E+00
1.1568E-02  2.6255E+00  2.2651E+00
1.1569E-02  2.6260E+00  2.2656E+00
1.1570E-02  2.6266E+00  2.2662E+00
1.1571E-02  2.6267E+00  2.2663E+00
1.1572E-02  2.6265E+00  2.2661E+00
1.1572E-02  2.6265E+00  2.2661E+00
1.1573E-02  2.6268E+00  2.2664E+00
1.1574E-02  2.6271E+00  2.2667E+00
1.1575E-02  2.6272E+00  2.2667E+00
1.1576E-02  2.6288E+00  2.2684E+00
1.1576E-02  2.6657E+00  2.3055E+00
1.1577E-02  2.7174E+00  2.3572E+00
1.1578E-02  2.7233E+00  2.3631E+00
1.1579E-02  2.6729E+00  2.3127E+00
1.1580E-02  2.6347E+00  2.2743E+00
1.1581E-02  2.6393E+00  2.2789E+00
1.1581E-02  2.6469E+00  2.2865E+00
1.1582E-02  2.6457E+00  2.2853E+00
1.1583E-02  2.6419E+00  2.2814E+00
1.1584E-02  2.6377E+00  2.2773E+00
1.1585E-02  2.6333E+00  2.2728E+00
1.1585E-02  2.6302E+00  2.2697E+00
1.1586E-02  2.6305E+00  2.2700E+00
1.1587E-02  2.6309E+00  2.2704E+00
1.1588E-02  2.6309E+00  2.2705E+00
1.1589E-02  2.6325E+00  2.2721E+00
1.1589E-02  2.7386E+00  2.3809E+00
1.1590E-02  2.9110E+00  2.5531E+00
1.1591E-02  2.9623E+00  2.6036E+00
1.1592E-02  2.7946E+00  2.4368E+00
1.1593E-02  2.6510E+00  2.2909E+00
1.1594E-02  2.6331E+00  2.2727E+00
1.1594E-02  2.6326E+00  2.2722E+00
1.1595E-02  2.6327E+00  2.2723E+00
1.1596E-02  2.6330E+00  2.2726E+00
1.1597E-02  2.6333E+00  2.2729E+00
1.1598E-02  2.6337E+00  2.2732E+00
1.1598E-02  2.6346E+00  2.2741E+00
1.1599E-02  2.6373E+00  2.2769E+00
1.1600E-02  2.6401E+00  2.2796E+00
1.1601E-02  2.6401E+00  2.2797E+00
1.1602E-02  2.6395E+00  2.2790E+00
1.1603E-02  2.6394E+00  2.2789E+00
1.1603E-02  2.6398E+00  2.2794E+00
1.1604E-02  2.6399E+00  2.2795E+00
1.1605E-02  2.6393E+00  2.2788E+00
1.1606E-02  2.6395E+00  2.2791E+00
1.1607E-02  2.6460E+00  2.2856E+00
1.1607E-02  2.6535E+00  2.2931E+00
1.1608E-02  2.6529E+00  2.2924E+00
1.1609E-02  2.6477E+00  2.2873E+00
1.1610E-02  2.6443E+00  2.2839E+00
1.1611E-02  2.6437E+00  2.2833E+00
1.1612E-02  2.6437E+00  2.2832E+00
1.1612E-02  2.6461E+00  2.2857E+00
1.1613E-02  2.6500E+00  2.2895E+00
1.1614E-02  2.6743E+00  2.3139E+00
1.1615E-02  2.7063E+00  2.3459E+00
1.1616E-02  2.7321E+00  2.3717E+00
1.1616E-02  2.7512E+00  2.3908E+00
1.1617E-02  2.7584E+00  2.3980E+00
1.1618E-02  2.7299E+00  2.3696E+00
1.1619E-02  2.7026E+00  2.3422E+00
1.1620E-02  2.7078E+00  2.3473E+00
1.1621E-02  2.7208E+00  2.3603E+00
1.1621E-02  2.7167E+00  2.3563E+00
1.1622E-02  2.7009E+00  2.3405E+00
1.1623E-02  2.6902E+00  2.3297E+00
1.1624E-02  2.6895E+00  2.3290E+00
1.1625E-02  2.7024E+00  2.3422E+00
1.1625E-02  2.7913E+00  2.4318E+00
1.1626E-02  2.9095E+00  2.5510E+00
1.1627E-02  3.4631E+00  3.1497E+00
1.1628E-02  4.2854E+00  3.9632E+00
1.1629E-02  4.4765E+00  4.1370E+00
1.1630E-02  3.8110E+00  3.4790E+00
1.1630E-02  3.2569E+00  2.9019E+00
1.1631E-02  2.9812E+00  2.6260E+00
1.1632E-02  2.7497E+00  2.3913E+00
1.1633E-02  2.6905E+00  2.3301E+00
1.1634E-02  2.6800E+00  2.3195E+00
1.1634E-02  2.6786E+00  2.3181E+00
1.1635E-02  2.6845E+00  2.3241E+00
1.1636E-02  2.7015E+00  2.3411E+00
1.1637E-02  2.7441E+00  2.3838E+00
1.1638E-02  2.7966E+00  2.4365E+00
1.1639E-02  2.9074E+00  2.5482E+00
1.1639E-02  3.0528E+00  2.6960E+00
1.1640E-02  4.0021E+00  3.7912E+00
1.1641E-02  5.6190E+00  5.3669E+00
1.1642E-02  6.9245E+00  6.5776E+00
1.1643E-02  7.5974E+00  7.2517E+00
1.1643E-02  7.7317E+00  7.4133E+00
1.1644E-02  5.7269E+00  5.5486E+00
1.1645E-02  3.8175E+00  3.5632E+00
1.1646E-02  3.1885E+00  2.8362E+00
1.1647E-02  2.8675E+00  2.5154E+00
1.1648E-02  2.7195E+00  2.3590E+00
1.1648E-02  2.7087E+00  2.3482E+00
1.1649E-02  2.7225E+00  2.3624E+00
1.1650E-02  2.7990E+00  2.4391E+00
1.1651E-02  2.8787E+00  2.5185E+00
1.1652E-02  2.9551E+00  2.5951E+00
1.1652E-02  3.0281E+00  2.6680E+00
1.1653E-02  2.9515E+00  2.5931E+00
1.1654E-02  2.7968E+00  2.4385E+00
1.1655E-02  2.7014E+00  2.3409E+00
1.1656E-02  2.6927E+00  2.3323E+00
1.1657E-02  2.6866E+00  2.3261E+00
1.1657E-02  2.6867E+00  2.3262E+00
1.1658E-02  2.6878E+00  2.3274E+00
1.1659E-02  2.6933E+00  2.3329E+00
1.1660E-02  2.7004E+00  2.3399E+00
1.1661E-02  2.7215E+00  2.3611E+00
1.1661E-02  2.7556E+00  2.3953E+00
1.1662E-02  4.3749E+00  9.2181E+01
1.1663E-02  3.4497E+02  4.1079E+02
1.1664E-02  6.6294E+02  6.7312E+02
1.1665E-02  3.8086E+02  4.4203E+02
1.1666E-02  4.9382E+00  1.1676E+02
1.1666E-02  2.8949E+00  2.5344E+00
1.1667E-02  2.8794E+00  2.5189E+00
1.1668E-02  4.7156E+00  1.2361E+01
1.1669E-02  3.3575E+01  3.7426E+01
1.1670E-02  5.3137E+01  5.3635E+01
1.1670E-02  2.8351E+01  3.2700E+01
1.1671E-02  4.8809E+00  8.9787E+00
1.1672E-02  3.2644E+00  2.9110E+00
1.1673E-02  2.9617E+00  2.6084E+00
1.1674E-02  2.8432E+00  2.4828E+00
1.1675E-02  2.8733E+00  2.5129E+00
1.1675E-02  2.8926E+00  2.5321E+00
1.1676E-02  2.8853E+00  2.5248E+00
1.1677E-02  2.8709E+00  2.5105E+00
1.1678E-02  2.8164E+00  2.4563E+00
1.1679E-02  2.7558E+00  2.3955E+00
1.1680E-02  2.7313E+00  2.3709E+00
1.1680E-02  2.7250E+00  2.3646E+00
1.1681E-02  2.7168E+00  2.3563E+00
1.1682E-02  2.7056E+00  2.3452E+00
1.1683E-02  2.6974E+00  2.3369E+00
1.1684E-02  2.7000E+00  2.3395E+00
1.1684E-02  2.7060E+00  2.3455E+00
1.1685E-02  2.7399E+00  2.3796E+00
1.1686E-02  2.7822E+00  2.4219E+00
1.1687E-02  2.7751E+00  2.4148E+00
1.1688E-02  2.7290E+00  2.3687E+00
1.1689E-02  2.6969E+00  2.3364E+00
1.1689E-02  2.6951E+00  2.3347E+00
1.1690E-02  2.6947E+00  2.3343E+00
1.1691E-02  2.6957E+00  2.3352E+00
1.1692E-02  2.6968E+00  2.3363E+00
1.1693E-02  2.6970E+00  2.3365E+00
1.1694E-02  2.6967E+00  2.3362E+00
1.1694E-02  2.6968E+00  2.3363E+00
1.1695E-02  2.6973E+00  2.3369E+00
1.1696E-02  2.6979E+00  2.3375E+00
1.1697E-02  2.6987E+00  2.3383E+00
1.1698E-02  2.6995E+00  2.3391E+00
1.1698E-02  2.7002E+00  2.3397E+00
1.1699E-02  2.7009E+00  2.3404E+00
1.1700E-02  2.7023E+00  2.3419E+00
1.1701E-02  2.7043E+00  2.3439E+00
1.1702E-02  2.7054E+00  2.3450E+00
1.1703E-02  2.7049E+00  2.3444E+00
1.1703E-02  2.7045E+00  2.3440E+00
1.1704E-02  2.7052E+00  2.3447E+00
1.1705E-02  2.7061E+00  2.3457E+00
1.1706E-02  2.7082E+00  2.3477E+00
1.1707E-02  2.7108E+00  2.3503E+00
1.1707E-02  2.7116E+00  2.3511E+00
1.1708E-02  2.7108E+00  2.3503E+00
1.1709E-02  2.7103E+00  2.3499E+00
1.1710E-02  2.7110E+00  2.3505E+00
1.1711E-02  2.7117E+00  2.3512E+00
1.1712E-02  2.7126E+00  2.3521E+00
1.1712E-02  2.7135E+00  2.3530E+00
1.1713E-02  2.7191E+00  2.3586E+00
1.1714E-02  2.7272E+00  2.3667E+00
1.1715E-02  2.7295E+00  2.3690E+00
1.1716E-02  2.7232E+00  2.3628E+00
1.1717E-02  2.7184E+00  2.3579E+00
1.1717E-02  2.7190E+00  2.3585E+00
1.1718E-02  2.7217E+00  2.3612E+00
1.1719E-02  2.7439E+00  2.3835E+00
1.1720E-02  2.7717E+00  2.4113E+00
1.1721E-02  2.7690E+00  2.4086E+00
1.1722E-02  2.7432E+00  2.3828E+00
1.1722E-02  2.7304E+00  2.3700E+00
1.1723E-02  2.7448E+00  2.3843E+00
1.1724E-02  2.7562E+00  2.3958E+00
1.1725E-02  2.7476E+00  2.3871E+00
1.1726E-02  2.7365E+00  2.3761E+00
1.1726E-02  2.7380E+00  2.3776E+00
1.1727E-02  2.7446E+00  2.3842E+00
1.1728E-02  2.7468E+00  2.3863E+00
1.1729E-02  2.7440E+00  2.3835E+00
1.1730E-02  2.7423E+00  2.3818E+00
1.1731E-02  2.7435E+00  2.3830E+00
1.1731E-02  2.7503E+00  2.3898E+00
1.1732E-02  2.7995E+00  2.4393E+00
1.1733E-02  2.8567E+00  2.4965E+00