Number of T =   1  Number of rho =   1  Number of materials =   9
TOPS results for  phLine5T1       on Sep 19, 2026
Opacities in cm**2/gm, T in keV, density in gm/cc
Normalized composition for requested elements
No. Fraction Mass Fraction  At. No.  Chem. Sym.  Mat ID.
9.7044E-01   8.8941E-01      1         H         4525
2.9297E-02   1.0664E-01      2         He        4675
2.4325E-06   2.6953E-05      6         C         4387
1.1017E-04   1.4030E-03      7         N         4005
8.3156E-05   1.2116E-03      8         O         4105
2.5313E-09   4.3732E-08      9         F         4405
2.2228E-05   4.0413E-04     10         Ne        4145
4.1339E-05   9.0165E-04     12         Mg        4682
2.1699E-07   7.8856E-06     20         Ca        2302
Temperature grid used the following   1 points
2.0000E-03
Density grid used the following   1 points
1.9163E-09
Photon grid used the following 998 points
1.0938E-02  1.0939E-02  1.0940E-02  1.0941E-02  1.0941E-02  1.0942E-02
1.0943E-02  1.0944E-02  1.0944E-02  1.0945E-02  1.0946E-02  1.0947E-02
1.0948E-02  1.0948E-02  1.0949E-02  1.0950E-02  1.0951E-02  1.0951E-02
1.0952E-02  1.0953E-02  1.0954E-02  1.0954E-02  1.0955E-02  1.0956E-02
1.0957E-02  1.0958E-02  1.0958E-02  1.0959E-02  1.0960E-02  1.0961E-02
1.0961E-02  1.0962E-02  1.0963E-02  1.0964E-02  1.0964E-02  1.0965E-02
1.0966E-02  1.0967E-02  1.0968E-02  1.0968E-02  1.0969E-02  1.0970E-02
1.0971E-02  1.0971E-02  1.0972E-02  1.0973E-02  1.0974E-02  1.0975E-02
1.0975E-02  1.0976E-02  1.0977E-02  1.0978E-02  1.0978E-02  1.0979E-02
1.0980E-02  1.0981E-02  1.0981E-02  1.0982E-02  1.0983E-02  1.0984E-02
1.0985E-02  1.0985E-02  1.0986E-02  1.0987E-02  1.0988E-02  1.0988E-02
1.0989E-02  1.0990E-02  1.0991E-02  1.0992E-02  1.0992E-02  1.0993E-02
1.0994E-02  1.0995E-02  1.0995E-02  1.0996E-02  1.0997E-02  1.0998E-02
1.0998E-02  1.0999E-02  1.1000E-02  1.1001E-02  1.1002E-02  1.1002E-02
1.1003E-02  1.1004E-02  1.1005E-02  1.1005E-02  1.1006E-02  1.1007E-02
1.1008E-02  1.1009E-02  1.1009E-02  1.1010E-02  1.1011E-02  1.1012E-02
1.1012E-02  1.1013E-02  1.1014E-02  1.1015E-02  1.1016E-02  1.1016E-02
1.1017E-02  1.1018E-02  1.1019E-02  1.1019E-02  1.1020E-02  1.1021E-02
1.1022E-02  1.1022E-02  1.1023E-02  1.1024E-02  1.1025E-02  1.1026E-02
1.1026E-02  1.1027E-02  1.1028E-02  1.1029E-02  1.1029E-02  1.1030E-02
1.1031E-02  1.1032E-02  1.1033E-02  1.1033E-02  1.1034E-02  1.1035E-02
1.1036E-02  1.1036E-02  1.1037E-02  1.1038E-02  1.1039E-02  1.1040E-02
1.1040E-02  1.1041E-02  1.1042E-02  1.1043E-02  1.1043E-02  1.1044E-02
1.1045E-02  1.1046E-02  1.1047E-02  1.1047E-02  1.1048E-02  1.1049E-02
1.1050E-02  1.1050E-02  1.1051E-02  1.1052E-02  1.1053E-02  1.1054E-02
1.1054E-02  1.1055E-02  1.1056E-02  1.1057E-02  1.1057E-02  1.1058E-02
1.1059E-02  1.1060E-02  1.1061E-02  1.1061E-02  1.1062E-02  1.1063E-02
1.1064E-02  1.1064E-02  1.1065E-02  1.1066E-02  1.1067E-02  1.1068E-02
1.1068E-02  1.1069E-02  1.1070E-02  1.1071E-02  1.1071E-02  1.1072E-02
1.1073E-02  1.1074E-02  1.1075E-02  1.1075E-02  1.1076E-02  1.1077E-02
1.1078E-02  1.1078E-02  1.1079E-02  1.1080E-02  1.1081E-02  1.1082E-02
1.1082E-02  1.1083E-02  1.1084E-02  1.1085E-02  1.1085E-02  1.1086E-02
1.1087E-02  1.1088E-02  1.1089E-02  1.1089E-02  1.1090E-02  1.1091E-02
1.1092E-02  1.1092E-02  1.1093E-02  1.1094E-02  1.1095E-02  1.1096E-02
1.1096E-02  1.1097E-02  1.1098E-02  1.1099E-02  1.1100E-02  1.1100E-02
1.1101E-02  1.1102E-02  1.1103E-02  1.1103E-02  1.1104E-02  1.1105E-02
1.1106E-02  1.1107E-02  1.1107E-02  1.1108E-02  1.1109E-02  1.1110E-02
1.1110E-02  1.1111E-02  1.1112E-02  1.1113E-02  1.1114E-02  1.1114E-02
1.1115E-02  1.1116E-02  1.1117E-02  1.1117E-02  1.1118E-02  1.1119E-02
1.1120E-02  1.1121E-02  1.1121E-02  1.1122E-02  1.1123E-02  1.1124E-02
1.1125E-02  1.1125E-02  1.1126E-02  1.1127E-02  1.1128E-02  1.1128E-02
1.1129E-02  1.1130E-02  1.1131E-02  1.1132E-02  1.1132E-02  1.1133E-02
1.1134E-02  1.1135E-02  1.1136E-02  1.1136E-02  1.1137E-02  1.1138E-02
1.1139E-02  1.1139E-02  1.1140E-02  1.1141E-02  1.1142E-02  1.1143E-02
1.1143E-02  1.1144E-02  1.1145E-02  1.1146E-02  1.1146E-02  1.1147E-02
1.1148E-02  1.1149E-02  1.1150E-02  1.1150E-02  1.1151E-02  1.1152E-02
1.1153E-02  1.1154E-02  1.1154E-02  1.1155E-02  1.1156E-02  1.1157E-02
1.1157E-02  1.1158E-02  1.1159E-02  1.1160E-02  1.1161E-02  1.1161E-02
1.1162E-02  1.1163E-02  1.1164E-02  1.1165E-02  1.1165E-02  1.1166E-02
1.1167E-02  1.1168E-02  1.1168E-02  1.1169E-02  1.1170E-02  1.1171E-02
1.1172E-02  1.1172E-02  1.1173E-02  1.1174E-02  1.1175E-02  1.1176E-02
1.1176E-02  1.1177E-02  1.1178E-02  1.1179E-02  1.1179E-02  1.1180E-02
1.1181E-02  1.1182E-02  1.1183E-02  1.1183E-02  1.1184E-02  1.1185E-02
1.1186E-02  1.1187E-02  1.1187E-02  1.1188E-02  1.1189E-02  1.1190E-02
1.1190E-02  1.1191E-02  1.1192E-02  1.1193E-02  1.1194E-02  1.1194E-02
1.1195E-02  1.1196E-02  1.1197E-02  1.1198E-02  1.1198E-02  1.1199E-02
1.1200E-02  1.1201E-02  1.1202E-02  1.1202E-02  1.1203E-02  1.1204E-02
1.1205E-02  1.1205E-02  1.1206E-02  1.1207E-02  1.1208E-02  1.1209E-02
1.1209E-02  1.1210E-02  1.1211E-02  1.1212E-02  1.1213E-02  1.1213E-02
1.1214E-02  1.1215E-02  1.1216E-02  1.1216E-02  1.1217E-02  1.1218E-02
1.1219E-02  1.1220E-02  1.1220E-02  1.1221E-02  1.1222E-02  1.1223E-02
1.1224E-02  1.1224E-02  1.1225E-02  1.1226E-02  1.1227E-02  1.1228E-02
1.1228E-02  1.1229E-02  1.1230E-02  1.1231E-02  1.1231E-02  1.1232E-02
1.1233E-02  1.1234E-02  1.1235E-02  1.1235E-02  1.1236E-02  1.1237E-02
1.1238E-02  1.1239E-02  1.1239E-02  1.1240E-02  1.1241E-02  1.1242E-02
1.1243E-02  1.1243E-02  1.1244E-02  1.1245E-02  1.1246E-02  1.1247E-02
1.1247E-02  1.1248E-02  1.1249E-02  1.1250E-02  1.1250E-02  1.1251E-02
1.1252E-02  1.1253E-02  1.1254E-02  1.1254E-02  1.1255E-02  1.1256E-02
1.1257E-02  1.1258E-02  1.1258E-02  1.1259E-02  1.1260E-02  1.1261E-02
1.1262E-02  1.1262E-02  1.1263E-02  1.1264E-02  1.1265E-02  1.1266E-02
1.1266E-02  1.1267E-02  1.1268E-02  1.1269E-02  1.1269E-02  1.1270E-02
1.1271E-02  1.1272E-02  1.1273E-02  1.1273E-02  1.1274E-02  1.1275E-02
1.1276E-02  1.1277E-02  1.1277E-02  1.1278E-02  1.1279E-02  1.1280E-02
1.1281E-02  1.1281E-02  1.1282E-02  1.1283E-02  1.1284E-02  1.1285E-02
1.1285E-02  1.1286E-02  1.1287E-02  1.1288E-02  1.1289E-02  1.1289E-02
1.1290E-02  1.1291E-02  1.1292E-02  1.1292E-02  1.1293E-02  1.1294E-02
1.1295E-02  1.1296E-02  1.1296E-02  1.1297E-02  1.1298E-02  1.1299E-02
1.1300E-02  1.1300E-02  1.1301E-02  1.1302E-02  1.1303E-02  1.1304E-02
1.1304E-02  1.1305E-02  1.1306E-02  1.1307E-02  1.1308E-02  1.1308E-02
1.1309E-02  1.1310E-02  1.1311E-02  1.1312E-02  1.1312E-02  1.1313E-02
1.1314E-02  1.1315E-02  1.1316E-02  1.1316E-02  1.1317E-02  1.1318E-02
1.1319E-02  1.1320E-02  1.1320E-02  1.1321E-02  1.1322E-02  1.1323E-02
1.1324E-02  1.1324E-02  1.1325E-02  1.1326E-02  1.1327E-02  1.1328E-02
1.1328E-02  1.1329E-02  1.1330E-02  1.1331E-02  1.1331E-02  1.1332E-02
1.1333E-02  1.1334E-02  1.1335E-02  1.1335E-02  1.1336E-02  1.1337E-02
1.1338E-02  1.1339E-02  1.1339E-02  1.1340E-02  1.1341E-02  1.1342E-02
1.1343E-02  1.1343E-02  1.1344E-02  1.1345E-02  1.1346E-02  1.1347E-02
1.1347E-02  1.1348E-02  1.1349E-02  1.1350E-02  1.1351E-02  1.1351E-02
1.1352E-02  1.1353E-02  1.1354E-02  1.1355E-02  1.1355E-02  1.1356E-02
1.1357E-02  1.1358E-02  1.1359E-02  1.1359E-02  1.1360E-02  1.1361E-02
1.1362E-02  1.1363E-02  1.1363E-02  1.1364E-02  1.1365E-02  1.1366E-02
1.1367E-02  1.1367E-02  1.1368E-02  1.1369E-02  1.1370E-02  1.1371E-02
1.1371E-02  1.1372E-02  1.1373E-02  1.1374E-02  1.1375E-02  1.1375E-02
1.1376E-02  1.1377E-02  1.1378E-02  1.1379E-02  1.1379E-02  1.1380E-02
1.1381E-02  1.1382E-02  1.1383E-02  1.1383E-02  1.1384E-02  1.1385E-02
1.1386E-02  1.1387E-02  1.1387E-02  1.1388E-02  1.1389E-02  1.1390E-02
1.1391E-02  1.1391E-02  1.1392E-02  1.1393E-02  1.1394E-02  1.1395E-02
1.1395E-02  1.1396E-02  1.1397E-02  1.1398E-02  1.1399E-02  1.1399E-02
1.1400E-02  1.1401E-02  1.1402E-02  1.1403E-02  1.1403E-02  1.1404E-02
1.1405E-02  1.1406E-02  1.1407E-02  1.1407E-02  1.1408E-02  1.1409E-02
1.1410E-02  1.1411E-02  1.1411E-02  1.1412E-02  1.1413E-02  1.1414E-02
1.1415E-02  1.1416E-02  1.1416E-02  1.1417E-02  1.1418E-02  1.1419E-02
1.1420E-02  1.1420E-02  1.1421E-02  1.1422E-02  1.1423E-02  1.1424E-02
1.1424E-02  1.1425E-02  1.1426E-02  1.1427E-02  1.1428E-02  1.1428E-02
1.1429E-02  1.1430E-02  1.1431E-02  1.1432E-02  1.1432E-02  1.1433E-02
1.1434E-02  1.1435E-02  1.1436E-02  1.1436E-02  1.1437E-02  1.1438E-02
1.1439E-02  1.1440E-02  1.1440E-02  1.1441E-02  1.1442E-02  1.1443E-02
1.1444E-02  1.1444E-02  1.1445E-02  1.1446E-02  1.1447E-02  1.1448E-02
1.1448E-02  1.1449E-02  1.1450E-02  1.1451E-02  1.1452E-02  1.1453E-02
1.1453E-02  1.1454E-02  1.1455E-02  1.1456E-02  1.1457E-02  1.1457E-02
1.1458E-02  1.1459E-02  1.1460E-02  1.1461E-02  1.1461E-02  1.1462E-02
1.1463E-02  1.1464E-02  1.1465E-02  1.1465E-02  1.1466E-02  1.1467E-02
1.1468E-02  1.1469E-02  1.1469E-02  1.1470E-02  1.1471E-02  1.1472E-02
1.1473E-02  1.1473E-02  1.1474E-02  1.1475E-02  1.1476E-02  1.1477E-02
1.1478E-02  1.1478E-02  1.1479E-02  1.1480E-02  1.1481E-02  1.1482E-02
1.1482E-02  1.1483E-02  1.1484E-02  1.1485E-02  1.1486E-02  1.1486E-02
1.1487E-02  1.1488E-02  1.1489E-02  1.1490E-02  1.1490E-02  1.1491E-02
1.1492E-02  1.1493E-02  1.1494E-02  1.1494E-02  1.1495E-02  1.1496E-02
1.1497E-02  1.1498E-02  1.1499E-02  1.1499E-02  1.1500E-02  1.1501E-02
1.1502E-02  1.1503E-02  1.1503E-02  1.1504E-02  1.1505E-02  1.1506E-02
1.1507E-02  1.1507E-02  1.1508E-02  1.1509E-02  1.1510E-02  1.1511E-02
1.1511E-02  1.1512E-02  1.1513E-02  1.1514E-02  1.1515E-02  1.1516E-02
1.1516E-02  1.1517E-02  1.1518E-02  1.1519E-02  1.1520E-02  1.1520E-02
1.1521E-02  1.1522E-02  1.1523E-02  1.1524E-02  1.1524E-02  1.1525E-02
1.1526E-02  1.1527E-02  1.1528E-02  1.1529E-02  1.1529E-02  1.1530E-02
1.1531E-02  1.1532E-02  1.1533E-02  1.1533E-02  1.1534E-02  1.1535E-02
1.1536E-02  1.1537E-02  1.1537E-02  1.1538E-02  1.1539E-02  1.1540E-02
1.1541E-02  1.1541E-02  1.1542E-02  1.1543E-02  1.1544E-02  1.1545E-02
1.1546E-02  1.1546E-02  1.1547E-02  1.1548E-02  1.1549E-02  1.1550E-02
1.1550E-02  1.1551E-02  1.1552E-02  1.1553E-02  1.1554E-02  1.1554E-02
1.1555E-02  1.1556E-02  1.1557E-02  1.1558E-02  1.1559E-02  1.1559E-02
1.1560E-02  1.1561E-02  1.1562E-02  1.1563E-02  1.1563E-02  1.1564E-02
1.1565E-02  1.1566E-02  1.1567E-02  1.1567E-02  1.1568E-02  1.1569E-02
1.1570E-02  1.1571E-02  1.1572E-02  1.1572E-02  1.1573E-02  1.1574E-02
1.1575E-02  1.1576E-02  1.1576E-02  1.1577E-02  1.1578E-02  1.1579E-02
1.1580E-02  1.1581E-02  1.1581E-02  1.1582E-02  1.1583E-02  1.1584E-02
1.1585E-02  1.1585E-02  1.1586E-02  1.1587E-02  1.1588E-02  1.1589E-02
1.1589E-02  1.1590E-02  1.1591E-02  1.1592E-02  1.1593E-02  1.1594E-02
1.1594E-02  1.1595E-02  1.1596E-02  1.1597E-02  1.1598E-02  1.1598E-02
1.1599E-02  1.1600E-02  1.1601E-02  1.1602E-02  1.1603E-02  1.1603E-02
1.1604E-02  1.1605E-02  1.1606E-02  1.1607E-02  1.1607E-02  1.1608E-02
1.1609E-02  1.1610E-02  1.1611E-02  1.1612E-02  1.1612E-02  1.1613E-02
1.1614E-02  1.1615E-02  1.1616E-02  1.1616E-02  1.1617E-02  1.1618E-02
1.1619E-02  1.1620E-02  1.1621E-02  1.1621E-02  1.1622E-02  1.1623E-02
1.1624E-02  1.1625E-02  1.1625E-02  1.1626E-02  1.1627E-02  1.1628E-02
1.1629E-02  1.1630E-02  1.1630E-02  1.1631E-02  1.1632E-02  1.1633E-02
1.1634E-02  1.1634E-02  1.1635E-02  1.1636E-02  1.1637E-02  1.1638E-02
1.1639E-02  1.1639E-02  1.1640E-02  1.1641E-02  1.1642E-02  1.1643E-02
1.1643E-02  1.1644E-02  1.1645E-02  1.1646E-02  1.1647E-02  1.1648E-02
1.1648E-02  1.1649E-02  1.1650E-02  1.1651E-02  1.1652E-02  1.1652E-02
1.1653E-02  1.1654E-02  1.1655E-02  1.1656E-02  1.1657E-02  1.1657E-02
1.1658E-02  1.1659E-02  1.1660E-02  1.1661E-02  1.1661E-02  1.1662E-02
1.1663E-02  1.1664E-02  1.1665E-02  1.1666E-02  1.1666E-02  1.1667E-02
1.1668E-02  1.1669E-02  1.1670E-02  1.1670E-02  1.1671E-02  1.1672E-02
1.1673E-02  1.1674E-02  1.1675E-02  1.1675E-02  1.1676E-02  1.1677E-02
1.1678E-02  1.1679E-02  1.1680E-02  1.1680E-02  1.1681E-02  1.1682E-02
1.1683E-02  1.1684E-02  1.1684E-02  1.1685E-02  1.1686E-02  1.1687E-02
1.1688E-02  1.1689E-02  1.1689E-02  1.1690E-02  1.1691E-02  1.1692E-02
1.1693E-02  1.1694E-02  1.1694E-02  1.1695E-02  1.1696E-02  1.1697E-02
1.1698E-02  1.1698E-02  1.1699E-02  1.1700E-02  1.1701E-02  1.1702E-02
1.1703E-02  1.1703E-02  1.1704E-02  1.1705E-02  1.1706E-02  1.1707E-02
1.1707E-02  1.1708E-02  1.1709E-02  1.1710E-02  1.1711E-02  1.1712E-02
1.1712E-02  1.1713E-02  1.1714E-02  1.1715E-02  1.1716E-02  1.1717E-02
1.1717E-02  1.1718E-02  1.1719E-02  1.1720E-02  1.1721E-02  1.1722E-02
1.1722E-02  1.1723E-02  1.1724E-02  1.1725E-02  1.1726E-02  1.1726E-02
1.1727E-02  1.1728E-02  1.1729E-02  1.1730E-02  1.1731E-02  1.1731E-02
1.1732E-02  1.1733E-02
Rosseland and Planck opacities and free electrons
Density     Ross opa    Planck opa  No. Free    Av Sq Free  T=  2.0000E-03
1.9163E-09  3.5530E+00  4.0076E+02  9.9982E-01  1.0002E+00
Multigroup opacities
Energy      Ross mg     Planck mg    for T, density =   2.0000E-03  1.9163E-09
1.0938E-02  1.3623E+00  9.9845E-01
1.0939E-02  1.3626E+00  9.9876E-01
1.0940E-02  1.3626E+00  9.9876E-01
1.0941E-02  1.3619E+00  9.9806E-01
1.0941E-02  1.3611E+00  9.9733E-01
1.0942E-02  1.3605E+00  9.9666E-01
1.0943E-02  1.3602E+00  9.9640E-01
1.0944E-02  1.3600E+00  9.9619E-01
1.0944E-02  1.3598E+00  9.9599E-01
1.0945E-02  1.3596E+00  9.9581E-01
1.0946E-02  1.3595E+00  9.9564E-01
1.0947E-02  1.3593E+00  9.9547E-01
1.0948E-02  1.3591E+00  9.9525E-01
1.0948E-02  1.3588E+00  9.9500E-01
1.0949E-02  1.3586E+00  9.9474E-01
1.0950E-02  1.3584E+00  9.9463E-01
1.0951E-02  1.3587E+00  9.9484E-01
1.0951E-02  1.3589E+00  9.9506E-01
1.0952E-02  1.3590E+00  9.9515E-01
1.0953E-02  1.3584E+00  9.9459E-01
1.0954E-02  1.3578E+00  9.9394E-01
1.0954E-02  1.3571E+00  9.9331E-01
1.0955E-02  1.3569E+00  9.9305E-01
1.0956E-02  1.3567E+00  9.9293E-01
1.0957E-02  1.3566E+00  9.9280E-01
1.0958E-02  1.3564E+00  9.9259E-01
1.0958E-02  1.3561E+00  9.9231E-01
1.0959E-02  1.3558E+00  9.9203E-01
1.0960E-02  1.3556E+00  9.9177E-01
1.0961E-02  1.3554E+00  9.9155E-01
1.0961E-02  1.3552E+00  9.9134E-01
1.0962E-02  1.3549E+00  9.9113E-01
1.0963E-02  1.3548E+00  9.9093E-01
1.0964E-02  1.3546E+00  9.9074E-01
1.0964E-02  1.3544E+00  9.9056E-01
1.0965E-02  1.3543E+00  9.9044E-01
1.0966E-02  1.3542E+00  9.9034E-01
1.0967E-02  1.3541E+00  9.9024E-01
1.0968E-02  1.3540E+00  9.9015E-01
1.0968E-02  1.3539E+00  9.9006E-01
1.0969E-02  1.3538E+00  9.8998E-01
1.0970E-02  1.3537E+00  9.8987E-01
1.0971E-02  1.3535E+00  9.8971E-01
1.0971E-02  1.3534E+00  9.8955E-01
1.0972E-02  1.3532E+00  9.8936E-01
1.0973E-02  1.3529E+00  9.8905E-01
1.0974E-02  1.3526E+00  9.8873E-01
1.0975E-02  1.3523E+00  9.8843E-01
1.0975E-02  1.3522E+00  9.8840E-01
1.0976E-02  1.3523E+00  9.8844E-01
1.0977E-02  1.3523E+00  9.8849E-01
1.0978E-02  1.3531E+00  9.8925E-01
1.0978E-02  1.3543E+00  9.9045E-01
1.0979E-02  1.3555E+00  9.9165E-01
1.0980E-02  1.4728E+00  1.1229E+00
1.0981E-02  1.7987E+00  1.4498E+00
1.0981E-02  2.1296E+00  1.7784E+00
1.0982E-02  2.3252E+00  1.9655E+00
1.0983E-02  2.0244E+00  1.6740E+00
1.0984E-02  1.6912E+00  1.3434E+00
1.0985E-02  1.4007E+00  1.0420E+00
1.0985E-02  1.3498E+00  9.8600E-01
1.0986E-02  1.3493E+00  9.8551E-01
1.0987E-02  1.3488E+00  9.8502E-01
1.0988E-02  1.3485E+00  9.8470E-01
1.0988E-02  1.3483E+00  9.8448E-01
1.0989E-02  1.3481E+00  9.8425E-01
1.0990E-02  1.3479E+00  9.8406E-01
1.0991E-02  1.3478E+00  9.8394E-01
1.0992E-02  1.3476E+00  9.8381E-01
1.0992E-02  1.4524E+00  1.1055E+00
1.0993E-02  1.8933E+00  1.5583E+00
1.0994E-02  2.3704E+00  2.0297E+00
1.0995E-02  2.7483E+00  2.3895E+00
1.0995E-02  2.3834E+00  2.0426E+00
1.0996E-02  1.9066E+00  1.5715E+00
1.0997E-02  1.4612E+00  1.1157E+00
1.0998E-02  1.3486E+00  9.8477E-01
1.0998E-02  1.3484E+00  9.8455E-01
1.0999E-02  1.3482E+00  9.8434E-01
1.1000E-02  1.3475E+00  9.8367E-01
1.1001E-02  1.3464E+00  9.8260E-01
1.1002E-02  1.3454E+00  9.8153E-01
1.1002E-02  1.3446E+00  9.8077E-01
1.1003E-02  1.3445E+00  9.8067E-01
1.1004E-02  1.3444E+00  9.8059E-01
1.1005E-02  1.3443E+00  9.8051E-01
1.1005E-02  1.3443E+00  9.8044E-01
1.1006E-02  1.3442E+00  9.8036E-01
1.1007E-02  1.3441E+00  9.8028E-01
1.1008E-02  1.3439E+00  9.8006E-01
1.1009E-02  1.3436E+00  9.7980E-01
1.1009E-02  1.3434E+00  9.7954E-01
1.1010E-02  1.3434E+00  9.7954E-01
1.1011E-02  1.3435E+00  9.7970E-01
1.1012E-02  1.3437E+00  9.7987E-01
1.1012E-02  1.3436E+00  9.7981E-01
1.1013E-02  1.3432E+00  9.7939E-01
1.1014E-02  1.3428E+00  9.7898E-01
1.1015E-02  1.3424E+00  9.7855E-01
1.1016E-02  1.3419E+00  9.7808E-01
1.1016E-02  1.3414E+00  9.7761E-01
1.1017E-02  1.3410E+00  9.7720E-01
1.1018E-02  1.3410E+00  9.7720E-01
1.1019E-02  1.3411E+00  9.7730E-01
1.1019E-02  1.3412E+00  9.7739E-01
1.1020E-02  1.3411E+00  9.7726E-01
1.1021E-02  1.3409E+00  9.7704E-01
1.1022E-02  1.3406E+00  9.7681E-01
1.1022E-02  1.3409E+00  9.7712E-01
1.1023E-02  1.3418E+00  9.7801E-01
1.1024E-02  1.3427E+00  9.7890E-01
1.1025E-02  1.3430E+00  9.7922E-01
1.1026E-02  1.3420E+00  9.7817E-01
1.1026E-02  1.3409E+00  9.7706E-01
1.1027E-02  1.3398E+00  9.7602E-01
1.1028E-02  1.3392E+00  9.7534E-01
1.1029E-02  1.3385E+00  9.7472E-01
1.1029E-02  1.3379E+00  9.7411E-01
1.1030E-02  1.3375E+00  9.7371E-01
1.1031E-02  1.3372E+00  9.7338E-01
1.1032E-02  1.3369E+00  9.7306E-01
1.1033E-02  1.3366E+00  9.7279E-01
1.1033E-02  1.3364E+00  9.7258E-01
1.1034E-02  1.3362E+00  9.7236E-01
1.1035E-02  1.3360E+00  9.7214E-01
1.1036E-02  1.3358E+00  9.7193E-01
1.1036E-02  1.3355E+00  9.7172E-01
1.1037E-02  1.3353E+00  9.7151E-01
1.1038E-02  1.3351E+00  9.7131E-01
1.1039E-02  1.3349E+00  9.7111E-01
1.1040E-02  1.3347E+00  9.7090E-01
1.1040E-02  1.3345E+00  9.7070E-01
1.1041E-02  1.3343E+00  9.7050E-01
1.1042E-02  1.3341E+00  9.7030E-01
1.1043E-02  1.3339E+00  9.7011E-01
1.1043E-02  1.3337E+00  9.6991E-01
1.1044E-02  1.3335E+00  9.6972E-01
1.1045E-02  1.3334E+00  9.6953E-01
1.1046E-02  1.3332E+00  9.6933E-01
1.1047E-02  1.3330E+00  9.6914E-01
1.1047E-02  1.3328E+00  9.6895E-01
1.1048E-02  1.3326E+00  9.6876E-01
1.1049E-02  1.3324E+00  9.6856E-01
1.1050E-02  1.3322E+00  9.6837E-01
1.1050E-02  1.3320E+00  9.6819E-01
1.1051E-02  1.3318E+00  9.6801E-01
1.1052E-02  1.3317E+00  9.6791E-01
1.1053E-02  1.3326E+00  9.6877E-01
1.1054E-02  1.3337E+00  9.6991E-01
1.1054E-02  1.3348E+00  9.7102E-01
1.1055E-02  1.3343E+00  9.7049E-01
1.1056E-02  1.3328E+00  9.6895E-01
1.1057E-02  1.3312E+00  9.6741E-01
1.1057E-02  1.3303E+00  9.6644E-01
1.1058E-02  1.3301E+00  9.6625E-01
1.1059E-02  1.3299E+00  9.6606E-01
1.1060E-02  1.3297E+00  9.6587E-01
1.1061E-02  1.3295E+00  9.6569E-01
1.1061E-02  1.3293E+00  9.6550E-01
1.1062E-02  1.3292E+00  9.6532E-01
1.1063E-02  1.3290E+00  9.6517E-01
1.1064E-02  1.3288E+00  9.6502E-01
1.1064E-02  1.3287E+00  9.6487E-01
1.1065E-02  1.3285E+00  9.6467E-01
1.1066E-02  1.3283E+00  9.6445E-01
1.1067E-02  1.3281E+00  9.6423E-01
1.1068E-02  1.3279E+00  9.6406E-01
1.1068E-02  1.3277E+00  9.6391E-01
1.1069E-02  1.3276E+00  9.6376E-01
1.1070E-02  1.3279E+00  9.6403E-01
1.1071E-02  1.3288E+00  9.6501E-01
1.1071E-02  1.3298E+00  9.6601E-01
1.1072E-02  1.3304E+00  9.6655E-01
1.1073E-02  1.3294E+00  9.6554E-01
1.1074E-02  1.3282E+00  9.6439E-01
1.1075E-02  1.3272E+00  9.6333E-01
1.1075E-02  1.3268E+00  9.6300E-01
1.1076E-02  1.3267E+00  9.6282E-01
1.1077E-02  1.3265E+00  9.6265E-01
1.1078E-02  1.3265E+00  9.6270E-01
1.1078E-02  1.3267E+00  9.6284E-01
1.1079E-02  1.3268E+00  9.6300E-01
1.1080E-02  1.3572E+00  9.9401E-01
1.1081E-02  1.4164E+00  1.0532E+00
1.1082E-02  1.4756E+00  1.1124E+00
1.1082E-02  1.4954E+00  1.1319E+00
1.1083E-02  1.4371E+00  1.0739E+00
1.1084E-02  1.3772E+00  1.0140E+00
1.1085E-02  1.3289E+00  9.6517E-01
1.1085E-02  1.3243E+00  9.6047E-01
1.1086E-02  1.3242E+00  9.6032E-01
1.1087E-02  1.3240E+00  9.6020E-01
1.1088E-02  1.3241E+00  9.6031E-01
1.1089E-02  1.3243E+00  9.6048E-01
1.1089E-02  1.3245E+00  9.6065E-01
1.1090E-02  1.3249E+00  9.6103E-01
1.1091E-02  1.3253E+00  9.6151E-01
1.1092E-02  1.3258E+00  9.6199E-01
1.1092E-02  1.3254E+00  9.6159E-01
1.1093E-02  1.3242E+00  9.6032E-01
1.1094E-02  1.3229E+00  9.5904E-01
1.1095E-02  1.3219E+00  9.5806E-01
1.1096E-02  1.3215E+00  9.5770E-01
1.1096E-02  1.3212E+00  9.5737E-01
1.1097E-02  1.3209E+00  9.5705E-01
1.1098E-02  1.3207E+00  9.5685E-01
1.1099E-02  1.3205E+00  9.5665E-01
1.1100E-02  1.3203E+00  9.5646E-01
1.1100E-02  1.3201E+00  9.5624E-01
1.1101E-02  1.3198E+00  9.5601E-01
1.1102E-02  1.3196E+00  9.5578E-01
1.1103E-02  1.3194E+00  9.5557E-01
1.1103E-02  1.3192E+00  9.5537E-01
1.1104E-02  1.3190E+00  9.5517E-01
1.1105E-02  1.3188E+00  9.5498E-01
1.1106E-02  1.3186E+00  9.5480E-01
1.1107E-02  1.3185E+00  9.5462E-01
1.1107E-02  1.3183E+00  9.5444E-01
1.1108E-02  1.3181E+00  9.5428E-01
1.1109E-02  1.3180E+00  9.5413E-01
1.1110E-02  1.3178E+00  9.5396E-01
1.1110E-02  1.3176E+00  9.5376E-01
1.1111E-02  1.3174E+00  9.5356E-01
1.1112E-02  1.3172E+00  9.5336E-01
1.1113E-02  1.3170E+00  9.5319E-01
1.1114E-02  1.3169E+00  9.5303E-01
1.1114E-02  1.3167E+00  9.5289E-01
1.1115E-02  1.3170E+00  9.5317E-01
1.1116E-02  1.3175E+00  9.5366E-01
1.1117E-02  1.3180E+00  9.5415E-01
1.1117E-02  1.3179E+00  9.5406E-01
1.1118E-02  1.3172E+00  9.5339E-01
1.1119E-02  1.3165E+00  9.5271E-01
1.1120E-02  1.3163E+00  9.5251E-01
1.1121E-02  1.3171E+00  9.5327E-01
1.1121E-02  1.3179E+00  9.5406E-01
1.1122E-02  1.3184E+00  9.5454E-01
1.1123E-02  1.3176E+00  9.5377E-01
1.1124E-02  1.3167E+00  9.5287E-01
1.1125E-02  1.3159E+00  9.5203E-01
1.1125E-02  1.3156E+00  9.5173E-01
1.1126E-02  1.3154E+00  9.5155E-01
1.1127E-02  1.3152E+00  9.5138E-01
1.1128E-02  1.3151E+00  9.5122E-01
1.1128E-02  1.3149E+00  9.5106E-01
1.1129E-02  1.3147E+00  9.5091E-01
1.1130E-02  1.3146E+00  9.5079E-01
1.1131E-02  1.3145E+00  9.5069E-01
1.1132E-02  1.3144E+00  9.5059E-01
1.1132E-02  1.3142E+00  9.5040E-01
1.1133E-02  1.3139E+00  9.5004E-01
1.1134E-02  1.3135E+00  9.4967E-01
1.1135E-02  1.3132E+00  9.4939E-01
1.1136E-02  1.3133E+00  9.4942E-01
1.1136E-02  1.3133E+00  9.4947E-01
1.1137E-02  1.3133E+00  9.4946E-01
1.1138E-02  1.3127E+00  9.4890E-01
1.1139E-02  1.3121E+00  9.4824E-01
1.1139E-02  1.3114E+00  9.4759E-01
1.1140E-02  1.3110E+00  9.4719E-01
1.1141E-02  1.3107E+00  9.4689E-01
1.1142E-02  1.3104E+00  9.4659E-01
1.1143E-02  1.3102E+00  9.4634E-01
1.1143E-02  1.3100E+00  9.4613E-01
1.1144E-02  1.3098E+00  9.4593E-01
1.1145E-02  1.3096E+00  9.4574E-01
1.1146E-02  1.3094E+00  9.4560E-01
1.1146E-02  1.3093E+00  9.4546E-01
1.1147E-02  1.3091E+00  9.4529E-01
1.1148E-02  1.3089E+00  9.4506E-01
1.1149E-02  1.3087E+00  9.4482E-01
1.1150E-02  1.3084E+00  9.4460E-01
1.1150E-02  1.3083E+00  9.4444E-01
1.1151E-02  1.3081E+00  9.4430E-01
1.1152E-02  1.3080E+00  9.4416E-01
1.1153E-02  1.3078E+00  9.4398E-01
1.1154E-02  1.3076E+00  9.4380E-01
1.1154E-02  1.3074E+00  9.4361E-01
1.1155E-02  1.3073E+00  9.4347E-01
1.1156E-02  1.3072E+00  9.4336E-01
1.1157E-02  1.3071E+00  9.4324E-01
1.1157E-02  1.3069E+00  9.4307E-01
1.1158E-02  1.3067E+00  9.4282E-01
1.1159E-02  1.3064E+00  9.4257E-01
1.1160E-02  1.3062E+00  9.4233E-01
1.1161E-02  1.3060E+00  9.4212E-01
1.1161E-02  1.3058E+00  9.4192E-01
1.1162E-02  1.3056E+00  9.4172E-01
1.1163E-02  1.3054E+00  9.4155E-01
1.1164E-02  1.3052E+00  9.4138E-01
1.1165E-02  1.3051E+00  9.4122E-01
1.1165E-02  1.3049E+00  9.4109E-01
1.1166E-02  1.3048E+00  9.4098E-01
1.1167E-02  1.3047E+00  9.4086E-01
1.1168E-02  1.3046E+00  9.4077E-01
1.1168E-02  1.3045E+00  9.4069E-01
1.1169E-02  1.3044E+00  9.4060E-01
1.1170E-02  1.3043E+00  9.4050E-01
1.1171E-02  1.3042E+00  9.4038E-01
1.1172E-02  1.3041E+00  9.4027E-01
1.1172E-02  1.3039E+00  9.4004E-01
1.1173E-02  1.3035E+00  9.3963E-01
1.1174E-02  1.3030E+00  9.3921E-01
1.1175E-02  1.3027E+00  9.3884E-01
1.1176E-02  1.3025E+00  9.3863E-01
1.1176E-02  1.3023E+00  9.3843E-01
1.1177E-02  1.3021E+00  9.3823E-01
1.1178E-02  1.3019E+00  9.3804E-01
1.1179E-02  1.3017E+00  9.3784E-01
1.1179E-02  1.3015E+00  9.3764E-01
1.1180E-02  1.3013E+00  9.3747E-01
1.1181E-02  1.3011E+00  9.3729E-01
1.1182E-02  1.3010E+00  9.3712E-01
1.1183E-02  1.3008E+00  9.3695E-01
1.1183E-02  1.3006E+00  9.3677E-01
1.1184E-02  1.3004E+00  9.3660E-01
1.1185E-02  1.3003E+00  9.3642E-01
1.1186E-02  1.3001E+00  9.3624E-01
1.1187E-02  1.2999E+00  9.3605E-01
1.1187E-02  1.2997E+00  9.3587E-01
1.1188E-02  1.2995E+00  9.3570E-01
1.1189E-02  1.2994E+00  9.3552E-01
1.1190E-02  1.2992E+00  9.3535E-01
1.1190E-02  1.2990E+00  9.3518E-01
1.1191E-02  1.2988E+00  9.3501E-01
1.1192E-02  1.2987E+00  9.3484E-01
1.1193E-02  1.2985E+00  9.3469E-01
1.1194E-02  1.2984E+00  9.3454E-01
1.1194E-02  1.2983E+00  9.3441E-01
1.1195E-02  1.2985E+00  9.3471E-01
1.1196E-02  1.2990E+00  9.3518E-01
1.1197E-02  1.2995E+00  9.3564E-01
1.1198E-02  1.2992E+00  9.3536E-01
1.1198E-02  1.2984E+00  9.3453E-01
1.1199E-02  1.2976E+00  9.3371E-01
1.1200E-02  1.2970E+00  9.3316E-01
1.1201E-02  1.2968E+00  9.3300E-01
1.1202E-02  1.2967E+00  9.3284E-01
1.1202E-02  1.2967E+00  9.3287E-01
1.1203E-02  1.2972E+00  9.3336E-01
1.1204E-02  1.2977E+00  9.3388E-01
1.1205E-02  1.2982E+00  9.3431E-01
1.1205E-02  1.2982E+00  9.3436E-01
1.1206E-02  1.2982E+00  9.3436E-01
1.1207E-02  1.2982E+00  9.3436E-01
1.1208E-02  1.2982E+00  9.3435E-01
1.1209E-02  1.2982E+00  9.3434E-01
1.1209E-02  1.2982E+00  9.3431E-01
1.1210E-02  1.2974E+00  9.3352E-01
1.1211E-02  1.2962E+00  9.3239E-01
1.1212E-02  1.2951E+00  9.3126E-01
1.1213E-02  1.2945E+00  9.3069E-01
1.1213E-02  1.2944E+00  9.3057E-01
1.1214E-02  1.2943E+00  9.3046E-01
1.1215E-02  1.2941E+00  9.3026E-01
1.1216E-02  1.2938E+00  9.2993E-01
1.1216E-02  1.2934E+00  9.2960E-01
1.1217E-02  1.2932E+00  9.2931E-01
1.1218E-02  1.2929E+00  9.2910E-01
1.1219E-02  1.2927E+00  9.2890E-01
1.1220E-02  1.2925E+00  9.2870E-01
1.1220E-02  1.2924E+00  9.2853E-01
1.1221E-02  1.2922E+00  9.2836E-01
1.1222E-02  1.2920E+00  9.2819E-01
1.1223E-02  1.2919E+00  9.2803E-01
1.1224E-02  1.2917E+00  9.2786E-01
1.1224E-02  1.2915E+00  9.2769E-01
1.1225E-02  1.2914E+00  9.2754E-01
1.1226E-02  1.2912E+00  9.2740E-01
1.1227E-02  1.2911E+00  9.2726E-01
1.1228E-02  1.2910E+00  9.2712E-01
1.1228E-02  1.2908E+00  9.2697E-01
1.1229E-02  1.2907E+00  9.2682E-01
1.1230E-02  1.2905E+00  9.2668E-01
1.1231E-02  1.2904E+00  9.2655E-01
1.1231E-02  1.2903E+00  9.2642E-01
1.1232E-02  1.2901E+00  9.2626E-01
1.1233E-02  1.2899E+00  9.2601E-01
1.1234E-02  1.2896E+00  9.2575E-01
1.1235E-02  1.2893E+00  9.2550E-01
1.1235E-02  1.2891E+00  9.2530E-01
1.1236E-02  1.2890E+00  9.2511E-01
1.1237E-02  1.2888E+00  9.2493E-01
1.1238E-02  1.2887E+00  9.2482E-01
1.1239E-02  1.2886E+00  9.2474E-01
1.1239E-02  1.2885E+00  9.2465E-01
1.1240E-02  1.2884E+00  9.2452E-01
1.1241E-02  1.2882E+00  9.2438E-01
1.1242E-02  1.2881E+00  9.2424E-01
1.1243E-02  1.2907E+00  9.2689E-01
1.1243E-02  1.2955E+00  9.3166E-01
1.1244E-02  1.3003E+00  9.3642E-01
1.1245E-02  1.3009E+00  9.3705E-01
1.1246E-02  1.2958E+00  9.3193E-01
1.1247E-02  1.2906E+00  9.2676E-01
1.1247E-02  1.2868E+00  9.2300E-01
1.1248E-02  1.2865E+00  9.2263E-01
1.1249E-02  1.2863E+00  9.2242E-01
1.1250E-02  1.2861E+00  9.2224E-01
1.1250E-02  1.2860E+00  9.2220E-01
1.1251E-02  1.2860E+00  9.2216E-01
1.1252E-02  1.2860E+00  9.2210E-01
1.1253E-02  1.2857E+00  9.2186E-01
1.1254E-02  1.2854E+00  9.2157E-01
1.1254E-02  1.2851E+00  9.2128E-01
1.1255E-02  1.2849E+00  9.2107E-01
1.1256E-02  1.2847E+00  9.2088E-01
1.1257E-02  1.2845E+00  9.2069E-01
1.1258E-02  1.2844E+00  9.2052E-01
1.1258E-02  1.2842E+00  9.2035E-01
1.1259E-02  1.2840E+00  9.2019E-01
1.1260E-02  1.2840E+00  9.2019E-01
1.1261E-02  1.2842E+00  9.2037E-01
1.1262E-02  1.2844E+00  9.2056E-01
1.1262E-02  1.2845E+00  9.2064E-01
1.1263E-02  1.2844E+00  9.2052E-01
1.1264E-02  1.2842E+00  9.2038E-01
1.1265E-02  1.2841E+00  9.2023E-01
1.1266E-02  1.2838E+00  9.1999E-01
1.1266E-02  1.2836E+00  9.1975E-01
1.1267E-02  1.2833E+00  9.1948E-01
1.1268E-02  1.2829E+00  9.1906E-01
1.1269E-02  1.2825E+00  9.1861E-01
1.1269E-02  1.2820E+00  9.1818E-01
1.1270E-02  1.2818E+00  9.1797E-01
1.1271E-02  1.2817E+00  9.1781E-01
1.1272E-02  1.2815E+00  9.1765E-01
1.1273E-02  1.2813E+00  9.1747E-01
1.1273E-02  1.2811E+00  9.1727E-01
1.1274E-02  1.2809E+00  9.1707E-01
1.1275E-02  1.2807E+00  9.1689E-01
1.1276E-02  1.2806E+00  9.1674E-01
1.1277E-02  1.2804E+00  9.1658E-01
1.1277E-02  1.2803E+00  9.1642E-01
1.1278E-02  1.2801E+00  9.1627E-01
1.1279E-02  1.2800E+00  9.1611E-01
1.1280E-02  1.2798E+00  9.1600E-01
1.1281E-02  1.2799E+00  9.1601E-01
1.1281E-02  1.2799E+00  9.1603E-01
1.1282E-02  1.2799E+00  9.1601E-01
1.1283E-02  1.2796E+00  9.1577E-01
1.1284E-02  1.2794E+00  9.1550E-01
1.1285E-02  1.2802E+00  9.1637E-01
1.1285E-02  1.2898E+00  9.2593E-01
1.1286E-02  1.3011E+00  9.3731E-01
1.1287E-02  1.3116E+00  9.4772E-01
1.1288E-02  1.3057E+00  9.4190E-01
1.1289E-02  1.2941E+00  9.3032E-01
1.1289E-02  1.2827E+00  9.1886E-01
1.1290E-02  1.2784E+00  9.1453E-01
1.1291E-02  1.2783E+00  9.1441E-01
1.1292E-02  1.2781E+00  9.1429E-01
1.1292E-02  1.2779E+00  9.1409E-01
1.1293E-02  1.2777E+00  9.1382E-01
1.1294E-02  1.2774E+00  9.1355E-01
1.1295E-02  1.2773E+00  9.1345E-01
1.1296E-02  1.2775E+00  9.1363E-01
1.1296E-02  1.2777E+00  9.1381E-01
1.1297E-02  1.2820E+00  9.1819E-01
1.1298E-02  1.2983E+00  9.3455E-01
1.1299E-02  1.3155E+00  9.5166E-01
1.1300E-02  1.3272E+00  9.6335E-01
1.1300E-02  1.3130E+00  9.4923E-01
1.1301E-02  1.2956E+00  9.3176E-01
1.1302E-02  1.2798E+00  9.1593E-01
1.1303E-02  1.2781E+00  9.1424E-01
1.1304E-02  1.2797E+00  9.1581E-01
1.1304E-02  1.2811E+00  9.1723E-01
1.1305E-02  1.2799E+00  9.1608E-01
1.1306E-02  1.2778E+00  9.1395E-01
1.1307E-02  1.2757E+00  9.1184E-01
1.1308E-02  1.2749E+00  9.1101E-01
1.1308E-02  1.2748E+00  9.1099E-01
1.1309E-02  1.2748E+00  9.1097E-01
1.1310E-02  1.2782E+00  9.1437E-01
1.1311E-02  1.2852E+00  9.2139E-01
1.1312E-02  1.2922E+00  9.2841E-01
1.1312E-02  1.2942E+00  9.3031E-01
1.1313E-02  1.2870E+00  9.2315E-01
1.1314E-02  1.2797E+00  9.1582E-01
1.1315E-02  1.2741E+00  9.1021E-01
1.1316E-02  1.2733E+00  9.0949E-01
1.1316E-02  1.2729E+00  9.0908E-01
1.1317E-02  1.2726E+00  9.0874E-01
1.1318E-02  1.2726E+00  9.0872E-01
1.1319E-02  1.2726E+00  9.0874E-01
1.1320E-02  1.2786E+00  9.1490E-01
1.1320E-02  1.3350E+00  9.7198E-01
1.1321E-02  1.4034E+00  1.0404E+00
1.1322E-02  1.4668E+00  1.1033E+00
1.1323E-02  1.4333E+00  1.0702E+00
1.1324E-02  1.3653E+00  1.0023E+00
1.1324E-02  1.2984E+00  9.3520E-01
1.1325E-02  1.2738E+00  9.0990E-01
1.1326E-02  1.2728E+00  9.0896E-01
1.1327E-02  1.2719E+00  9.0803E-01
1.1328E-02  1.2712E+00  9.0737E-01
1.1328E-02  1.2708E+00  9.0699E-01
1.1329E-02  1.2705E+00  9.0661E-01
1.1330E-02  1.2703E+00  9.0647E-01
1.1331E-02  1.2706E+00  9.0674E-01
1.1331E-02  1.2709E+00  9.0702E-01
1.1332E-02  1.2711E+00  9.0727E-01
1.1333E-02  1.2713E+00  9.0746E-01
1.1334E-02  1.2715E+00  9.0765E-01
1.1335E-02  1.2715E+00  9.0761E-01
1.1335E-02  1.2705E+00  9.0666E-01
1.1336E-02  1.2695E+00  9.0561E-01
1.1337E-02  1.2686E+00  9.0470E-01
1.1338E-02  1.2687E+00  9.0481E-01
1.1339E-02  1.2690E+00  9.0512E-01
1.1339E-02  1.2694E+00  9.0559E-01
1.1340E-02  1.2720E+00  9.0817E-01
1.1341E-02  1.2753E+00  9.1140E-01
1.1342E-02  1.2783E+00  9.1449E-01
1.1343E-02  1.2768E+00  9.1292E-01
1.1343E-02  1.2729E+00  9.0908E-01
1.1344E-02  1.2691E+00  9.0525E-01
1.1345E-02  1.2672E+00  9.0337E-01
1.1346E-02  1.2668E+00  9.0298E-01
1.1347E-02  1.2664E+00  9.0260E-01
1.1347E-02  1.2662E+00  9.0231E-01
1.1348E-02  1.2660E+00  9.0215E-01
1.1349E-02  1.2658E+00  9.0199E-01
1.1350E-02  1.2657E+00  9.0186E-01
1.1351E-02  1.2657E+00  9.0180E-01
1.1351E-02  1.2656E+00  9.0175E-01
1.1352E-02  1.2655E+00  9.0163E-01
1.1353E-02  1.2652E+00  9.0136E-01
1.1354E-02  1.2649E+00  9.0107E-01
1.1355E-02  1.2647E+00  9.0080E-01
1.1355E-02  1.2645E+00  9.0062E-01
1.1356E-02  1.2643E+00  9.0045E-01
1.1357E-02  1.2641E+00  9.0028E-01
1.1358E-02  1.2640E+00  9.0013E-01
1.1359E-02  1.2638E+00  8.9997E-01
1.1359E-02  1.2637E+00  8.9982E-01
1.1360E-02  1.2635E+00  8.9969E-01
1.1361E-02  1.2634E+00  8.9955E-01
1.1362E-02  1.2633E+00  8.9942E-01
1.1363E-02  1.2632E+00  8.9930E-01
1.1363E-02  1.2631E+00  8.9920E-01
1.1364E-02  1.2629E+00  8.9909E-01
1.1365E-02  1.2628E+00  8.9892E-01
1.1366E-02  1.2626E+00  8.9870E-01
1.1367E-02  1.2623E+00  8.9847E-01
1.1367E-02  1.2627E+00  8.9888E-01
1.1368E-02  1.2641E+00  9.0020E-01
1.1369E-02  1.2654E+00  9.0153E-01
1.1370E-02  1.2658E+00  9.0195E-01
1.1371E-02  1.2642E+00  9.0038E-01
1.1371E-02  1.2626E+00  8.9874E-01
1.1372E-02  1.2619E+00  8.9803E-01
1.1373E-02  1.2644E+00  9.0051E-01
1.1374E-02  1.2671E+00  9.0324E-01
1.1375E-02  1.2690E+00  9.0517E-01
1.1375E-02  1.2666E+00  9.0277E-01
1.1376E-02  1.2636E+00  8.9974E-01
1.1377E-02  1.2608E+00  8.9695E-01
1.1378E-02  1.2602E+00  8.9630E-01
1.1379E-02  1.2600E+00  8.9616E-01
1.1379E-02  1.2599E+00  8.9604E-01
1.1380E-02  1.2602E+00  8.9634E-01
1.1381E-02  1.2606E+00  8.9678E-01
1.1382E-02  1.2616E+00  8.9772E-01
1.1383E-02  1.2863E+00  9.2269E-01
1.1383E-02  1.3246E+00  9.6098E-01
1.1384E-02  1.3628E+00  9.9919E-01
1.1385E-02  1.3593E+00  9.9575E-01
1.1386E-02  1.3201E+00  9.5655E-01
1.1387E-02  1.2809E+00  9.1736E-01
1.1387E-02  1.2640E+00  9.0013E-01
1.1388E-02  1.2767E+00  9.1283E-01
1.1389E-02  1.2895E+00  9.2571E-01
1.1390E-02  1.3033E+00  9.3946E-01
1.1391E-02  1.3188E+00  9.5504E-01
1.1391E-02  1.3345E+00  9.7066E-01
1.1392E-02  1.3401E+00  9.7628E-01
1.1393E-02  1.3144E+00  9.5070E-01
1.1394E-02  1.2866E+00  9.2288E-01
1.1395E-02  1.2793E+00  9.1590E-01
1.1395E-02  1.3700E+00  1.0081E+00
1.1396E-02  1.4752E+00  1.1132E+00
1.1397E-02  1.5627E+00  1.1993E+00
1.1398E-02  1.5024E+00  1.1399E+00
1.1399E-02  1.4126E+00  1.0501E+00
1.1399E-02  1.3348E+00  9.7156E-01
1.1400E-02  1.4069E+00  1.0457E+00
1.1401E-02  1.5298E+00  1.1684E+00
1.1402E-02  1.6484E+00  1.2858E+00
1.1403E-02  1.6063E+00  1.2445E+00
1.1403E-02  1.4898E+00  1.1282E+00
1.1404E-02  1.3742E+00  1.0123E+00
1.1405E-02  1.3147E+00  9.5096E-01
1.1406E-02  1.2920E+00  9.2821E-01
1.1407E-02  1.2692E+00  9.0546E-01
1.1407E-02  1.2570E+00  8.9311E-01
1.1408E-02  1.2561E+00  8.9220E-01
1.1409E-02  1.2552E+00  8.9129E-01
1.1410E-02  1.2545E+00  8.9065E-01
1.1411E-02  1.2543E+00  8.9044E-01
1.1411E-02  1.2541E+00  8.9024E-01
1.1412E-02  1.2539E+00  8.9004E-01
1.1413E-02  1.2537E+00  8.8986E-01
1.1414E-02  1.2535E+00  8.8969E-01
1.1415E-02  1.2534E+00  8.8952E-01
1.1416E-02  1.2532E+00  8.8937E-01
1.1416E-02  1.2531E+00  8.8923E-01
1.1417E-02  1.2531E+00  8.8928E-01
1.1418E-02  1.2542E+00  8.9037E-01
1.1419E-02  1.2555E+00  8.9163E-01
1.1420E-02  1.2565E+00  8.9267E-01
1.1420E-02  1.2557E+00  8.9185E-01
1.1421E-02  1.2544E+00  8.9058E-01
1.1422E-02  1.2533E+00  8.8943E-01
1.1423E-02  1.2540E+00  8.9011E-01
1.1424E-02  1.2553E+00  8.9143E-01
1.1424E-02  1.2566E+00  8.9275E-01
1.1425E-02  1.2584E+00  8.9453E-01
1.1426E-02  1.2604E+00  8.9655E-01
1.1427E-02  1.2626E+00  8.9871E-01
1.1428E-02  1.2945E+00  9.3118E-01
1.1428E-02  1.3495E+00  9.8622E-01
1.1429E-02  1.4046E+00  1.0412E+00
1.1430E-02  1.4066E+00  1.0433E+00
1.1431E-02  1.3486E+00  9.8541E-01
1.1432E-02  1.2907E+00  9.2744E-01
1.1432E-02  1.2547E+00  8.9083E-01
1.1433E-02  1.2540E+00  8.9012E-01
1.1434E-02  1.2539E+00  8.8999E-01
1.1435E-02  1.2534E+00  8.8951E-01
1.1436E-02  1.2521E+00  8.8820E-01
1.1436E-02  1.2507E+00  8.8684E-01
1.1437E-02  1.2496E+00  8.8575E-01
1.1438E-02  1.2494E+00  8.8556E-01
1.1439E-02  1.2493E+00  8.8546E-01
1.1440E-02  1.2494E+00  8.8553E-01
1.1440E-02  1.2504E+00  8.8653E-01
1.1441E-02  1.2515E+00  8.8765E-01
1.1442E-02  1.2524E+00  8.8856E-01
1.1443E-02  1.2516E+00  8.8773E-01
1.1444E-02  1.2504E+00  8.8653E-01
1.1444E-02  1.2492E+00  8.8537E-01
1.1445E-02  1.2487E+00  8.8479E-01
1.1446E-02  1.2482E+00  8.8439E-01
1.1447E-02  1.2481E+00  8.8420E-01
1.1448E-02  1.2537E+00  8.8986E-01
1.1448E-02  1.2620E+00  8.9815E-01
1.1449E-02  1.2714E+00  9.0757E-01
1.1450E-02  1.3736E+00  1.0150E+00
1.1451E-02  1.5447E+00  1.1856E+00
1.1452E-02  1.7158E+00  1.3560E+00
1.1453E-02  1.7057E+00  1.3465E+00
1.1453E-02  1.5259E+00  1.1673E+00
1.1454E-02  1.3461E+00  9.8817E-01
1.1455E-02  1.2544E+00  8.9063E-01
1.1456E-02  1.2706E+00  9.0677E-01
1.1457E-02  1.2875E+00  9.2365E-01
1.1457E-02  1.2936E+00  9.2978E-01
1.1458E-02  1.2784E+00  9.1455E-01
1.1459E-02  1.2625E+00  8.9873E-01
1.1460E-02  1.2503E+00  8.8648E-01
1.1461E-02  1.2481E+00  8.8425E-01
1.1461E-02  1.2465E+00  8.8261E-01
1.1462E-02  1.2452E+00  8.8137E-01
1.1463E-02  1.2456E+00  8.8174E-01
1.1464E-02  1.2461E+00  8.8227E-01
1.1465E-02  1.2465E+00  8.8264E-01
1.1465E-02  1.2459E+00  8.8203E-01
1.1466E-02  1.2451E+00  8.8126E-01
1.1467E-02  1.2444E+00  8.8056E-01
1.1468E-02  1.2444E+00  8.8050E-01
1.1469E-02  1.2444E+00  8.8058E-01
1.1469E-02  1.2454E+00  8.8150E-01
1.1470E-02  1.2586E+00  8.9484E-01
1.1471E-02  1.2761E+00  9.1229E-01
1.1472E-02  1.2928E+00  9.2895E-01
1.1473E-02  1.2864E+00  9.2261E-01
1.1473E-02  1.2694E+00  9.0564E-01
1.1474E-02  1.2526E+00  8.8879E-01
1.1475E-02  1.2463E+00  8.8241E-01
1.1476E-02  1.2467E+00  8.8281E-01
1.1477E-02  1.2471E+00  8.8320E-01
1.1478E-02  1.2465E+00  8.8260E-01
1.1478E-02  1.2449E+00  8.8108E-01
1.1479E-02  1.2434E+00  8.7956E-01
1.1480E-02  1.2424E+00  8.7857E-01
1.1481E-02  1.2421E+00  8.7828E-01
1.1482E-02  1.2419E+00  8.7799E-01
1.1482E-02  1.2416E+00  8.7772E-01
1.1483E-02  1.2414E+00  8.7750E-01
1.1484E-02  1.2411E+00  8.7728E-01
1.1485E-02  1.2410E+00  8.7714E-01
1.1486E-02  1.2410E+00  8.7716E-01
1.1486E-02  1.2411E+00  8.7720E-01
1.1487E-02  1.2414E+00  8.7750E-01
1.1488E-02  1.2426E+00  8.7872E-01
1.1489E-02  1.2439E+00  8.8002E-01
1.1490E-02  1.2698E+00  9.0733E-01
1.1490E-02  1.4225E+00  1.0639E+00
1.1491E-02  1.5973E+00  1.2381E+00
1.1492E-02  1.7445E+00  1.3816E+00
1.1493E-02  1.6661E+00  1.3044E+00
1.1494E-02  1.5451E+00  1.1836E+00
1.1494E-02  1.4307E+00  1.0679E+00
1.1495E-02  1.3720E+00  1.0085E+00
1.1496E-02  1.3282E+00  9.6467E-01
1.1497E-02  1.2860E+00  9.2228E-01
1.1498E-02  1.2702E+00  9.0632E-01
1.1499E-02  1.2642E+00  9.0035E-01
1.1499E-02  1.2583E+00  8.9448E-01
1.1500E-02  1.2565E+00  8.9262E-01
1.1501E-02  1.2567E+00  8.9281E-01
1.1502E-02  1.2569E+00  8.9299E-01
1.1503E-02  1.2534E+00  8.8952E-01
1.1503E-02  1.2474E+00  8.8349E-01
1.1504E-02  1.2413E+00  8.7747E-01
1.1505E-02  1.2384E+00  8.7455E-01
1.1506E-02  1.2385E+00  8.7467E-01
1.1507E-02  1.2387E+00  8.7480E-01
1.1507E-02  1.2398E+00  8.7597E-01
1.1508E-02  1.2424E+00  8.7858E-01
1.1509E-02  1.2451E+00  8.8119E-01
1.1510E-02  1.2659E+00  9.0246E-01
1.1511E-02  1.3219E+00  9.5868E-01
1.1511E-02  1.3790E+00  1.0157E+00
1.1512E-02  1.8012E+00  1.7575E+00
1.1513E-02  4.2336E+00  4.2239E+00
1.1514E-02  6.9093E+00  6.7730E+00
1.1515E-02  8.5201E+00  8.2242E+00
1.1516E-02  6.0639E+00  5.9607E+00
1.1516E-02  3.3186E+00  3.3933E+00
1.1517E-02  1.5223E+00  1.2494E+00
1.1518E-02  1.4147E+00  1.0512E+00
1.1519E-02  1.4588E+00  1.0953E+00
1.1520E-02  1.4876E+00  1.1239E+00
1.1520E-02  1.4168E+00  1.0543E+00
1.1521E-02  1.3297E+00  9.6722E-01
1.1522E-02  1.2505E+00  8.8713E-01
1.1523E-02  1.2351E+00  8.7125E-01
1.1524E-02  1.2349E+00  8.7101E-01
1.1524E-02  1.2346E+00  8.7077E-01
1.1525E-02  1.2345E+00  8.7065E-01
1.1526E-02  1.2344E+00  8.7057E-01
1.1527E-02  1.2344E+00  8.7051E-01
1.1528E-02  1.2347E+00  8.7085E-01
1.1529E-02  1.2352E+00  8.7136E-01
1.1529E-02  1.2357E+00  8.7187E-01
1.1530E-02  1.2355E+00  8.7167E-01
1.1531E-02  1.2350E+00  8.7108E-01
1.1532E-02  1.2344E+00  8.7052E-01
1.1533E-02  1.2399E+00  8.7600E-01
1.1533E-02  1.2500E+00  8.8613E-01
1.1534E-02  1.2601E+00  8.9626E-01
1.1535E-02  1.2618E+00  8.9794E-01
1.1536E-02  1.2546E+00  8.9078E-01
1.1537E-02  1.2475E+00  8.8362E-01
1.1537E-02  1.2420E+00  8.7818E-01
1.1538E-02  1.2390E+00  8.7515E-01
1.1539E-02  1.2360E+00  8.7215E-01
1.1540E-02  1.2339E+00  8.6998E-01
1.1541E-02  1.2333E+00  8.6938E-01
1.1541E-02  1.2327E+00  8.6882E-01
1.1542E-02  1.2322E+00  8.6835E-01
1.1543E-02  1.2320E+00  8.6810E-01
1.1544E-02  1.2317E+00  8.6785E-01
1.1545E-02  1.2315E+00  8.6763E-01
1.1546E-02  1.2314E+00  8.6752E-01
1.1546E-02  1.2313E+00  8.6742E-01
1.1547E-02  1.2314E+00  8.6753E-01
1.1548E-02  1.2324E+00  8.6856E-01
1.1549E-02  1.2336E+00  8.6969E-01
1.1550E-02  1.2676E+00  9.0654E-01
1.1550E-02  1.4960E+00  1.1441E+00
1.1551E-02  1.7667E+00  1.4129E+00
1.1552E-02  1.9909E+00  1.6295E+00
1.1553E-02  1.7973E+00  1.4435E+00
1.1554E-02  1.5252E+00  1.1732E+00
1.1554E-02  1.2800E+00  9.2092E-01
1.1555E-02  1.2307E+00  8.6684E-01
1.1556E-02  1.2313E+00  8.6743E-01
1.1557E-02  1.2320E+00  8.6816E-01
1.1558E-02  1.2351E+00  8.7125E-01
1.1559E-02  1.2391E+00  8.7519E-01
1.1559E-02  1.2428E+00  8.7892E-01
1.1560E-02  1.2406E+00  8.7673E-01
1.1561E-02  1.2357E+00  8.7180E-01
1.1562E-02  1.2308E+00  8.6693E-01
1.1563E-02  1.2289E+00  8.6504E-01
1.1563E-02  1.2288E+00  8.6491E-01
1.1564E-02  1.2287E+00  8.6479E-01
1.1565E-02  1.2286E+00  8.6468E-01
1.1566E-02  1.2285E+00  8.6460E-01
1.1567E-02  1.2284E+00  8.6451E-01
1.1567E-02  1.2283E+00  8.6440E-01
1.1568E-02  1.2281E+00  8.6428E-01
1.1569E-02  1.2280E+00  8.6415E-01
1.1570E-02  1.2279E+00  8.6403E-01
1.1571E-02  1.2278E+00  8.6392E-01
1.1572E-02  1.2277E+00  8.6381E-01
1.1572E-02  1.2276E+00  8.6374E-01
1.1573E-02  1.2276E+00  8.6373E-01
1.1574E-02  1.2276E+00  8.6373E-01
1.1575E-02  1.2279E+00  8.6401E-01
1.1576E-02  1.2288E+00  8.6491E-01
1.1576E-02  1.2297E+00  8.6584E-01
1.1577E-02  1.2367E+00  8.7286E-01
1.1578E-02  1.2605E+00  8.9675E-01
1.1579E-02  1.2854E+00  9.2162E-01
1.1580E-02  1.3215E+00  9.5816E-01
1.1581E-02  1.3984E+00  1.0357E+00
1.1581E-02  1.4794E+00  1.1167E+00
1.1582E-02  1.5298E+00  1.1664E+00
1.1583E-02  1.4379E+00  1.0760E+00
1.1584E-02  1.3304E+00  9.6874E-01
1.1585E-02  1.2388E+00  8.7534E-01
1.1585E-02  1.2261E+00  8.6221E-01
1.1586E-02  1.2259E+00  8.6200E-01
1.1587E-02  1.2276E+00  8.6370E-01
1.1588E-02  1.2438E+00  8.8002E-01
1.1589E-02  1.2632E+00  8.9938E-01
1.1589E-02  1.2812E+00  9.1737E-01
1.1590E-02  1.2850E+00  9.2112E-01
1.1591E-02  1.2850E+00  9.2109E-01
1.1592E-02  1.2840E+00  9.2010E-01
1.1593E-02  1.2689E+00  9.0508E-01
1.1594E-02  1.2492E+00  8.8537E-01
1.1594E-02  1.2301E+00  8.6625E-01
1.1595E-02  1.2245E+00  8.6067E-01
1.1596E-02  1.2246E+00  8.6073E-01
1.1597E-02  1.2251E+00  8.6118E-01
1.1598E-02  1.2412E+00  8.7740E-01
1.1598E-02  1.2655E+00  9.0179E-01
1.1599E-02  1.2896E+00  9.2584E-01
1.1600E-02  1.2841E+00  9.2036E-01
1.1601E-02  1.2595E+00  8.9576E-01
1.1602E-02  1.2350E+00  8.7121E-01
1.1603E-02  1.2239E+00  8.6003E-01
1.1603E-02  1.2236E+00  8.5973E-01
1.1604E-02  1.2233E+00  8.5942E-01
1.1605E-02  1.2234E+00  8.5955E-01
1.1606E-02  1.2240E+00  8.6012E-01
1.1607E-02  1.2246E+00  8.6069E-01
1.1607E-02  1.2246E+00  8.6070E-01
1.1608E-02  1.2238E+00  8.5998E-01
1.1609E-02  1.2231E+00  8.5925E-01
1.1610E-02  1.2226E+00  8.5876E-01
1.1611E-02  1.2225E+00  8.5866E-01
1.1612E-02  1.2224E+00  8.5856E-01
1.1612E-02  1.2288E+00  8.6494E-01
1.1613E-02  1.2481E+00  8.8432E-01
1.1614E-02  1.2679E+00  9.0405E-01
1.1615E-02  1.2783E+00  9.1445E-01
1.1616E-02  1.2657E+00  9.0189E-01
1.1616E-02  1.2521E+00  8.8826E-01
1.1617E-02  1.2578E+00  8.9435E-01
1.1618E-02  1.3227E+00  9.5975E-01
1.1619E-02  1.3922E+00  1.0291E+00
1.1620E-02  1.4344E+00  1.0708E+00
1.1621E-02  1.3734E+00  1.0104E+00
1.1621E-02  1.3034E+00  9.4051E-01
1.1622E-02  1.2449E+00  8.8118E-01
1.1623E-02  1.2337E+00  8.6979E-01
1.1624E-02  1.2281E+00  8.6427E-01
1.1625E-02  1.2236E+00  8.5977E-01
1.1625E-02  1.2249E+00  8.6098E-01
1.1626E-02  1.2270E+00  8.6309E-01
1.1627E-02  1.2292E+00  8.6536E-01
1.1628E-02  1.2327E+00  8.6882E-01
1.1629E-02  1.2364E+00  8.7251E-01
1.1630E-02  1.2393E+00  8.7539E-01
1.1630E-02  1.2348E+00  8.7088E-01
1.1631E-02  1.2285E+00  8.6460E-01
1.1632E-02  1.2226E+00  8.5868E-01
1.1633E-02  1.2210E+00  8.5714E-01
1.1634E-02  1.2208E+00  8.5688E-01
1.1634E-02  1.2205E+00  8.5664E-01
1.1635E-02  1.2207E+00  8.5678E-01
1.1636E-02  1.2209E+00  8.5705E-01
1.1637E-02  1.2244E+00  8.6058E-01
1.1638E-02  1.3028E+00  9.4138E-01
1.1639E-02  1.4165E+00  1.0549E+00
1.1639E-02  1.5294E+00  1.1669E+00
1.1640E-02  1.5895E+00  1.2258E+00
1.1641E-02  1.6214E+00  1.2577E+00
1.1642E-02  1.6518E+00  1.2881E+00
1.1643E-02  1.5756E+00  1.2147E+00
1.1643E-02  1.4388E+00  1.0782E+00
1.1644E-02  1.3031E+00  9.4216E-01
1.1645E-02  1.2478E+00  8.8395E-01
1.1646E-02  1.2465E+00  8.8265E-01
1.1647E-02  1.2452E+00  8.8134E-01
1.1648E-02  1.2410E+00  8.7709E-01
1.1648E-02  1.2341E+00  8.7022E-01
1.1649E-02  1.2272E+00  8.6336E-01
1.1650E-02  1.2235E+00  8.5965E-01
1.1651E-02  1.2232E+00  8.5934E-01
1.1652E-02  1.2229E+00  8.5903E-01
1.1652E-02  1.2221E+00  8.5826E-01
1.1653E-02  1.2208E+00  8.5689E-01
1.1654E-02  1.2194E+00  8.5552E-01
1.1655E-02  1.2185E+00  8.5466E-01
1.1656E-02  1.2185E+00  8.5461E-01
1.1657E-02  1.2185E+00  8.5457E-01
1.1657E-02  1.2184E+00  8.5452E-01
1.1658E-02  1.2183E+00  8.5445E-01
1.1659E-02  1.2183E+00  8.5438E-01
1.1660E-02  1.2186E+00  8.5471E-01
1.1661E-02  1.2198E+00  8.5593E-01
1.1661E-02  1.2210E+00  8.5717E-01
1.1662E-02  1.2221E+00  8.5824E-01
1.1663E-02  1.2228E+00  8.5887E-01
1.1664E-02  1.2234E+00  8.5949E-01
1.1665E-02  1.2235E+00  8.5958E-01
1.1666E-02  1.2220E+00  8.5808E-01
1.1666E-02  1.2204E+00  8.5647E-01
1.1667E-02  1.2234E+00  8.5960E-01
1.1668E-02  1.2431E+00  8.7928E-01
1.1669E-02  1.2642E+00  9.0040E-01
1.1670E-02  1.2787E+00  9.1482E-01
1.1670E-02  1.2655E+00  9.0171E-01
1.1671E-02  1.2495E+00  8.8563E-01
1.1672E-02  1.2353E+00  8.7140E-01
1.1673E-02  1.2300E+00  8.6616E-01
1.1674E-02  1.2260E+00  8.6211E-01
1.1675E-02  1.2223E+00  8.5842E-01
1.1675E-02  1.2206E+00  8.5676E-01
1.1676E-02  1.2193E+00  8.5542E-01
1.1677E-02  1.3039E+00  9.6572E-01
1.1678E-02  2.0868E+00  1.8408E+00
1.1679E-02  3.1437E+00  2.8604E+00
1.1680E-02  4.0419E+00  3.6956E+00
1.1680E-02  3.2993E+00  3.0126E+00
1.1681E-02  2.2459E+00  1.9924E+00
1.1682E-02  1.3599E+00  1.0472E+00
1.1683E-02  1.2171E+00  8.5318E-01
1.1684E-02  1.2174E+00  8.5347E-01
1.1684E-02  1.2186E+00  8.5475E-01
1.1685E-02  1.2322E+00  8.6842E-01
1.1686E-02  1.2496E+00  8.8580E-01
1.1687E-02  1.2654E+00  9.0158E-01
1.1688E-02  1.2561E+00  8.9230E-01
1.1689E-02  1.2382E+00  8.7439E-01
1.1689E-02  1.2209E+00  8.5709E-01
1.1690E-02  1.2159E+00  8.5197E-01
1.1691E-02  1.2155E+00  8.5167E-01
1.1692E-02  1.2153E+00  8.5137E-01
1.1693E-02  1.2151E+00  8.5125E-01
1.1694E-02  1.2151E+00  8.5120E-01
1.1694E-02  1.2150E+00  8.5115E-01
1.1695E-02  1.2150E+00  8.5110E-01
1.1696E-02  1.2149E+00  8.5104E-01
1.1697E-02  1.2149E+00  8.5102E-01
1.1698E-02  1.2172E+00  8.5332E-01
1.1698E-02  1.2209E+00  8.5699E-01
1.1699E-02  1.2248E+00  8.6093E-01
1.1700E-02  1.2570E+00  8.9363E-01
1.1701E-02  1.3090E+00  9.4563E-01
1.1702E-02  1.3608E+00  9.9736E-01
1.1703E-02  1.3515E+00  9.8824E-01
1.1703E-02  1.2958E+00  9.3250E-01
1.1704E-02  1.2401E+00  8.7684E-01
1.1705E-02  1.2299E+00  8.6618E-01
1.1706E-02  1.2588E+00  8.9504E-01
1.1707E-02  1.2876E+00  9.2389E-01
1.1707E-02  1.2885E+00  9.2473E-01
1.1708E-02  1.2611E+00  8.9733E-01
1.1709E-02  1.2337E+00  8.6995E-01
1.1710E-02  1.2185E+00  8.5461E-01
1.1711E-02  1.2171E+00  8.5319E-01
1.1712E-02  1.2157E+00  8.5179E-01
1.1712E-02  1.2149E+00  8.5098E-01
1.1713E-02  1.2148E+00  8.5094E-01
1.1714E-02  1.2148E+00  8.5091E-01
1.1715E-02  1.2149E+00  8.5097E-01
1.1716E-02  1.2151E+00  8.5118E-01
1.1717E-02  1.2153E+00  8.5139E-01
1.1717E-02  1.2170E+00  8.5310E-01
1.1718E-02  1.2212E+00  8.5734E-01
1.1719E-02  1.2255E+00  8.6161E-01
1.1720E-02  1.2279E+00  8.6404E-01
1.1721E-02  1.2269E+00  8.6307E-01
1.1722E-02  1.2259E+00  8.6201E-01
1.1722E-02  1.2545E+00  8.9174E-01
1.1723E-02  1.3476E+00  9.8537E-01
1.1724E-02  1.4433E+00  1.0810E+00
1.1725E-02  1.4860E+00  1.1228E+00
1.1726E-02  1.4033E+00  1.0407E+00
1.1726E-02  1.3161E+00  9.5369E-01
1.1727E-02  1.2521E+00  8.8827E-01
1.1728E-02  1.2419E+00  8.7807E-01
1.1729E-02  1.2345E+00  8.7064E-01
1.1730E-02  1.2282E+00  8.6431E-01
1.1731E-02  1.2250E+00  8.6112E-01
1.1731E-02  1.2220E+00  8.5812E-01
1.1732E-02  1.2194E+00  8.5550E-01
1.1733E-02  1.2180E+00  8.5407E-01