STATE   1.88279471798386585E+04   1.93159195730615439E-09   1.04453475292583038E+15
ION    1    0   3.68015632264882507E+11   1.57751134614108821E+01   5.80548835455138477E+12
ION    1    1   1.01271959858157775E+15   1.00000000000000000E+00   1.01271959858157775E+15
ION    1    2   0.00000000000000000E+00   0.00000000000000000E+00   0.00000000000000000E+00
ION    1    3   0.00000000000000000E+00   0.00000000000000000E+00   0.00000000000000000E+00
ION    1    4   0.00000000000000000E+00   0.00000000000000000E+00   0.00000000000000000E+00
ION    1    5   0.00000000000000000E+00   0.00000000000000000E+00   0.00000000000000000E+00
ION    1    6   0.00000000000000000E+00   0.00000000000000000E+00   0.00000000000000000E+00
ION    1    7   0.00000000000000000E+00   0.00000000000000000E+00   0.00000000000000000E+00
ION    1    8   0.00000000000000000E+00   0.00000000000000000E+00   0.00000000000000000E+00
ION    2    0   4.18748394523233984E+12   1.03164758763282949E+00   4.32000771035014697E+12
ION    2    1   1.32141699347399199E+13   2.00000000050971183E+00   2.64283398762152578E+13
ION    2    2   4.36091735399897443E+05   1.00000000000000000E+00   4.36091735399897443E+05
ION    2    3   0.00000000000000000E+00   0.00000000000000000E+00   0.00000000000000000E+00
ION    2    4   0.00000000000000000E+00   0.00000000000000000E+00   0.00000000000000000E+00
ION    2    5   0.00000000000000000E+00   0.00000000000000000E+00   0.00000000000000000E+00
ION    2    6   0.00000000000000000E+00   0.00000000000000000E+00   0.00000000000000000E+00
ION    2    7   0.00000000000000000E+00   0.00000000000000000E+00   0.00000000000000000E+00
ION    2    8   0.00000000000000000E+00   0.00000000000000000E+00   0.00000000000000000E+00
ION    3    0   0.00000000000000000E+00   0.00000000000000000E+00   0.00000000000000000E+00
ION    3    1   0.00000000000000000E+00   0.00000000000000000E+00   0.00000000000000000E+00
ION    3    2   0.00000000000000000E+00   0.00000000000000000E+00   0.00000000000000000E+00
ION    3    3   0.00000000000000000E+00   0.00000000000000000E+00   0.00000000000000000E+00
ION    3    4   0.00000000000000000E+00   0.00000000000000000E+00   0.00000000000000000E+00
ION    3    5   0.00000000000000000E+00   0.00000000000000000E+00   0.00000000000000000E+00
ION    3    6   0.00000000000000000E+00   0.00000000000000000E+00   0.00000000000000000E+00
ION    3    7   0.00000000000000000E+00   0.00000000000000000E+00   0.00000000000000000E+00
ION    3    8   0.00000000000000000E+00   0.00000000000000000E+00   0.00000000000000000E+00
ION    4    0   0.00000000000000000E+00   0.00000000000000000E+00   0.00000000000000000E+00
ION    4    1   0.00000000000000000E+00   0.00000000000000000E+00   0.00000000000000000E+00
ION    4    2   0.00000000000000000E+00   0.00000000000000000E+00   0.00000000000000000E+00
ION    4    3   0.00000000000000000E+00   0.00000000000000000E+00   0.00000000000000000E+00
ION    4    4   0.00000000000000000E+00   0.00000000000000000E+00   0.00000000000000000E+00
ION    4    5   0.00000000000000000E+00   0.00000000000000000E+00   0.00000000000000000E+00
ION    4    6   0.00000000000000000E+00   0.00000000000000000E+00   0.00000000000000000E+00
ION    4    7   0.00000000000000000E+00   0.00000000000000000E+00   0.00000000000000000E+00
ION    4    8   0.00000000000000000E+00   0.00000000000000000E+00   0.00000000000000000E+00
ION    5    0   0.00000000000000000E+00   0.00000000000000000E+00   0.00000000000000000E+00
ION    5    1   0.00000000000000000E+00   0.00000000000000000E+00   0.00000000000000000E+00
ION    5    2   0.00000000000000000E+00   0.00000000000000000E+00   0.00000000000000000E+00
ION    5    3   0.00000000000000000E+00   0.00000000000000000E+00   0.00000000000000000E+00
ION    5    4   0.00000000000000000E+00   0.00000000000000000E+00   0.00000000000000000E+00
ION    5    5   0.00000000000000000E+00   0.00000000000000000E+00   0.00000000000000000E+00
ION    5    6   0.00000000000000000E+00   0.00000000000000000E+00   0.00000000000000000E+00
ION    5    7   0.00000000000000000E+00   0.00000000000000000E+00   0.00000000000000000E+00
ION    5    8   0.00000000000000000E+00   0.00000000000000000E+00   0.00000000000000000E+00
ION    6    0   2.05482400128677800E+04   3.62259312153820417E+02   7.44379129303309228E+06
ION    6    1   2.37889306062663317E+08   6.52306531404147005E+00   1.55176748095875430E+09
ION    6    2   8.54935215147274137E+08   1.16247741925642156E+00   9.93842882535836816E+08
ION    6    3   1.59196829460981712E+03   2.04320780044114736E+00   3.25272203760176899E+03
ION    6    4   1.06412056364194116E-07   1.00000000000000000E+00   1.06412056364194116E-07
ION    6    5   0.00000000000000000E+00   0.00000000000000000E+00   0.00000000000000000E+00
ION    6    6   0.00000000000000000E+00   0.00000000000000000E+00   0.00000000000000000E+00
ION    6    7   0.00000000000000000E+00   0.00000000000000000E+00   0.00000000000000000E+00
ION    6    8   0.00000000000000000E+00   0.00000000000000000E+00   0.00000000000000000E+00
ION    7    0   6.35648704498074763E+06   8.88834507983112871E+01   5.64986503512649417E+08
ION    7    1   9.82999667155818176E+09   1.08255608578504070E+01   1.06415227200420029E+11
ION    7    2   1.41772135100334692E+09   6.10172185106307285E+00   8.65054134613578224E+09
ION    7    3   3.45810921765808234E+03   1.04862612629183416E+00   3.62626367320687996E+03
ION    7    4   7.77912255791386279E-11   2.01263743021067087E+00   1.56565532342536178E-10
ION    7    5   0.00000000000000000E+00   0.00000000000000000E+00   0.00000000000000000E+00
ION    7    6   0.00000000000000000E+00   0.00000000000000000E+00   0.00000000000000000E+00
ION    7    7   0.00000000000000000E+00   0.00000000000000000E+00   0.00000000000000000E+00
ION    7    8   0.00000000000000000E+00   0.00000000000000000E+00   0.00000000000000000E+00
ION    8    0   5.68692039989686944E+06   8.63894490026790862E+01   4.91289919869185984E+08
ION    8    1   1.54672832767004089E+10   5.56262755158768307E+00   8.60387361031851044E+10
ION    8    2   7.45006567671243846E+07   1.00064642043564316E+01   7.45488155141274929E+08
ION    8    3   1.83006194244836706E+00   5.93533641424648994E+00   1.08620332873404575E+01
ION    8    4   4.26135854837037137E-14   1.01401123156480644E+00   4.32106542977225635E-14
ION    8    5   0.00000000000000000E+00   0.00000000000000000E+00   0.00000000000000000E+00
ION    8    6   0.00000000000000000E+00   0.00000000000000000E+00   0.00000000000000000E+00
ION    8    7   0.00000000000000000E+00   0.00000000000000000E+00   0.00000000000000000E+00
ION    8    8   0.00000000000000000E+00   0.00000000000000000E+00   0.00000000000000000E+00
ION    9    0   1.01530740604701782E+03   1.90481767254862149E+01   1.93397549010785879E+04
ION    9    1   2.64761750432205154E+05   9.93590391933410011E+00   2.63064731380910426E+06
ION    9    2   1.37995765109203990E+03   4.85840763409625520E+00   6.70439678679510325E+03
ION    9    3   2.83742625023465689E-07   9.48179680618993537E+00   2.69038991572744550E-06
ION    9    4   0.00000000000000000E+00   0.00000000000000000E+00   0.00000000000000000E+00
ION    9    5   0.00000000000000000E+00   0.00000000000000000E+00   0.00000000000000000E+00
ION    9    6   0.00000000000000000E+00   0.00000000000000000E+00   0.00000000000000000E+00
ION    9    7   0.00000000000000000E+00   0.00000000000000000E+00   0.00000000000000000E+00
ION    9    8   0.00000000000000000E+00   0.00000000000000000E+00   0.00000000000000000E+00
ION   10    0   1.92558492774741054E+08   1.59977076816477592E+00   3.08049447902898967E+08
ION   10    1   3.91138288702768087E+09   5.88459658702500832E+00   2.30169103875511131E+10
ION   10    2   4.77672195399056713E+05   9.49225986931780774E+00   4.53418861107540037E+06
ION   10    3   5.80209028180144972E-05   4.48745790940438294E+00   2.60366359261482211E-04
ION   10    4   0.00000000000000000E+00   0.00000000000000000E+00   0.00000000000000000E+00
ION   10    5   0.00000000000000000E+00   0.00000000000000000E+00   0.00000000000000000E+00
ION   10    6   0.00000000000000000E+00   0.00000000000000000E+00   0.00000000000000000E+00
ION   10    7   0.00000000000000000E+00   0.00000000000000000E+00   0.00000000000000000E+00
ION   10    8   0.00000000000000000E+00   0.00000000000000000E+00   0.00000000000000000E+00
ION   11    0   0.00000000000000000E+00   0.00000000000000000E+00   0.00000000000000000E+00
ION   11    1   0.00000000000000000E+00   0.00000000000000000E+00   0.00000000000000000E+00
ION   11    2   0.00000000000000000E+00   0.00000000000000000E+00   0.00000000000000000E+00
ION   11    3   0.00000000000000000E+00   0.00000000000000000E+00   0.00000000000000000E+00
ION   11    4   0.00000000000000000E+00   0.00000000000000000E+00   0.00000000000000000E+00
ION   11    5   0.00000000000000000E+00   0.00000000000000000E+00   0.00000000000000000E+00
ION   11    6   0.00000000000000000E+00   0.00000000000000000E+00   0.00000000000000000E+00
ION   11    7   0.00000000000000000E+00   0.00000000000000000E+00   0.00000000000000000E+00
ION   11    8   0.00000000000000000E+00   0.00000000000000000E+00   0.00000000000000000E+00
ION   12    0   3.51316465117214648E+02   1.08386412867424588E+03   3.80779314353185939E+05
ION   12    1   3.74084921171027198E+07   1.86320241959894268E+01   6.96995930261337638E+08
ION   12    2   4.26900370954011307E+10   1.00000000000002398E+00   4.26900370954021530E+10
ION   12    3   1.84429559161835844E-04   5.68769748301559019E+00   1.04897953943844857E-03
ION   12    4   0.00000000000000000E+00   0.00000000000000000E+00   0.00000000000000000E+00
ION   12    5   0.00000000000000000E+00   0.00000000000000000E+00   0.00000000000000000E+00
ION   12    6   0.00000000000000000E+00   0.00000000000000000E+00   0.00000000000000000E+00
ION   12    7   0.00000000000000000E+00   0.00000000000000000E+00   0.00000000000000000E+00
ION   12    8   0.00000000000000000E+00   0.00000000000000000E+00   0.00000000000000000E+00
ION   13    0   0.00000000000000000E+00   0.00000000000000000E+00   0.00000000000000000E+00
ION   13    1   0.00000000000000000E+00   0.00000000000000000E+00   0.00000000000000000E+00
ION   13    2   0.00000000000000000E+00   0.00000000000000000E+00   0.00000000000000000E+00
ION   13    3   0.00000000000000000E+00   0.00000000000000000E+00   0.00000000000000000E+00
ION   13    4   0.00000000000000000E+00   0.00000000000000000E+00   0.00000000000000000E+00
ION   13    5   0.00000000000000000E+00   0.00000000000000000E+00   0.00000000000000000E+00
ION   13    6   0.00000000000000000E+00   0.00000000000000000E+00   0.00000000000000000E+00
ION   13    7   0.00000000000000000E+00   0.00000000000000000E+00   0.00000000000000000E+00
ION   13    8   0.00000000000000000E+00   0.00000000000000000E+00   0.00000000000000000E+00
ION   14    0   0.00000000000000000E+00   0.00000000000000000E+00   0.00000000000000000E+00
ION   14    1   0.00000000000000000E+00   0.00000000000000000E+00   0.00000000000000000E+00
ION   14    2   0.00000000000000000E+00   0.00000000000000000E+00   0.00000000000000000E+00
ION   14    3   0.00000000000000000E+00   0.00000000000000000E+00   0.00000000000000000E+00
ION   14    4   0.00000000000000000E+00   0.00000000000000000E+00   0.00000000000000000E+00
ION   14    5   0.00000000000000000E+00   0.00000000000000000E+00   0.00000000000000000E+00
ION   14    6   0.00000000000000000E+00   0.00000000000000000E+00   0.00000000000000000E+00
ION   14    7   0.00000000000000000E+00   0.00000000000000000E+00   0.00000000000000000E+00
ION   14    8   0.00000000000000000E+00   0.00000000000000000E+00   0.00000000000000000E+00
ION   15    0   0.00000000000000000E+00   0.00000000000000000E+00   0.00000000000000000E+00
ION   15    1   0.00000000000000000E+00   0.00000000000000000E+00   0.00000000000000000E+00
ION   15    2   0.00000000000000000E+00   0.00000000000000000E+00   0.00000000000000000E+00
ION   15    3   0.00000000000000000E+00   0.00000000000000000E+00   0.00000000000000000E+00
ION   15    4   0.00000000000000000E+00   0.00000000000000000E+00   0.00000000000000000E+00
ION   15    5   0.00000000000000000E+00   0.00000000000000000E+00   0.00000000000000000E+00
ION   15    6   0.00000000000000000E+00   0.00000000000000000E+00   0.00000000000000000E+00
ION   15    7   0.00000000000000000E+00   0.00000000000000000E+00   0.00000000000000000E+00
ION   15    8   0.00000000000000000E+00   0.00000000000000000E+00   0.00000000000000000E+00
ION   16    0   0.00000000000000000E+00   0.00000000000000000E+00   0.00000000000000000E+00
ION   16    1   0.00000000000000000E+00   0.00000000000000000E+00   0.00000000000000000E+00
ION   16    2   0.00000000000000000E+00   0.00000000000000000E+00   0.00000000000000000E+00
ION   16    3   0.00000000000000000E+00   0.00000000000000000E+00   0.00000000000000000E+00
ION   16    4   0.00000000000000000E+00   0.00000000000000000E+00   0.00000000000000000E+00
ION   16    5   0.00000000000000000E+00   0.00000000000000000E+00   0.00000000000000000E+00
ION   16    6   0.00000000000000000E+00   0.00000000000000000E+00   0.00000000000000000E+00
ION   16    7   0.00000000000000000E+00   0.00000000000000000E+00   0.00000000000000000E+00
ION   16    8   0.00000000000000000E+00   0.00000000000000000E+00   0.00000000000000000E+00
ION   17    0   0.00000000000000000E+00   0.00000000000000000E+00   0.00000000000000000E+00
ION   17    1   0.00000000000000000E+00   0.00000000000000000E+00   0.00000000000000000E+00
ION   17    2   0.00000000000000000E+00   0.00000000000000000E+00   0.00000000000000000E+00
ION   17    3   0.00000000000000000E+00   0.00000000000000000E+00   0.00000000000000000E+00
ION   17    4   0.00000000000000000E+00   0.00000000000000000E+00   0.00000000000000000E+00
ION   17    5   0.00000000000000000E+00   0.00000000000000000E+00   0.00000000000000000E+00
ION   17    6   0.00000000000000000E+00   0.00000000000000000E+00   0.00000000000000000E+00
ION   17    7   0.00000000000000000E+00   0.00000000000000000E+00   0.00000000000000000E+00
ION   17    8   0.00000000000000000E+00   0.00000000000000000E+00   0.00000000000000000E+00
ION   18    0   0.00000000000000000E+00   0.00000000000000000E+00   0.00000000000000000E+00
ION   18    1   0.00000000000000000E+00   0.00000000000000000E+00   0.00000000000000000E+00
ION   18    2   0.00000000000000000E+00   0.00000000000000000E+00   0.00000000000000000E+00
ION   18    3   0.00000000000000000E+00   0.00000000000000000E+00   0.00000000000000000E+00
ION   18    4   0.00000000000000000E+00   0.00000000000000000E+00   0.00000000000000000E+00
ION   18    5   0.00000000000000000E+00   0.00000000000000000E+00   0.00000000000000000E+00
ION   18    6   0.00000000000000000E+00   0.00000000000000000E+00   0.00000000000000000E+00
ION   18    7   0.00000000000000000E+00   0.00000000000000000E+00   0.00000000000000000E+00
ION   18    8   0.00000000000000000E+00   0.00000000000000000E+00   0.00000000000000000E+00
ION   19    0   0.00000000000000000E+00   0.00000000000000000E+00   0.00000000000000000E+00
ION   19    1   0.00000000000000000E+00   0.00000000000000000E+00   0.00000000000000000E+00
ION   19    2   0.00000000000000000E+00   0.00000000000000000E+00   0.00000000000000000E+00
ION   19    3   0.00000000000000000E+00   0.00000000000000000E+00   0.00000000000000000E+00
ION   19    4   0.00000000000000000E+00   0.00000000000000000E+00   0.00000000000000000E+00
ION   19    5   0.00000000000000000E+00   0.00000000000000000E+00   0.00000000000000000E+00
ION   19    6   0.00000000000000000E+00   0.00000000000000000E+00   0.00000000000000000E+00
ION   19    7   0.00000000000000000E+00   0.00000000000000000E+00   0.00000000000000000E+00
ION   19    8   0.00000000000000000E+00   0.00000000000000000E+00   0.00000000000000000E+00
ION   20    0   1.01093642104438580E-01   7.67775448657211109E+03   7.76172164231268539E+02
ION   20    1   2.80357826100705533E+04   1.20153787857325767E+02   3.36860547614452010E+06
ION   20    2   2.24366670129571378E+08   1.00000336234020604E+00   2.24367424526647240E+08
ION   20    3   5.31227207386748930E+01   5.58318189610523596E+00   2.96593812700023818E+02
ION   20    4   4.86760900761179416E-10   9.00000000000000000E+00   4.38084810685061475E-09
ION   20    5   0.00000000000000000E+00   0.00000000000000000E+00   0.00000000000000000E+00
ION   20    6   0.00000000000000000E+00   0.00000000000000000E+00   0.00000000000000000E+00
ION   20    7   0.00000000000000000E+00   0.00000000000000000E+00   0.00000000000000000E+00
ION   20    8   0.00000000000000000E+00   0.00000000000000000E+00   0.00000000000000000E+00
ION   21    0   0.00000000000000000E+00   0.00000000000000000E+00   0.00000000000000000E+00
ION   21    1   0.00000000000000000E+00   0.00000000000000000E+00   0.00000000000000000E+00
ION   21    2   0.00000000000000000E+00   0.00000000000000000E+00   0.00000000000000000E+00
ION   21    3   0.00000000000000000E+00   0.00000000000000000E+00   0.00000000000000000E+00
ION   21    4   0.00000000000000000E+00   0.00000000000000000E+00   0.00000000000000000E+00
ION   21    5   0.00000000000000000E+00   0.00000000000000000E+00   0.00000000000000000E+00
ION   21    6   0.00000000000000000E+00   0.00000000000000000E+00   0.00000000000000000E+00
ION   21    7   0.00000000000000000E+00   0.00000000000000000E+00   0.00000000000000000E+00
ION   21    8   0.00000000000000000E+00   0.00000000000000000E+00   0.00000000000000000E+00
ION   22    0   0.00000000000000000E+00   0.00000000000000000E+00   0.00000000000000000E+00
ION   22    1   0.00000000000000000E+00   0.00000000000000000E+00   0.00000000000000000E+00
ION   22    2   0.00000000000000000E+00   0.00000000000000000E+00   0.00000000000000000E+00
ION   22    3   0.00000000000000000E+00   0.00000000000000000E+00   0.00000000000000000E+00
ION   22    4   0.00000000000000000E+00   0.00000000000000000E+00   0.00000000000000000E+00
ION   22    5   0.00000000000000000E+00   0.00000000000000000E+00   0.00000000000000000E+00
ION   22    6   0.00000000000000000E+00   0.00000000000000000E+00   0.00000000000000000E+00
ION   22    7   0.00000000000000000E+00   0.00000000000000000E+00   0.00000000000000000E+00
ION   22    8   0.00000000000000000E+00   0.00000000000000000E+00   0.00000000000000000E+00
ION   23    0   0.00000000000000000E+00   0.00000000000000000E+00   0.00000000000000000E+00
ION   23    1   0.00000000000000000E+00   0.00000000000000000E+00   0.00000000000000000E+00
ION   23    2   0.00000000000000000E+00   0.00000000000000000E+00   0.00000000000000000E+00
ION   23    3   0.00000000000000000E+00   0.00000000000000000E+00   0.00000000000000000E+00
ION   23    4   0.00000000000000000E+00   0.00000000000000000E+00   0.00000000000000000E+00
ION   23    5   0.00000000000000000E+00   0.00000000000000000E+00   0.00000000000000000E+00
ION   23    6   0.00000000000000000E+00   0.00000000000000000E+00   0.00000000000000000E+00
ION   23    7   0.00000000000000000E+00   0.00000000000000000E+00   0.00000000000000000E+00
ION   23    8   0.00000000000000000E+00   0.00000000000000000E+00   0.00000000000000000E+00
ION   24    0   0.00000000000000000E+00   0.00000000000000000E+00   0.00000000000000000E+00
ION   24    1   0.00000000000000000E+00   0.00000000000000000E+00   0.00000000000000000E+00
ION   24    2   0.00000000000000000E+00   0.00000000000000000E+00   0.00000000000000000E+00
ION   24    3   0.00000000000000000E+00   0.00000000000000000E+00   0.00000000000000000E+00
ION   24    4   0.00000000000000000E+00   0.00000000000000000E+00   0.00000000000000000E+00
ION   24    5   0.00000000000000000E+00   0.00000000000000000E+00   0.00000000000000000E+00
ION   24    6   0.00000000000000000E+00   0.00000000000000000E+00   0.00000000000000000E+00
ION   24    7   0.00000000000000000E+00   0.00000000000000000E+00   0.00000000000000000E+00
ION   24    8   0.00000000000000000E+00   0.00000000000000000E+00   0.00000000000000000E+00
ION   25    0   0.00000000000000000E+00   0.00000000000000000E+00   0.00000000000000000E+00
ION   25    1   0.00000000000000000E+00   0.00000000000000000E+00   0.00000000000000000E+00
ION   25    2   0.00000000000000000E+00   0.00000000000000000E+00   0.00000000000000000E+00
ION   25    3   0.00000000000000000E+00   0.00000000000000000E+00   0.00000000000000000E+00
ION   25    4   0.00000000000000000E+00   0.00000000000000000E+00   0.00000000000000000E+00
ION   25    5   0.00000000000000000E+00   0.00000000000000000E+00   0.00000000000000000E+00
ION   25    6   0.00000000000000000E+00   0.00000000000000000E+00   0.00000000000000000E+00
ION   25    7   0.00000000000000000E+00   0.00000000000000000E+00   0.00000000000000000E+00
ION   25    8   0.00000000000000000E+00   0.00000000000000000E+00   0.00000000000000000E+00
ION   26    0   0.00000000000000000E+00   0.00000000000000000E+00   0.00000000000000000E+00
ION   26    1   0.00000000000000000E+00   0.00000000000000000E+00   0.00000000000000000E+00
ION   26    2   0.00000000000000000E+00   0.00000000000000000E+00   0.00000000000000000E+00
ION   26    3   0.00000000000000000E+00   0.00000000000000000E+00   0.00000000000000000E+00
ION   26    4   0.00000000000000000E+00   0.00000000000000000E+00   0.00000000000000000E+00
ION   26    5   0.00000000000000000E+00   0.00000000000000000E+00   0.00000000000000000E+00
ION   26    6   0.00000000000000000E+00   0.00000000000000000E+00   0.00000000000000000E+00
ION   26    7   0.00000000000000000E+00   0.00000000000000000E+00   0.00000000000000000E+00
ION   26    8   0.00000000000000000E+00   0.00000000000000000E+00   0.00000000000000000E+00
ION   27    0   0.00000000000000000E+00   0.00000000000000000E+00   0.00000000000000000E+00
ION   27    1   0.00000000000000000E+00   0.00000000000000000E+00   0.00000000000000000E+00
ION   27    2   0.00000000000000000E+00   0.00000000000000000E+00   0.00000000000000000E+00
ION   27    3   0.00000000000000000E+00   0.00000000000000000E+00   0.00000000000000000E+00
ION   27    4   0.00000000000000000E+00   0.00000000000000000E+00   0.00000000000000000E+00
ION   27    5   0.00000000000000000E+00   0.00000000000000000E+00   0.00000000000000000E+00
ION   27    6   0.00000000000000000E+00   0.00000000000000000E+00   0.00000000000000000E+00
ION   27    7   0.00000000000000000E+00   0.00000000000000000E+00   0.00000000000000000E+00
ION   27    8   0.00000000000000000E+00   0.00000000000000000E+00   0.00000000000000000E+00
ION   28    0   0.00000000000000000E+00   0.00000000000000000E+00   0.00000000000000000E+00
ION   28    1   0.00000000000000000E+00   0.00000000000000000E+00   0.00000000000000000E+00
ION   28    2   0.00000000000000000E+00   0.00000000000000000E+00   0.00000000000000000E+00
ION   28    3   0.00000000000000000E+00   0.00000000000000000E+00   0.00000000000000000E+00
ION   28    4   0.00000000000000000E+00   0.00000000000000000E+00   0.00000000000000000E+00
ION   28    5   0.00000000000000000E+00   0.00000000000000000E+00   0.00000000000000000E+00
ION   28    6   0.00000000000000000E+00   0.00000000000000000E+00   0.00000000000000000E+00
ION   28    7   0.00000000000000000E+00   0.00000000000000000E+00   0.00000000000000000E+00
ION   28    8   0.00000000000000000E+00   0.00000000000000000E+00   0.00000000000000000E+00
ION   29    0   0.00000000000000000E+00   0.00000000000000000E+00   0.00000000000000000E+00
ION   29    1   0.00000000000000000E+00   0.00000000000000000E+00   0.00000000000000000E+00
ION   29    2   0.00000000000000000E+00   0.00000000000000000E+00   0.00000000000000000E+00
ION   29    3   0.00000000000000000E+00   0.00000000000000000E+00   0.00000000000000000E+00
ION   29    4   0.00000000000000000E+00   0.00000000000000000E+00   0.00000000000000000E+00
ION   29    5   0.00000000000000000E+00   0.00000000000000000E+00   0.00000000000000000E+00
ION   29    6   0.00000000000000000E+00   0.00000000000000000E+00   0.00000000000000000E+00
ION   29    7   0.00000000000000000E+00   0.00000000000000000E+00   0.00000000000000000E+00
ION   29    8   0.00000000000000000E+00   0.00000000000000000E+00   0.00000000000000000E+00
ION   30    0   0.00000000000000000E+00   0.00000000000000000E+00   0.00000000000000000E+00
ION   30    1   0.00000000000000000E+00   0.00000000000000000E+00   0.00000000000000000E+00
ION   30    2   0.00000000000000000E+00   0.00000000000000000E+00   0.00000000000000000E+00
ION   30    3   0.00000000000000000E+00   0.00000000000000000E+00   0.00000000000000000E+00
ION   30    4   0.00000000000000000E+00   0.00000000000000000E+00   0.00000000000000000E+00
ION   30    5   0.00000000000000000E+00   0.00000000000000000E+00   0.00000000000000000E+00
ION   30    6   0.00000000000000000E+00   0.00000000000000000E+00   0.00000000000000000E+00
ION   30    7   0.00000000000000000E+00   0.00000000000000000E+00   0.00000000000000000E+00
ION   30    8   0.00000000000000000E+00   0.00000000000000000E+00   0.00000000000000000E+00
ION   31    0   0.00000000000000000E+00   0.00000000000000000E+00   0.00000000000000000E+00
ION   31    1   0.00000000000000000E+00   0.00000000000000000E+00   0.00000000000000000E+00
ION   31    2   0.00000000000000000E+00   0.00000000000000000E+00   0.00000000000000000E+00
ION   31    3   0.00000000000000000E+00   0.00000000000000000E+00   0.00000000000000000E+00
ION   31    4   0.00000000000000000E+00   0.00000000000000000E+00   0.00000000000000000E+00
ION   31    5   0.00000000000000000E+00   0.00000000000000000E+00   0.00000000000000000E+00
ION   31    6   0.00000000000000000E+00   0.00000000000000000E+00   0.00000000000000000E+00
ION   31    7   0.00000000000000000E+00   0.00000000000000000E+00   0.00000000000000000E+00
ION   31    8   0.00000000000000000E+00   0.00000000000000000E+00   0.00000000000000000E+00
ION   32    0   0.00000000000000000E+00   0.00000000000000000E+00   0.00000000000000000E+00
ION   32    1   0.00000000000000000E+00   0.00000000000000000E+00   0.00000000000000000E+00
ION   32    2   0.00000000000000000E+00   0.00000000000000000E+00   0.00000000000000000E+00
ION   32    3   0.00000000000000000E+00   0.00000000000000000E+00   0.00000000000000000E+00
ION   32    4   0.00000000000000000E+00   0.00000000000000000E+00   0.00000000000000000E+00
ION   32    5   0.00000000000000000E+00   0.00000000000000000E+00   0.00000000000000000E+00
ION   32    6   0.00000000000000000E+00   0.00000000000000000E+00   0.00000000000000000E+00
ION   32    7   0.00000000000000000E+00   0.00000000000000000E+00   0.00000000000000000E+00
ION   32    8   0.00000000000000000E+00   0.00000000000000000E+00   0.00000000000000000E+00
ION   33    0   0.00000000000000000E+00   0.00000000000000000E+00   0.00000000000000000E+00
ION   33    1   0.00000000000000000E+00   0.00000000000000000E+00   0.00000000000000000E+00
ION   33    2   0.00000000000000000E+00   0.00000000000000000E+00   0.00000000000000000E+00
ION   33    3   0.00000000000000000E+00   0.00000000000000000E+00   0.00000000000000000E+00
ION   33    4   0.00000000000000000E+00   0.00000000000000000E+00   0.00000000000000000E+00
ION   33    5   0.00000000000000000E+00   0.00000000000000000E+00   0.00000000000000000E+00
ION   33    6   0.00000000000000000E+00   0.00000000000000000E+00   0.00000000000000000E+00
ION   33    7   0.00000000000000000E+00   0.00000000000000000E+00   0.00000000000000000E+00
ION   33    8   0.00000000000000000E+00   0.00000000000000000E+00   0.00000000000000000E+00
ION   34    0   0.00000000000000000E+00   0.00000000000000000E+00   0.00000000000000000E+00
ION   34    1   0.00000000000000000E+00   0.00000000000000000E+00   0.00000000000000000E+00
ION   34    2   0.00000000000000000E+00   0.00000000000000000E+00   0.00000000000000000E+00
ION   34    3   0.00000000000000000E+00   0.00000000000000000E+00   0.00000000000000000E+00
ION   34    4   0.00000000000000000E+00   0.00000000000000000E+00   0.00000000000000000E+00
ION   34    5   0.00000000000000000E+00   0.00000000000000000E+00   0.00000000000000000E+00
ION   34    6   0.00000000000000000E+00   0.00000000000000000E+00   0.00000000000000000E+00
ION   34    7   0.00000000000000000E+00   0.00000000000000000E+00   0.00000000000000000E+00
ION   34    8   0.00000000000000000E+00   0.00000000000000000E+00   0.00000000000000000E+00
ION   35    0   0.00000000000000000E+00   0.00000000000000000E+00   0.00000000000000000E+00
ION   35    1   0.00000000000000000E+00   0.00000000000000000E+00   0.00000000000000000E+00
ION   35    2   0.00000000000000000E+00   0.00000000000000000E+00   0.00000000000000000E+00
ION   35    3   0.00000000000000000E+00   0.00000000000000000E+00   0.00000000000000000E+00
ION   35    4   0.00000000000000000E+00   0.00000000000000000E+00   0.00000000000000000E+00
ION   35    5   0.00000000000000000E+00   0.00000000000000000E+00   0.00000000000000000E+00
ION   35    6   0.00000000000000000E+00   0.00000000000000000E+00   0.00000000000000000E+00
ION   35    7   0.00000000000000000E+00   0.00000000000000000E+00   0.00000000000000000E+00
ION   35    8   0.00000000000000000E+00   0.00000000000000000E+00   0.00000000000000000E+00
ION   36    0   0.00000000000000000E+00   0.00000000000000000E+00   0.00000000000000000E+00
ION   36    1   0.00000000000000000E+00   0.00000000000000000E+00   0.00000000000000000E+00
ION   36    2   0.00000000000000000E+00   0.00000000000000000E+00   0.00000000000000000E+00
ION   36    3   0.00000000000000000E+00   0.00000000000000000E+00   0.00000000000000000E+00
ION   36    4   0.00000000000000000E+00   0.00000000000000000E+00   0.00000000000000000E+00
ION   36    5   0.00000000000000000E+00   0.00000000000000000E+00   0.00000000000000000E+00
ION   36    6   0.00000000000000000E+00   0.00000000000000000E+00   0.00000000000000000E+00
ION   36    7   0.00000000000000000E+00   0.00000000000000000E+00   0.00000000000000000E+00
ION   36    8   0.00000000000000000E+00   0.00000000000000000E+00   0.00000000000000000E+00
ION   37    0   0.00000000000000000E+00   0.00000000000000000E+00   0.00000000000000000E+00
ION   37    1   0.00000000000000000E+00   0.00000000000000000E+00   0.00000000000000000E+00
ION   37    2   0.00000000000000000E+00   0.00000000000000000E+00   0.00000000000000000E+00
ION   37    3   0.00000000000000000E+00   0.00000000000000000E+00   0.00000000000000000E+00
ION   37    4   0.00000000000000000E+00   0.00000000000000000E+00   0.00000000000000000E+00
ION   37    5   0.00000000000000000E+00   0.00000000000000000E+00   0.00000000000000000E+00
ION   37    6   0.00000000000000000E+00   0.00000000000000000E+00   0.00000000000000000E+00
ION   37    7   0.00000000000000000E+00   0.00000000000000000E+00   0.00000000000000000E+00
ION   37    8   0.00000000000000000E+00   0.00000000000000000E+00   0.00000000000000000E+00
ION   38    0   0.00000000000000000E+00   0.00000000000000000E+00   0.00000000000000000E+00
ION   38    1   0.00000000000000000E+00   0.00000000000000000E+00   0.00000000000000000E+00
ION   38    2   0.00000000000000000E+00   0.00000000000000000E+00   0.00000000000000000E+00
ION   38    3   0.00000000000000000E+00   0.00000000000000000E+00   0.00000000000000000E+00
ION   38    4   0.00000000000000000E+00   0.00000000000000000E+00   0.00000000000000000E+00
ION   38    5   0.00000000000000000E+00   0.00000000000000000E+00   0.00000000000000000E+00
ION   38    6   0.00000000000000000E+00   0.00000000000000000E+00   0.00000000000000000E+00
ION   38    7   0.00000000000000000E+00   0.00000000000000000E+00   0.00000000000000000E+00
ION   38    8   0.00000000000000000E+00   0.00000000000000000E+00   0.00000000000000000E+00
ION   39    0   0.00000000000000000E+00   0.00000000000000000E+00   0.00000000000000000E+00
ION   39    1   0.00000000000000000E+00   0.00000000000000000E+00   0.00000000000000000E+00
ION   39    2   0.00000000000000000E+00   0.00000000000000000E+00   0.00000000000000000E+00
ION   39    3   0.00000000000000000E+00   0.00000000000000000E+00   0.00000000000000000E+00
ION   39    4   0.00000000000000000E+00   0.00000000000000000E+00   0.00000000000000000E+00
ION   39    5   0.00000000000000000E+00   0.00000000000000000E+00   0.00000000000000000E+00
ION   39    6   0.00000000000000000E+00   0.00000000000000000E+00   0.00000000000000000E+00
ION   39    7   0.00000000000000000E+00   0.00000000000000000E+00   0.00000000000000000E+00
ION   39    8   0.00000000000000000E+00   0.00000000000000000E+00   0.00000000000000000E+00
ION   40    0   0.00000000000000000E+00   0.00000000000000000E+00   0.00000000000000000E+00
ION   40    1   0.00000000000000000E+00   0.00000000000000000E+00   0.00000000000000000E+00
ION   40    2   0.00000000000000000E+00   0.00000000000000000E+00   0.00000000000000000E+00
ION   40    3   0.00000000000000000E+00   0.00000000000000000E+00   0.00000000000000000E+00
ION   40    4   0.00000000000000000E+00   0.00000000000000000E+00   0.00000000000000000E+00
ION   40    5   0.00000000000000000E+00   0.00000000000000000E+00   0.00000000000000000E+00
ION   40    6   0.00000000000000000E+00   0.00000000000000000E+00   0.00000000000000000E+00
ION   40    7   0.00000000000000000E+00   0.00000000000000000E+00   0.00000000000000000E+00
ION   40    8   0.00000000000000000E+00   0.00000000000000000E+00   0.00000000000000000E+00
ION   41    0   0.00000000000000000E+00   0.00000000000000000E+00   0.00000000000000000E+00
ION   41    1   0.00000000000000000E+00   0.00000000000000000E+00   0.00000000000000000E+00
ION   41    2   0.00000000000000000E+00   0.00000000000000000E+00   0.00000000000000000E+00
ION   41    3   0.00000000000000000E+00   0.00000000000000000E+00   0.00000000000000000E+00
ION   41    4   0.00000000000000000E+00   0.00000000000000000E+00   0.00000000000000000E+00
ION   41    5   0.00000000000000000E+00   0.00000000000000000E+00   0.00000000000000000E+00
ION   41    6   0.00000000000000000E+00   0.00000000000000000E+00   0.00000000000000000E+00
ION   41    7   0.00000000000000000E+00   0.00000000000000000E+00   0.00000000000000000E+00
ION   41    8   0.00000000000000000E+00   0.00000000000000000E+00   0.00000000000000000E+00
ION   42    0   0.00000000000000000E+00   0.00000000000000000E+00   0.00000000000000000E+00
ION   42    1   0.00000000000000000E+00   0.00000000000000000E+00   0.00000000000000000E+00
ION   42    2   0.00000000000000000E+00   0.00000000000000000E+00   0.00000000000000000E+00
ION   42    3   0.00000000000000000E+00   0.00000000000000000E+00   0.00000000000000000E+00
ION   42    4   0.00000000000000000E+00   0.00000000000000000E+00   0.00000000000000000E+00
ION   42    5   0.00000000000000000E+00   0.00000000000000000E+00   0.00000000000000000E+00
ION   42    6   0.00000000000000000E+00   0.00000000000000000E+00   0.00000000000000000E+00
ION   42    7   0.00000000000000000E+00   0.00000000000000000E+00   0.00000000000000000E+00
ION   42    8   0.00000000000000000E+00   0.00000000000000000E+00   0.00000000000000000E+00
ION   43    0   0.00000000000000000E+00   0.00000000000000000E+00   0.00000000000000000E+00
ION   43    1   0.00000000000000000E+00   0.00000000000000000E+00   0.00000000000000000E+00
ION   43    2   0.00000000000000000E+00   0.00000000000000000E+00   0.00000000000000000E+00
ION   43    3   0.00000000000000000E+00   0.00000000000000000E+00   0.00000000000000000E+00
ION   43    4   0.00000000000000000E+00   0.00000000000000000E+00   0.00000000000000000E+00
ION   43    5   0.00000000000000000E+00   0.00000000000000000E+00   0.00000000000000000E+00
ION   43    6   0.00000000000000000E+00   0.00000000000000000E+00   0.00000000000000000E+00
ION   43    7   0.00000000000000000E+00   0.00000000000000000E+00   0.00000000000000000E+00
ION   43    8   0.00000000000000000E+00   0.00000000000000000E+00   0.00000000000000000E+00
ION   44    0   0.00000000000000000E+00   0.00000000000000000E+00   0.00000000000000000E+00
ION   44    1   0.00000000000000000E+00   0.00000000000000000E+00   0.00000000000000000E+00
ION   44    2   0.00000000000000000E+00   0.00000000000000000E+00   0.00000000000000000E+00
ION   44    3   0.00000000000000000E+00   0.00000000000000000E+00   0.00000000000000000E+00
ION   44    4   0.00000000000000000E+00   0.00000000000000000E+00   0.00000000000000000E+00
ION   44    5   0.00000000000000000E+00   0.00000000000000000E+00   0.00000000000000000E+00
ION   44    6   0.00000000000000000E+00   0.00000000000000000E+00   0.00000000000000000E+00
ION   44    7   0.00000000000000000E+00   0.00000000000000000E+00   0.00000000000000000E+00
ION   44    8   0.00000000000000000E+00   0.00000000000000000E+00   0.00000000000000000E+00
ION   45    0   0.00000000000000000E+00   0.00000000000000000E+00   0.00000000000000000E+00
ION   45    1   0.00000000000000000E+00   0.00000000000000000E+00   0.00000000000000000E+00
ION   45    2   0.00000000000000000E+00   0.00000000000000000E+00   0.00000000000000000E+00
ION   45    3   0.00000000000000000E+00   0.00000000000000000E+00   0.00000000000000000E+00
ION   45    4   0.00000000000000000E+00   0.00000000000000000E+00   0.00000000000000000E+00
ION   45    5   0.00000000000000000E+00   0.00000000000000000E+00   0.00000000000000000E+00
ION   45    6   0.00000000000000000E+00   0.00000000000000000E+00   0.00000000000000000E+00
ION   45    7   0.00000000000000000E+00   0.00000000000000000E+00   0.00000000000000000E+00
ION   45    8   0.00000000000000000E+00   0.00000000000000000E+00   0.00000000000000000E+00
ION   46    0   0.00000000000000000E+00   0.00000000000000000E+00   0.00000000000000000E+00
ION   46    1   0.00000000000000000E+00   0.00000000000000000E+00   0.00000000000000000E+00
ION   46    2   0.00000000000000000E+00   0.00000000000000000E+00   0.00000000000000000E+00
ION   46    3   0.00000000000000000E+00   0.00000000000000000E+00   0.00000000000000000E+00
ION   46    4   0.00000000000000000E+00   0.00000000000000000E+00   0.00000000000000000E+00
ION   46    5   0.00000000000000000E+00   0.00000000000000000E+00   0.00000000000000000E+00
ION   46    6   0.00000000000000000E+00   0.00000000000000000E+00   0.00000000000000000E+00
ION   46    7   0.00000000000000000E+00   0.00000000000000000E+00   0.00000000000000000E+00
ION   46    8   0.00000000000000000E+00   0.00000000000000000E+00   0.00000000000000000E+00
ION   47    0   0.00000000000000000E+00   0.00000000000000000E+00   0.00000000000000000E+00
ION   47    1   0.00000000000000000E+00   0.00000000000000000E+00   0.00000000000000000E+00
ION   47    2   0.00000000000000000E+00   0.00000000000000000E+00   0.00000000000000000E+00
ION   47    3   0.00000000000000000E+00   0.00000000000000000E+00   0.00000000000000000E+00
ION   47    4   0.00000000000000000E+00   0.00000000000000000E+00   0.00000000000000000E+00
ION   47    5   0.00000000000000000E+00   0.00000000000000000E+00   0.00000000000000000E+00
ION   47    6   0.00000000000000000E+00   0.00000000000000000E+00   0.00000000000000000E+00
ION   47    7   0.00000000000000000E+00   0.00000000000000000E+00   0.00000000000000000E+00
ION   47    8   0.00000000000000000E+00   0.00000000000000000E+00   0.00000000000000000E+00
ION   48    0   0.00000000000000000E+00   0.00000000000000000E+00   0.00000000000000000E+00
ION   48    1   0.00000000000000000E+00   0.00000000000000000E+00   0.00000000000000000E+00
ION   48    2   0.00000000000000000E+00   0.00000000000000000E+00   0.00000000000000000E+00
ION   48    3   0.00000000000000000E+00   0.00000000000000000E+00   0.00000000000000000E+00
ION   48    4   0.00000000000000000E+00   0.00000000000000000E+00   0.00000000000000000E+00
ION   48    5   0.00000000000000000E+00   0.00000000000000000E+00   0.00000000000000000E+00
ION   48    6   0.00000000000000000E+00   0.00000000000000000E+00   0.00000000000000000E+00
ION   48    7   0.00000000000000000E+00   0.00000000000000000E+00   0.00000000000000000E+00
ION   48    8   0.00000000000000000E+00   0.00000000000000000E+00   0.00000000000000000E+00
ION   49    0   0.00000000000000000E+00   0.00000000000000000E+00   0.00000000000000000E+00
ION   49    1   0.00000000000000000E+00   0.00000000000000000E+00   0.00000000000000000E+00
ION   49    2   0.00000000000000000E+00   0.00000000000000000E+00   0.00000000000000000E+00
ION   49    3   0.00000000000000000E+00   0.00000000000000000E+00   0.00000000000000000E+00
ION   49    4   0.00000000000000000E+00   0.00000000000000000E+00   0.00000000000000000E+00
ION   49    5   0.00000000000000000E+00   0.00000000000000000E+00   0.00000000000000000E+00
ION   49    6   0.00000000000000000E+00   0.00000000000000000E+00   0.00000000000000000E+00
ION   49    7   0.00000000000000000E+00   0.00000000000000000E+00   0.00000000000000000E+00
ION   49    8   0.00000000000000000E+00   0.00000000000000000E+00   0.00000000000000000E+00
ION   50    0   0.00000000000000000E+00   0.00000000000000000E+00   0.00000000000000000E+00
ION   50    1   0.00000000000000000E+00   0.00000000000000000E+00   0.00000000000000000E+00
ION   50    2   0.00000000000000000E+00   0.00000000000000000E+00   0.00000000000000000E+00
ION   50    3   0.00000000000000000E+00   0.00000000000000000E+00   0.00000000000000000E+00
ION   50    4   0.00000000000000000E+00   0.00000000000000000E+00   0.00000000000000000E+00
ION   50    5   0.00000000000000000E+00   0.00000000000000000E+00   0.00000000000000000E+00
ION   50    6   0.00000000000000000E+00   0.00000000000000000E+00   0.00000000000000000E+00
ION   50    7   0.00000000000000000E+00   0.00000000000000000E+00   0.00000000000000000E+00
ION   50    8   0.00000000000000000E+00   0.00000000000000000E+00   0.00000000000000000E+00
ION   51    0   0.00000000000000000E+00   0.00000000000000000E+00   0.00000000000000000E+00
ION   51    1   0.00000000000000000E+00   0.00000000000000000E+00   0.00000000000000000E+00
ION   51    2   0.00000000000000000E+00   0.00000000000000000E+00   0.00000000000000000E+00
ION   51    3   0.00000000000000000E+00   0.00000000000000000E+00   0.00000000000000000E+00
ION   51    4   0.00000000000000000E+00   0.00000000000000000E+00   0.00000000000000000E+00
ION   51    5   0.00000000000000000E+00   0.00000000000000000E+00   0.00000000000000000E+00
ION   51    6   0.00000000000000000E+00   0.00000000000000000E+00   0.00000000000000000E+00
ION   51    7   0.00000000000000000E+00   0.00000000000000000E+00   0.00000000000000000E+00
ION   51    8   0.00000000000000000E+00   0.00000000000000000E+00   0.00000000000000000E+00
ION   52    0   0.00000000000000000E+00   0.00000000000000000E+00   0.00000000000000000E+00
ION   52    1   0.00000000000000000E+00   0.00000000000000000E+00   0.00000000000000000E+00
ION   52    2   0.00000000000000000E+00   0.00000000000000000E+00   0.00000000000000000E+00
ION   52    3   0.00000000000000000E+00   0.00000000000000000E+00   0.00000000000000000E+00
ION   52    4   0.00000000000000000E+00   0.00000000000000000E+00   0.00000000000000000E+00
ION   52    5   0.00000000000000000E+00   0.00000000000000000E+00   0.00000000000000000E+00
ION   52    6   0.00000000000000000E+00   0.00000000000000000E+00   0.00000000000000000E+00
ION   52    7   0.00000000000000000E+00   0.00000000000000000E+00   0.00000000000000000E+00
ION   52    8   0.00000000000000000E+00   0.00000000000000000E+00   0.00000000000000000E+00
ION   53    0   0.00000000000000000E+00   0.00000000000000000E+00   0.00000000000000000E+00
ION   53    1   0.00000000000000000E+00   0.00000000000000000E+00   0.00000000000000000E+00
ION   53    2   0.00000000000000000E+00   0.00000000000000000E+00   0.00000000000000000E+00
ION   53    3   0.00000000000000000E+00   0.00000000000000000E+00   0.00000000000000000E+00
ION   53    4   0.00000000000000000E+00   0.00000000000000000E+00   0.00000000000000000E+00
ION   53    5   0.00000000000000000E+00   0.00000000000000000E+00   0.00000000000000000E+00
ION   53    6   0.00000000000000000E+00   0.00000000000000000E+00   0.00000000000000000E+00
ION   53    7   0.00000000000000000E+00   0.00000000000000000E+00   0.00000000000000000E+00
ION   53    8   0.00000000000000000E+00   0.00000000000000000E+00   0.00000000000000000E+00
ION   54    0   0.00000000000000000E+00   0.00000000000000000E+00   0.00000000000000000E+00
ION   54    1   0.00000000000000000E+00   0.00000000000000000E+00   0.00000000000000000E+00
ION   54    2   0.00000000000000000E+00   0.00000000000000000E+00   0.00000000000000000E+00
ION   54    3   0.00000000000000000E+00   0.00000000000000000E+00   0.00000000000000000E+00
ION   54    4   0.00000000000000000E+00   0.00000000000000000E+00   0.00000000000000000E+00
ION   54    5   0.00000000000000000E+00   0.00000000000000000E+00   0.00000000000000000E+00
ION   54    6   0.00000000000000000E+00   0.00000000000000000E+00   0.00000000000000000E+00
ION   54    7   0.00000000000000000E+00   0.00000000000000000E+00   0.00000000000000000E+00
ION   54    8   0.00000000000000000E+00   0.00000000000000000E+00   0.00000000000000000E+00
ION   55    0   0.00000000000000000E+00   0.00000000000000000E+00   0.00000000000000000E+00
ION   55    1   0.00000000000000000E+00   0.00000000000000000E+00   0.00000000000000000E+00
ION   55    2   0.00000000000000000E+00   0.00000000000000000E+00   0.00000000000000000E+00
ION   55    3   0.00000000000000000E+00   0.00000000000000000E+00   0.00000000000000000E+00
ION   55    4   0.00000000000000000E+00   0.00000000000000000E+00   0.00000000000000000E+00
ION   55    5   0.00000000000000000E+00   0.00000000000000000E+00   0.00000000000000000E+00
ION   55    6   0.00000000000000000E+00   0.00000000000000000E+00   0.00000000000000000E+00
ION   55    7   0.00000000000000000E+00   0.00000000000000000E+00   0.00000000000000000E+00
ION   55    8   0.00000000000000000E+00   0.00000000000000000E+00   0.00000000000000000E+00
ION   56    0   0.00000000000000000E+00   0.00000000000000000E+00   0.00000000000000000E+00
ION   56    1   0.00000000000000000E+00   0.00000000000000000E+00   0.00000000000000000E+00
ION   56    2   0.00000000000000000E+00   0.00000000000000000E+00   0.00000000000000000E+00
ION   56    3   0.00000000000000000E+00   0.00000000000000000E+00   0.00000000000000000E+00
ION   56    4   0.00000000000000000E+00   0.00000000000000000E+00   0.00000000000000000E+00
ION   56    5   0.00000000000000000E+00   0.00000000000000000E+00   0.00000000000000000E+00
ION   56    6   0.00000000000000000E+00   0.00000000000000000E+00   0.00000000000000000E+00
ION   56    7   0.00000000000000000E+00   0.00000000000000000E+00   0.00000000000000000E+00
ION   56    8   0.00000000000000000E+00   0.00000000000000000E+00   0.00000000000000000E+00
ION   57    0   0.00000000000000000E+00   0.00000000000000000E+00   0.00000000000000000E+00
ION   57    1   0.00000000000000000E+00   0.00000000000000000E+00   0.00000000000000000E+00
ION   57    2   0.00000000000000000E+00   0.00000000000000000E+00   0.00000000000000000E+00
ION   57    3   0.00000000000000000E+00   0.00000000000000000E+00   0.00000000000000000E+00
ION   57    4   0.00000000000000000E+00   0.00000000000000000E+00   0.00000000000000000E+00
ION   57    5   0.00000000000000000E+00   0.00000000000000000E+00   0.00000000000000000E+00
ION   57    6   0.00000000000000000E+00   0.00000000000000000E+00   0.00000000000000000E+00
ION   57    7   0.00000000000000000E+00   0.00000000000000000E+00   0.00000000000000000E+00
ION   57    8   0.00000000000000000E+00   0.00000000000000000E+00   0.00000000000000000E+00
ION   58    0   0.00000000000000000E+00   0.00000000000000000E+00   0.00000000000000000E+00
ION   58    1   0.00000000000000000E+00   0.00000000000000000E+00   0.00000000000000000E+00
ION   58    2   0.00000000000000000E+00   0.00000000000000000E+00   0.00000000000000000E+00
ION   58    3   0.00000000000000000E+00   0.00000000000000000E+00   0.00000000000000000E+00
ION   58    4   0.00000000000000000E+00   0.00000000000000000E+00   0.00000000000000000E+00
ION   58    5   0.00000000000000000E+00   0.00000000000000000E+00   0.00000000000000000E+00
ION   58    6   0.00000000000000000E+00   0.00000000000000000E+00   0.00000000000000000E+00
ION   58    7   0.00000000000000000E+00   0.00000000000000000E+00   0.00000000000000000E+00
ION   58    8   0.00000000000000000E+00   0.00000000000000000E+00   0.00000000000000000E+00
ION   59    0   0.00000000000000000E+00   0.00000000000000000E+00   0.00000000000000000E+00
ION   59    1   0.00000000000000000E+00   0.00000000000000000E+00   0.00000000000000000E+00
ION   59    2   0.00000000000000000E+00   0.00000000000000000E+00   0.00000000000000000E+00
ION   59    3   0.00000000000000000E+00   0.00000000000000000E+00   0.00000000000000000E+00
ION   59    4   0.00000000000000000E+00   0.00000000000000000E+00   0.00000000000000000E+00
ION   59    5   0.00000000000000000E+00   0.00000000000000000E+00   0.00000000000000000E+00
ION   59    6   0.00000000000000000E+00   0.00000000000000000E+00   0.00000000000000000E+00
ION   59    7   0.00000000000000000E+00   0.00000000000000000E+00   0.00000000000000000E+00
ION   59    8   0.00000000000000000E+00   0.00000000000000000E+00   0.00000000000000000E+00
ION   60    0   0.00000000000000000E+00   0.00000000000000000E+00   0.00000000000000000E+00
ION   60    1   0.00000000000000000E+00   0.00000000000000000E+00   0.00000000000000000E+00
ION   60    2   0.00000000000000000E+00   0.00000000000000000E+00   0.00000000000000000E+00
ION   60    3   0.00000000000000000E+00   0.00000000000000000E+00   0.00000000000000000E+00
ION   60    4   0.00000000000000000E+00   0.00000000000000000E+00   0.00000000000000000E+00
ION   60    5   0.00000000000000000E+00   0.00000000000000000E+00   0.00000000000000000E+00
ION   60    6   0.00000000000000000E+00   0.00000000000000000E+00   0.00000000000000000E+00
ION   60    7   0.00000000000000000E+00   0.00000000000000000E+00   0.00000000000000000E+00
ION   60    8   0.00000000000000000E+00   0.00000000000000000E+00   0.00000000000000000E+00
ION   61    0   0.00000000000000000E+00   0.00000000000000000E+00   0.00000000000000000E+00
ION   61    1   0.00000000000000000E+00   0.00000000000000000E+00   0.00000000000000000E+00
ION   61    2   0.00000000000000000E+00   0.00000000000000000E+00   0.00000000000000000E+00
ION   61    3   0.00000000000000000E+00   0.00000000000000000E+00   0.00000000000000000E+00
ION   61    4   0.00000000000000000E+00   0.00000000000000000E+00   0.00000000000000000E+00
ION   61    5   0.00000000000000000E+00   0.00000000000000000E+00   0.00000000000000000E+00
ION   61    6   0.00000000000000000E+00   0.00000000000000000E+00   0.00000000000000000E+00
ION   61    7   0.00000000000000000E+00   0.00000000000000000E+00   0.00000000000000000E+00
ION   61    8   0.00000000000000000E+00   0.00000000000000000E+00   0.00000000000000000E+00
ION   62    0   0.00000000000000000E+00   0.00000000000000000E+00   0.00000000000000000E+00
ION   62    1   0.00000000000000000E+00   0.00000000000000000E+00   0.00000000000000000E+00
ION   62    2   0.00000000000000000E+00   0.00000000000000000E+00   0.00000000000000000E+00
ION   62    3   0.00000000000000000E+00   0.00000000000000000E+00   0.00000000000000000E+00
ION   62    4   0.00000000000000000E+00   0.00000000000000000E+00   0.00000000000000000E+00
ION   62    5   0.00000000000000000E+00   0.00000000000000000E+00   0.00000000000000000E+00
ION   62    6   0.00000000000000000E+00   0.00000000000000000E+00   0.00000000000000000E+00
ION   62    7   0.00000000000000000E+00   0.00000000000000000E+00   0.00000000000000000E+00
ION   62    8   0.00000000000000000E+00   0.00000000000000000E+00   0.00000000000000000E+00
ION   63    0   0.00000000000000000E+00   0.00000000000000000E+00   0.00000000000000000E+00
ION   63    1   0.00000000000000000E+00   0.00000000000000000E+00   0.00000000000000000E+00
ION   63    2   0.00000000000000000E+00   0.00000000000000000E+00   0.00000000000000000E+00
ION   63    3   0.00000000000000000E+00   0.00000000000000000E+00   0.00000000000000000E+00
ION   63    4   0.00000000000000000E+00   0.00000000000000000E+00   0.00000000000000000E+00
ION   63    5   0.00000000000000000E+00   0.00000000000000000E+00   0.00000000000000000E+00
ION   63    6   0.00000000000000000E+00   0.00000000000000000E+00   0.00000000000000000E+00
ION   63    7   0.00000000000000000E+00   0.00000000000000000E+00   0.00000000000000000E+00
ION   63    8   0.00000000000000000E+00   0.00000000000000000E+00   0.00000000000000000E+00
ION   64    0   0.00000000000000000E+00   0.00000000000000000E+00   0.00000000000000000E+00
ION   64    1   0.00000000000000000E+00   0.00000000000000000E+00   0.00000000000000000E+00
ION   64    2   0.00000000000000000E+00   0.00000000000000000E+00   0.00000000000000000E+00
ION   64    3   0.00000000000000000E+00   0.00000000000000000E+00   0.00000000000000000E+00
ION   64    4   0.00000000000000000E+00   0.00000000000000000E+00   0.00000000000000000E+00
ION   64    5   0.00000000000000000E+00   0.00000000000000000E+00   0.00000000000000000E+00
ION   64    6   0.00000000000000000E+00   0.00000000000000000E+00   0.00000000000000000E+00
ION   64    7   0.00000000000000000E+00   0.00000000000000000E+00   0.00000000000000000E+00
ION   64    8   0.00000000000000000E+00   0.00000000000000000E+00   0.00000000000000000E+00
ION   65    0   0.00000000000000000E+00   0.00000000000000000E+00   0.00000000000000000E+00
ION   65    1   0.00000000000000000E+00   0.00000000000000000E+00   0.00000000000000000E+00
ION   65    2   0.00000000000000000E+00   0.00000000000000000E+00   0.00000000000000000E+00
ION   65    3   0.00000000000000000E+00   0.00000000000000000E+00   0.00000000000000000E+00
ION   65    4   0.00000000000000000E+00   0.00000000000000000E+00   0.00000000000000000E+00
ION   65    5   0.00000000000000000E+00   0.00000000000000000E+00   0.00000000000000000E+00
ION   65    6   0.00000000000000000E+00   0.00000000000000000E+00   0.00000000000000000E+00
ION   65    7   0.00000000000000000E+00   0.00000000000000000E+00   0.00000000000000000E+00
ION   65    8   0.00000000000000000E+00   0.00000000000000000E+00   0.00000000000000000E+00
ION   66    0   0.00000000000000000E+00   0.00000000000000000E+00   0.00000000000000000E+00
ION   66    1   0.00000000000000000E+00   0.00000000000000000E+00   0.00000000000000000E+00
ION   66    2   0.00000000000000000E+00   0.00000000000000000E+00   0.00000000000000000E+00
ION   66    3   0.00000000000000000E+00   0.00000000000000000E+00   0.00000000000000000E+00
ION   66    4   0.00000000000000000E+00   0.00000000000000000E+00   0.00000000000000000E+00
ION   66    5   0.00000000000000000E+00   0.00000000000000000E+00   0.00000000000000000E+00
ION   66    6   0.00000000000000000E+00   0.00000000000000000E+00   0.00000000000000000E+00
ION   66    7   0.00000000000000000E+00   0.00000000000000000E+00   0.00000000000000000E+00
ION   66    8   0.00000000000000000E+00   0.00000000000000000E+00   0.00000000000000000E+00
ION   67    0   0.00000000000000000E+00   0.00000000000000000E+00   0.00000000000000000E+00
ION   67    1   0.00000000000000000E+00   0.00000000000000000E+00   0.00000000000000000E+00
ION   67    2   0.00000000000000000E+00   0.00000000000000000E+00   0.00000000000000000E+00
ION   67    3   0.00000000000000000E+00   0.00000000000000000E+00   0.00000000000000000E+00
ION   67    4   0.00000000000000000E+00   0.00000000000000000E+00   0.00000000000000000E+00
ION   67    5   0.00000000000000000E+00   0.00000000000000000E+00   0.00000000000000000E+00
ION   67    6   0.00000000000000000E+00   0.00000000000000000E+00   0.00000000000000000E+00
ION   67    7   0.00000000000000000E+00   0.00000000000000000E+00   0.00000000000000000E+00
ION   67    8   0.00000000000000000E+00   0.00000000000000000E+00   0.00000000000000000E+00
ION   68    0   0.00000000000000000E+00   0.00000000000000000E+00   0.00000000000000000E+00
ION   68    1   0.00000000000000000E+00   0.00000000000000000E+00   0.00000000000000000E+00
ION   68    2   0.00000000000000000E+00   0.00000000000000000E+00   0.00000000000000000E+00
ION   68    3   0.00000000000000000E+00   0.00000000000000000E+00   0.00000000000000000E+00
ION   68    4   0.00000000000000000E+00   0.00000000000000000E+00   0.00000000000000000E+00
ION   68    5   0.00000000000000000E+00   0.00000000000000000E+00   0.00000000000000000E+00
ION   68    6   0.00000000000000000E+00   0.00000000000000000E+00   0.00000000000000000E+00
ION   68    7   0.00000000000000000E+00   0.00000000000000000E+00   0.00000000000000000E+00
ION   68    8   0.00000000000000000E+00   0.00000000000000000E+00   0.00000000000000000E+00
ION   69    0   0.00000000000000000E+00   0.00000000000000000E+00   0.00000000000000000E+00
ION   69    1   0.00000000000000000E+00   0.00000000000000000E+00   0.00000000000000000E+00
ION   69    2   0.00000000000000000E+00   0.00000000000000000E+00   0.00000000000000000E+00
ION   69    3   0.00000000000000000E+00   0.00000000000000000E+00   0.00000000000000000E+00
ION   69    4   0.00000000000000000E+00   0.00000000000000000E+00   0.00000000000000000E+00
ION   69    5   0.00000000000000000E+00   0.00000000000000000E+00   0.00000000000000000E+00
ION   69    6   0.00000000000000000E+00   0.00000000000000000E+00   0.00000000000000000E+00
ION   69    7   0.00000000000000000E+00   0.00000000000000000E+00   0.00000000000000000E+00
ION   69    8   0.00000000000000000E+00   0.00000000000000000E+00   0.00000000000000000E+00
ION   70    0   0.00000000000000000E+00   0.00000000000000000E+00   0.00000000000000000E+00
ION   70    1   0.00000000000000000E+00   0.00000000000000000E+00   0.00000000000000000E+00
ION   70    2   0.00000000000000000E+00   0.00000000000000000E+00   0.00000000000000000E+00
ION   70    3   0.00000000000000000E+00   0.00000000000000000E+00   0.00000000000000000E+00
ION   70    4   0.00000000000000000E+00   0.00000000000000000E+00   0.00000000000000000E+00
ION   70    5   0.00000000000000000E+00   0.00000000000000000E+00   0.00000000000000000E+00
ION   70    6   0.00000000000000000E+00   0.00000000000000000E+00   0.00000000000000000E+00
ION   70    7   0.00000000000000000E+00   0.00000000000000000E+00   0.00000000000000000E+00
ION   70    8   0.00000000000000000E+00   0.00000000000000000E+00   0.00000000000000000E+00
ION   71    0   0.00000000000000000E+00   0.00000000000000000E+00   0.00000000000000000E+00
ION   71    1   0.00000000000000000E+00   0.00000000000000000E+00   0.00000000000000000E+00
ION   71    2   0.00000000000000000E+00   0.00000000000000000E+00   0.00000000000000000E+00
ION   71    3   0.00000000000000000E+00   0.00000000000000000E+00   0.00000000000000000E+00
ION   71    4   0.00000000000000000E+00   0.00000000000000000E+00   0.00000000000000000E+00
ION   71    5   0.00000000000000000E+00   0.00000000000000000E+00   0.00000000000000000E+00
ION   71    6   0.00000000000000000E+00   0.00000000000000000E+00   0.00000000000000000E+00
ION   71    7   0.00000000000000000E+00   0.00000000000000000E+00   0.00000000000000000E+00
ION   71    8   0.00000000000000000E+00   0.00000000000000000E+00   0.00000000000000000E+00
ION   72    0   0.00000000000000000E+00   0.00000000000000000E+00   0.00000000000000000E+00
ION   72    1   0.00000000000000000E+00   0.00000000000000000E+00   0.00000000000000000E+00
ION   72    2   0.00000000000000000E+00   0.00000000000000000E+00   0.00000000000000000E+00
ION   72    3   0.00000000000000000E+00   0.00000000000000000E+00   0.00000000000000000E+00
ION   72    4   0.00000000000000000E+00   0.00000000000000000E+00   0.00000000000000000E+00
ION   72    5   0.00000000000000000E+00   0.00000000000000000E+00   0.00000000000000000E+00
ION   72    6   0.00000000000000000E+00   0.00000000000000000E+00   0.00000000000000000E+00
ION   72    7   0.00000000000000000E+00   0.00000000000000000E+00   0.00000000000000000E+00
ION   72    8   0.00000000000000000E+00   0.00000000000000000E+00   0.00000000000000000E+00
ION   73    0   0.00000000000000000E+00   0.00000000000000000E+00   0.00000000000000000E+00
ION   73    1   0.00000000000000000E+00   0.00000000000000000E+00   0.00000000000000000E+00
ION   73    2   0.00000000000000000E+00   0.00000000000000000E+00   0.00000000000000000E+00
ION   73    3   0.00000000000000000E+00   0.00000000000000000E+00   0.00000000000000000E+00
ION   73    4   0.00000000000000000E+00   0.00000000000000000E+00   0.00000000000000000E+00
ION   73    5   0.00000000000000000E+00   0.00000000000000000E+00   0.00000000000000000E+00
ION   73    6   0.00000000000000000E+00   0.00000000000000000E+00   0.00000000000000000E+00
ION   73    7   0.00000000000000000E+00   0.00000000000000000E+00   0.00000000000000000E+00
ION   73    8   0.00000000000000000E+00   0.00000000000000000E+00   0.00000000000000000E+00
ION   74    0   0.00000000000000000E+00   0.00000000000000000E+00   0.00000000000000000E+00
ION   74    1   0.00000000000000000E+00   0.00000000000000000E+00   0.00000000000000000E+00
ION   74    2   0.00000000000000000E+00   0.00000000000000000E+00   0.00000000000000000E+00
ION   74    3   0.00000000000000000E+00   0.00000000000000000E+00   0.00000000000000000E+00
ION   74    4   0.00000000000000000E+00   0.00000000000000000E+00   0.00000000000000000E+00
ION   74    5   0.00000000000000000E+00   0.00000000000000000E+00   0.00000000000000000E+00
ION   74    6   0.00000000000000000E+00   0.00000000000000000E+00   0.00000000000000000E+00
ION   74    7   0.00000000000000000E+00   0.00000000000000000E+00   0.00000000000000000E+00
ION   74    8   0.00000000000000000E+00   0.00000000000000000E+00   0.00000000000000000E+00
ION   75    0   0.00000000000000000E+00   0.00000000000000000E+00   0.00000000000000000E+00
ION   75    1   0.00000000000000000E+00   0.00000000000000000E+00   0.00000000000000000E+00
ION   75    2   0.00000000000000000E+00   0.00000000000000000E+00   0.00000000000000000E+00
ION   75    3   0.00000000000000000E+00   0.00000000000000000E+00   0.00000000000000000E+00
ION   75    4   0.00000000000000000E+00   0.00000000000000000E+00   0.00000000000000000E+00
ION   75    5   0.00000000000000000E+00   0.00000000000000000E+00   0.00000000000000000E+00
ION   75    6   0.00000000000000000E+00   0.00000000000000000E+00   0.00000000000000000E+00
ION   75    7   0.00000000000000000E+00   0.00000000000000000E+00   0.00000000000000000E+00
ION   75    8   0.00000000000000000E+00   0.00000000000000000E+00   0.00000000000000000E+00
ION   76    0   0.00000000000000000E+00   0.00000000000000000E+00   0.00000000000000000E+00
ION   76    1   0.00000000000000000E+00   0.00000000000000000E+00   0.00000000000000000E+00
ION   76    2   0.00000000000000000E+00   0.00000000000000000E+00   0.00000000000000000E+00
ION   76    3   0.00000000000000000E+00   0.00000000000000000E+00   0.00000000000000000E+00
ION   76    4   0.00000000000000000E+00   0.00000000000000000E+00   0.00000000000000000E+00
ION   76    5   0.00000000000000000E+00   0.00000000000000000E+00   0.00000000000000000E+00
ION   76    6   0.00000000000000000E+00   0.00000000000000000E+00   0.00000000000000000E+00
ION   76    7   0.00000000000000000E+00   0.00000000000000000E+00   0.00000000000000000E+00
ION   76    8   0.00000000000000000E+00   0.00000000000000000E+00   0.00000000000000000E+00
ION   77    0   0.00000000000000000E+00   0.00000000000000000E+00   0.00000000000000000E+00
ION   77    1   0.00000000000000000E+00   0.00000000000000000E+00   0.00000000000000000E+00
ION   77    2   0.00000000000000000E+00   0.00000000000000000E+00   0.00000000000000000E+00
ION   77    3   0.00000000000000000E+00   0.00000000000000000E+00   0.00000000000000000E+00
ION   77    4   0.00000000000000000E+00   0.00000000000000000E+00   0.00000000000000000E+00
ION   77    5   0.00000000000000000E+00   0.00000000000000000E+00   0.00000000000000000E+00
ION   77    6   0.00000000000000000E+00   0.00000000000000000E+00   0.00000000000000000E+00
ION   77    7   0.00000000000000000E+00   0.00000000000000000E+00   0.00000000000000000E+00
ION   77    8   0.00000000000000000E+00   0.00000000000000000E+00   0.00000000000000000E+00
ION   78    0   0.00000000000000000E+00   0.00000000000000000E+00   0.00000000000000000E+00
ION   78    1   0.00000000000000000E+00   0.00000000000000000E+00   0.00000000000000000E+00
ION   78    2   0.00000000000000000E+00   0.00000000000000000E+00   0.00000000000000000E+00
ION   78    3   0.00000000000000000E+00   0.00000000000000000E+00   0.00000000000000000E+00
ION   78    4   0.00000000000000000E+00   0.00000000000000000E+00   0.00000000000000000E+00
ION   78    5   0.00000000000000000E+00   0.00000000000000000E+00   0.00000000000000000E+00
ION   78    6   0.00000000000000000E+00   0.00000000000000000E+00   0.00000000000000000E+00
ION   78    7   0.00000000000000000E+00   0.00000000000000000E+00   0.00000000000000000E+00
ION   78    8   0.00000000000000000E+00   0.00000000000000000E+00   0.00000000000000000E+00
ION   79    0   0.00000000000000000E+00   0.00000000000000000E+00   0.00000000000000000E+00
ION   79    1   0.00000000000000000E+00   0.00000000000000000E+00   0.00000000000000000E+00
ION   79    2   0.00000000000000000E+00   0.00000000000000000E+00   0.00000000000000000E+00
ION   79    3   0.00000000000000000E+00   0.00000000000000000E+00   0.00000000000000000E+00
ION   79    4   0.00000000000000000E+00   0.00000000000000000E+00   0.00000000000000000E+00
ION   79    5   0.00000000000000000E+00   0.00000000000000000E+00   0.00000000000000000E+00
ION   79    6   0.00000000000000000E+00   0.00000000000000000E+00   0.00000000000000000E+00
ION   79    7   0.00000000000000000E+00   0.00000000000000000E+00   0.00000000000000000E+00
ION   79    8   0.00000000000000000E+00   0.00000000000000000E+00   0.00000000000000000E+00
ION   80    0   0.00000000000000000E+00   0.00000000000000000E+00   0.00000000000000000E+00
ION   80    1   0.00000000000000000E+00   0.00000000000000000E+00   0.00000000000000000E+00
ION   80    2   0.00000000000000000E+00   0.00000000000000000E+00   0.00000000000000000E+00
ION   80    3   0.00000000000000000E+00   0.00000000000000000E+00   0.00000000000000000E+00
ION   80    4   0.00000000000000000E+00   0.00000000000000000E+00   0.00000000000000000E+00
ION   80    5   0.00000000000000000E+00   0.00000000000000000E+00   0.00000000000000000E+00
ION   80    6   0.00000000000000000E+00   0.00000000000000000E+00   0.00000000000000000E+00
ION   80    7   0.00000000000000000E+00   0.00000000000000000E+00   0.00000000000000000E+00
ION   80    8   0.00000000000000000E+00   0.00000000000000000E+00   0.00000000000000000E+00
ION   81    0   0.00000000000000000E+00   0.00000000000000000E+00   0.00000000000000000E+00
ION   81    1   0.00000000000000000E+00   0.00000000000000000E+00   0.00000000000000000E+00
ION   81    2   0.00000000000000000E+00   0.00000000000000000E+00   0.00000000000000000E+00
ION   81    3   0.00000000000000000E+00   0.00000000000000000E+00   0.00000000000000000E+00
ION   81    4   0.00000000000000000E+00   0.00000000000000000E+00   0.00000000000000000E+00
ION   81    5   0.00000000000000000E+00   0.00000000000000000E+00   0.00000000000000000E+00
ION   81    6   0.00000000000000000E+00   0.00000000000000000E+00   0.00000000000000000E+00
ION   81    7   0.00000000000000000E+00   0.00000000000000000E+00   0.00000000000000000E+00
ION   81    8   0.00000000000000000E+00   0.00000000000000000E+00   0.00000000000000000E+00
ION   82    0   0.00000000000000000E+00   0.00000000000000000E+00   0.00000000000000000E+00
ION   82    1   0.00000000000000000E+00   0.00000000000000000E+00   0.00000000000000000E+00
ION   82    2   0.00000000000000000E+00   0.00000000000000000E+00   0.00000000000000000E+00
ION   82    3   0.00000000000000000E+00   0.00000000000000000E+00   0.00000000000000000E+00
ION   82    4   0.00000000000000000E+00   0.00000000000000000E+00   0.00000000000000000E+00
ION   82    5   0.00000000000000000E+00   0.00000000000000000E+00   0.00000000000000000E+00
ION   82    6   0.00000000000000000E+00   0.00000000000000000E+00   0.00000000000000000E+00
ION   82    7   0.00000000000000000E+00   0.00000000000000000E+00   0.00000000000000000E+00
ION   82    8   0.00000000000000000E+00   0.00000000000000000E+00   0.00000000000000000E+00
ION   83    0   0.00000000000000000E+00   0.00000000000000000E+00   0.00000000000000000E+00
ION   83    1   0.00000000000000000E+00   0.00000000000000000E+00   0.00000000000000000E+00
ION   83    2   0.00000000000000000E+00   0.00000000000000000E+00   0.00000000000000000E+00
ION   83    3   0.00000000000000000E+00   0.00000000000000000E+00   0.00000000000000000E+00
ION   83    4   0.00000000000000000E+00   0.00000000000000000E+00   0.00000000000000000E+00
ION   83    5   0.00000000000000000E+00   0.00000000000000000E+00   0.00000000000000000E+00
ION   83    6   0.00000000000000000E+00   0.00000000000000000E+00   0.00000000000000000E+00
ION   83    7   0.00000000000000000E+00   0.00000000000000000E+00   0.00000000000000000E+00
ION   83    8   0.00000000000000000E+00   0.00000000000000000E+00   0.00000000000000000E+00
ION   84    0   0.00000000000000000E+00   0.00000000000000000E+00   0.00000000000000000E+00
ION   84    1   0.00000000000000000E+00   0.00000000000000000E+00   0.00000000000000000E+00
ION   84    2   0.00000000000000000E+00   0.00000000000000000E+00   0.00000000000000000E+00
ION   84    3   0.00000000000000000E+00   0.00000000000000000E+00   0.00000000000000000E+00
ION   84    4   0.00000000000000000E+00   0.00000000000000000E+00   0.00000000000000000E+00
ION   84    5   0.00000000000000000E+00   0.00000000000000000E+00   0.00000000000000000E+00
ION   84    6   0.00000000000000000E+00   0.00000000000000000E+00   0.00000000000000000E+00
ION   84    7   0.00000000000000000E+00   0.00000000000000000E+00   0.00000000000000000E+00
ION   84    8   0.00000000000000000E+00   0.00000000000000000E+00   0.00000000000000000E+00
ION   85    0   0.00000000000000000E+00   0.00000000000000000E+00   0.00000000000000000E+00
ION   85    1   0.00000000000000000E+00   0.00000000000000000E+00   0.00000000000000000E+00
ION   85    2   0.00000000000000000E+00   0.00000000000000000E+00   0.00000000000000000E+00
ION   85    3   0.00000000000000000E+00   0.00000000000000000E+00   0.00000000000000000E+00
ION   85    4   0.00000000000000000E+00   0.00000000000000000E+00   0.00000000000000000E+00
ION   85    5   0.00000000000000000E+00   0.00000000000000000E+00   0.00000000000000000E+00
ION   85    6   0.00000000000000000E+00   0.00000000000000000E+00   0.00000000000000000E+00
ION   85    7   0.00000000000000000E+00   0.00000000000000000E+00   0.00000000000000000E+00
ION   85    8   0.00000000000000000E+00   0.00000000000000000E+00   0.00000000000000000E+00
ION   86    0   0.00000000000000000E+00   0.00000000000000000E+00   0.00000000000000000E+00
ION   86    1   0.00000000000000000E+00   0.00000000000000000E+00   0.00000000000000000E+00
ION   86    2   0.00000000000000000E+00   0.00000000000000000E+00   0.00000000000000000E+00
ION   86    3   0.00000000000000000E+00   0.00000000000000000E+00   0.00000000000000000E+00
ION   86    4   0.00000000000000000E+00   0.00000000000000000E+00   0.00000000000000000E+00
ION   86    5   0.00000000000000000E+00   0.00000000000000000E+00   0.00000000000000000E+00
ION   86    6   0.00000000000000000E+00   0.00000000000000000E+00   0.00000000000000000E+00
ION   86    7   0.00000000000000000E+00   0.00000000000000000E+00   0.00000000000000000E+00
ION   86    8   0.00000000000000000E+00   0.00000000000000000E+00   0.00000000000000000E+00
ION   87    0   0.00000000000000000E+00   0.00000000000000000E+00   0.00000000000000000E+00
ION   87    1   0.00000000000000000E+00   0.00000000000000000E+00   0.00000000000000000E+00
ION   87    2   0.00000000000000000E+00   0.00000000000000000E+00   0.00000000000000000E+00
ION   87    3   0.00000000000000000E+00   0.00000000000000000E+00   0.00000000000000000E+00
ION   87    4   0.00000000000000000E+00   0.00000000000000000E+00   0.00000000000000000E+00
ION   87    5   0.00000000000000000E+00   0.00000000000000000E+00   0.00000000000000000E+00
ION   87    6   0.00000000000000000E+00   0.00000000000000000E+00   0.00000000000000000E+00
ION   87    7   0.00000000000000000E+00   0.00000000000000000E+00   0.00000000000000000E+00
ION   87    8   0.00000000000000000E+00   0.00000000000000000E+00   0.00000000000000000E+00
ION   88    0   0.00000000000000000E+00   0.00000000000000000E+00   0.00000000000000000E+00
ION   88    1   0.00000000000000000E+00   0.00000000000000000E+00   0.00000000000000000E+00
ION   88    2   0.00000000000000000E+00   0.00000000000000000E+00   0.00000000000000000E+00
ION   88    3   0.00000000000000000E+00   0.00000000000000000E+00   0.00000000000000000E+00
ION   88    4   0.00000000000000000E+00   0.00000000000000000E+00   0.00000000000000000E+00
ION   88    5   0.00000000000000000E+00   0.00000000000000000E+00   0.00000000000000000E+00
ION   88    6   0.00000000000000000E+00   0.00000000000000000E+00   0.00000000000000000E+00
ION   88    7   0.00000000000000000E+00   0.00000000000000000E+00   0.00000000000000000E+00
ION   88    8   0.00000000000000000E+00   0.00000000000000000E+00   0.00000000000000000E+00
ION   89    0   0.00000000000000000E+00   0.00000000000000000E+00   0.00000000000000000E+00
ION   89    1   0.00000000000000000E+00   0.00000000000000000E+00   0.00000000000000000E+00
ION   89    2   0.00000000000000000E+00   0.00000000000000000E+00   0.00000000000000000E+00
ION   89    3   0.00000000000000000E+00   0.00000000000000000E+00   0.00000000000000000E+00
ION   89    4   0.00000000000000000E+00   0.00000000000000000E+00   0.00000000000000000E+00
ION   89    5   0.00000000000000000E+00   0.00000000000000000E+00   0.00000000000000000E+00
ION   89    6   0.00000000000000000E+00   0.00000000000000000E+00   0.00000000000000000E+00
ION   89    7   0.00000000000000000E+00   0.00000000000000000E+00   0.00000000000000000E+00
ION   89    8   0.00000000000000000E+00   0.00000000000000000E+00   0.00000000000000000E+00
ION   90    0   0.00000000000000000E+00   0.00000000000000000E+00   0.00000000000000000E+00
ION   90    1   0.00000000000000000E+00   0.00000000000000000E+00   0.00000000000000000E+00
ION   90    2   0.00000000000000000E+00   0.00000000000000000E+00   0.00000000000000000E+00
ION   90    3   0.00000000000000000E+00   0.00000000000000000E+00   0.00000000000000000E+00
ION   90    4   0.00000000000000000E+00   0.00000000000000000E+00   0.00000000000000000E+00
ION   90    5   0.00000000000000000E+00   0.00000000000000000E+00   0.00000000000000000E+00
ION   90    6   0.00000000000000000E+00   0.00000000000000000E+00   0.00000000000000000E+00
ION   90    7   0.00000000000000000E+00   0.00000000000000000E+00   0.00000000000000000E+00
ION   90    8   0.00000000000000000E+00   0.00000000000000000E+00   0.00000000000000000E+00
ION   91    0   0.00000000000000000E+00   0.00000000000000000E+00   0.00000000000000000E+00
ION   91    1   0.00000000000000000E+00   0.00000000000000000E+00   0.00000000000000000E+00
ION   91    2   0.00000000000000000E+00   0.00000000000000000E+00   0.00000000000000000E+00
ION   91    3   0.00000000000000000E+00   0.00000000000000000E+00   0.00000000000000000E+00
ION   91    4   0.00000000000000000E+00   0.00000000000000000E+00   0.00000000000000000E+00
ION   91    5   0.00000000000000000E+00   0.00000000000000000E+00   0.00000000000000000E+00
ION   91    6   0.00000000000000000E+00   0.00000000000000000E+00   0.00000000000000000E+00
ION   91    7   0.00000000000000000E+00   0.00000000000000000E+00   0.00000000000000000E+00
ION   91    8   0.00000000000000000E+00   0.00000000000000000E+00   0.00000000000000000E+00
ION   92    0   0.00000000000000000E+00   0.00000000000000000E+00   0.00000000000000000E+00
ION   92    1   0.00000000000000000E+00   0.00000000000000000E+00   0.00000000000000000E+00
ION   92    2   0.00000000000000000E+00   0.00000000000000000E+00   0.00000000000000000E+00
ION   92    3   0.00000000000000000E+00   0.00000000000000000E+00   0.00000000000000000E+00
ION   92    4   0.00000000000000000E+00   0.00000000000000000E+00   0.00000000000000000E+00
ION   92    5   0.00000000000000000E+00   0.00000000000000000E+00   0.00000000000000000E+00
ION   92    6   0.00000000000000000E+00   0.00000000000000000E+00   0.00000000000000000E+00
ION   92    7   0.00000000000000000E+00   0.00000000000000000E+00   0.00000000000000000E+00
ION   92    8   0.00000000000000000E+00   0.00000000000000000E+00   0.00000000000000000E+00
ION   93    0   0.00000000000000000E+00   0.00000000000000000E+00   0.00000000000000000E+00
ION   93    1   0.00000000000000000E+00   0.00000000000000000E+00   0.00000000000000000E+00
ION   93    2   0.00000000000000000E+00   0.00000000000000000E+00   0.00000000000000000E+00
ION   93    3   0.00000000000000000E+00   0.00000000000000000E+00   0.00000000000000000E+00
ION   93    4   0.00000000000000000E+00   0.00000000000000000E+00   0.00000000000000000E+00
ION   93    5   0.00000000000000000E+00   0.00000000000000000E+00   0.00000000000000000E+00
ION   93    6   0.00000000000000000E+00   0.00000000000000000E+00   0.00000000000000000E+00
ION   93    7   0.00000000000000000E+00   0.00000000000000000E+00   0.00000000000000000E+00
ION   93    8   0.00000000000000000E+00   0.00000000000000000E+00   0.00000000000000000E+00
ION   94    0   0.00000000000000000E+00   0.00000000000000000E+00   0.00000000000000000E+00
ION   94    1   0.00000000000000000E+00   0.00000000000000000E+00   0.00000000000000000E+00
ION   94    2   0.00000000000000000E+00   0.00000000000000000E+00   0.00000000000000000E+00
ION   94    3   0.00000000000000000E+00   0.00000000000000000E+00   0.00000000000000000E+00
ION   94    4   0.00000000000000000E+00   0.00000000000000000E+00   0.00000000000000000E+00
ION   94    5   0.00000000000000000E+00   0.00000000000000000E+00   0.00000000000000000E+00
ION   94    6   0.00000000000000000E+00   0.00000000000000000E+00   0.00000000000000000E+00
ION   94    7   0.00000000000000000E+00   0.00000000000000000E+00   0.00000000000000000E+00
ION   94    8   0.00000000000000000E+00   0.00000000000000000E+00   0.00000000000000000E+00
ION   95    0   0.00000000000000000E+00   0.00000000000000000E+00   0.00000000000000000E+00
ION   95    1   0.00000000000000000E+00   0.00000000000000000E+00   0.00000000000000000E+00
ION   95    2   0.00000000000000000E+00   0.00000000000000000E+00   0.00000000000000000E+00
ION   95    3   0.00000000000000000E+00   0.00000000000000000E+00   0.00000000000000000E+00
ION   95    4   0.00000000000000000E+00   0.00000000000000000E+00   0.00000000000000000E+00
ION   95    5   0.00000000000000000E+00   0.00000000000000000E+00   0.00000000000000000E+00
ION   95    6   0.00000000000000000E+00   0.00000000000000000E+00   0.00000000000000000E+00
ION   95    7   0.00000000000000000E+00   0.00000000000000000E+00   0.00000000000000000E+00
ION   95    8   0.00000000000000000E+00   0.00000000000000000E+00   0.00000000000000000E+00
ION   96    0   0.00000000000000000E+00   0.00000000000000000E+00   0.00000000000000000E+00
ION   96    1   0.00000000000000000E+00   0.00000000000000000E+00   0.00000000000000000E+00
ION   96    2   0.00000000000000000E+00   0.00000000000000000E+00   0.00000000000000000E+00
ION   96    3   0.00000000000000000E+00   0.00000000000000000E+00   0.00000000000000000E+00
ION   96    4   0.00000000000000000E+00   0.00000000000000000E+00   0.00000000000000000E+00
ION   96    5   0.00000000000000000E+00   0.00000000000000000E+00   0.00000000000000000E+00
ION   96    6   0.00000000000000000E+00   0.00000000000000000E+00   0.00000000000000000E+00
ION   96    7   0.00000000000000000E+00   0.00000000000000000E+00   0.00000000000000000E+00
ION   96    8   0.00000000000000000E+00   0.00000000000000000E+00   0.00000000000000000E+00
ION   97    0   0.00000000000000000E+00   0.00000000000000000E+00   0.00000000000000000E+00
ION   97    1   0.00000000000000000E+00   0.00000000000000000E+00   0.00000000000000000E+00
ION   97    2   0.00000000000000000E+00   0.00000000000000000E+00   0.00000000000000000E+00
ION   97    3   0.00000000000000000E+00   0.00000000000000000E+00   0.00000000000000000E+00
ION   97    4   0.00000000000000000E+00   0.00000000000000000E+00   0.00000000000000000E+00
ION   97    5   0.00000000000000000E+00   0.00000000000000000E+00   0.00000000000000000E+00
ION   97    6   0.00000000000000000E+00   0.00000000000000000E+00   0.00000000000000000E+00
ION   97    7   0.00000000000000000E+00   0.00000000000000000E+00   0.00000000000000000E+00
ION   97    8   0.00000000000000000E+00   0.00000000000000000E+00   0.00000000000000000E+00
ION   98    0   0.00000000000000000E+00   0.00000000000000000E+00   0.00000000000000000E+00
ION   98    1   0.00000000000000000E+00   0.00000000000000000E+00   0.00000000000000000E+00
ION   98    2   0.00000000000000000E+00   0.00000000000000000E+00   0.00000000000000000E+00
ION   98    3   0.00000000000000000E+00   0.00000000000000000E+00   0.00000000000000000E+00
ION   98    4   0.00000000000000000E+00   0.00000000000000000E+00   0.00000000000000000E+00
ION   98    5   0.00000000000000000E+00   0.00000000000000000E+00   0.00000000000000000E+00
ION   98    6   0.00000000000000000E+00   0.00000000000000000E+00   0.00000000000000000E+00
ION   98    7   0.00000000000000000E+00   0.00000000000000000E+00   0.00000000000000000E+00
ION   98    8   0.00000000000000000E+00   0.00000000000000000E+00   0.00000000000000000E+00
ION   99    0   0.00000000000000000E+00   0.00000000000000000E+00   0.00000000000000000E+00
ION   99    1   0.00000000000000000E+00   0.00000000000000000E+00   0.00000000000000000E+00
ION   99    2   0.00000000000000000E+00   0.00000000000000000E+00   0.00000000000000000E+00
ION   99    3   0.00000000000000000E+00   0.00000000000000000E+00   0.00000000000000000E+00
ION   99    4   0.00000000000000000E+00   0.00000000000000000E+00   0.00000000000000000E+00
ION   99    5   0.00000000000000000E+00   0.00000000000000000E+00   0.00000000000000000E+00
ION   99    6   0.00000000000000000E+00   0.00000000000000000E+00   0.00000000000000000E+00
ION   99    7   0.00000000000000000E+00   0.00000000000000000E+00   0.00000000000000000E+00
ION   99    8   0.00000000000000000E+00   0.00000000000000000E+00   0.00000000000000000E+00
LEVEL    1    1    1   7.43712716900978516E+11   2.00000000000000000E+00   2.17853041000000000E-11   9.99999961973287554E-01
LEVEL    2    1    1   5.53985216206540012E+09   8.00000000000000000E+00   5.44632602500000001E-12   9.99997566269001492E-01
LEVEL    3    1    1   3.89153063273343611E+09   1.80000000000000000E+01   2.42058934444444449E-12   9.99972275709814618E-01
LEVEL    4    1    1   4.60237332169714737E+09   3.20000000000000000E+01   1.36158150625000000E-12   9.99802264192529822E-01
LEVEL    5    1    1   5.95089717249270153E+09   5.00000000000000000E+01   8.71412164000000009E-13   9.99064832422597804E-01
LEVEL    6    1    1   7.71582811079788208E+09   7.20000000000000000E+01   6.05147336111111123E-13   9.96597084638205954E-01
LEVEL    7    1    1   9.80369392031579781E+09   9.80000000000000000E+01   4.44598042857142868E-13   9.89596829810411083E-01
LEVEL    8    1    1   1.20776862185259285E+10   1.28000000000000000E+02   3.40395376562500000E-13   9.71580740642060126E-01
LEVEL    9    1    1   6.42173931840347061E+10   7.53758266268371358E+02   0.00000000000000000E+00   1.00000000000000000E+00
LEVEL   10    1    1   1.01766757496450538E+15   1.00000000000000000E+00   0.00000000000000000E+00   1.00000000000000000E+00
LEVEL   11    2    2   4.21389651200962402E+12   1.00000000000000000E+00   3.93894252211200053E-11   1.00000000000000000E+00
LEVEL   12    2    2   6.25947300971236974E+07   3.00000000000000000E+00   7.63714426576000073E-12   1.00000000000000000E+00
LEVEL   13    2    2   1.27727559965521675E+07   1.00000000000000000E+00   6.36153956100800056E-12   1.00000000000000000E+00
LEVEL   14    2    2   9.27475890382886678E+07   9.00000000000000000E+00   5.80358645523200086E-12   1.00000000000000000E+00
LEVEL   15    2    2   2.64370374653158300E+07   3.00000000000000000E+00   5.39679117923200095E-12   1.00000000000000000E+00
LEVEL   16    2    2   1.04851386307863910E+07   3.00000000000000000E+00   2.99296473016000043E-12   1.00000000000000000E+00
LEVEL   17    2    2   3.08619376313668024E+06   1.00000000000000000E+00   2.66959417267200046E-12   1.00000000000000000E+00
LEVEL   18    2    2   2.63289924971519597E+07   9.00000000000000000E+00   2.53055277638400033E-12   1.00000000000000000E+00
LEVEL   19    2    2   4.21173614242288694E+07   1.50000000000000000E+01   2.42388823582400028E-12   1.00000000000000000E+00
LEVEL   20    2    2   1.40359029664449953E+07   5.00000000000000000E+00   2.42329246187200035E-12   1.00000000000000000E+00
LEVEL   21    2    2   8.35423827598949149E+06   3.00000000000000000E+00   2.40243606691200020E-12   1.00000000000000000E+00
LEVEL   22    2    2   6.11272968851000536E+06   3.00000000000000000E+00   1.59043459881600016E-12   1.00000000000000000E+00
LEVEL   23    2    2   1.94002526273623295E+06   1.00000000000000000E+00   1.46291386206400017E-12   1.00000000000000000E+00
LEVEL   24    2    2   1.70945187776548341E+07   9.00000000000000000E+00   1.40789322326400014E-12   1.00000000000000000E+00
LEVEL   25    2    2   2.79987602097189911E+07   1.50000000000000000E+01   1.36260539209600022E-12   1.00000000000000000E+00
LEVEL   26    2    2   9.33149374249107391E+06   5.00000000000000000E+00   1.36220812112000012E-12   1.00000000000000000E+00
LEVEL   27    2    2   3.91773012857180983E+07   2.10000000000000000E+01   1.36121494368000008E-12   1.00000000000000000E+00
LEVEL   28    2    2   1.30590970997822732E+07   7.00000000000000000E+00   1.36121428112000023E-12   1.00000000000000000E+00
LEVEL   29    2    2   5.57924941123145539E+06   3.00000000000000000E+00   1.35307108744000015E-12   1.00000000000000000E+00
LEVEL   30    2    2   1.15888105329309165E+08   7.50000000000000000E+01   8.71412825760000092E-13   1.00000000000000000E+00
LEVEL   31    2    2   3.86293487497013286E+07   2.50000000000000000E+01   8.71411500640000078E-13   1.00000000000000000E+00
LEVEL   32    2    2   2.00840662754719764E+08   1.44000000000000000E+02   6.05147334083200101E-13   1.00000000000000000E+00
LEVEL   33    2    2   2.56992330383034170E+08   1.96000000000000000E+02   4.44598040961600030E-13   1.00000000000000000E+00
LEVEL   34    2    2   3.22473149420914710E+08   2.56000000000000000E+02   3.40395374593600015E-13   1.00000000000000000E+00
LEVEL   35    2    3   2.63994361827478711E+13   2.00000000000000000E+00   8.71769793211200027E-11   9.99999998352501529E-01
LEVEL   36    2    3   1.25692431035542427E+03   8.00000000000000000E+00   2.17942447971520020E-11   9.99999894560059777E-01
LEVEL   37    2    3   2.68203373209586822E+01   1.80000000000000000E+01   9.68633103568000048E-12   9.99998798968228075E-01
LEVEL   38    2    3   9.33854213802669086E+00   3.20000000000000000E+01   5.44856119928800050E-12   9.99991439071651667E-01
LEVEL   39    2    3   6.86048665790145140E+00   5.00000000000000000E+01   3.48707916621920037E-12   9.99959615783120759E-01
LEVEL   40    2    3   6.55609580909358503E+00   7.20000000000000000E+01   2.42158275229440014E-12   9.99854273139170524E-01
LEVEL   41    2    3   6.96736541967121248E+00   9.80000000000000000E+01   1.77912202669120020E-12   9.99564239360923978E-01
LEVEL   42    2    3   7.74601302237240930E+00   1.28000000000000000E+02   1.36214030147840022E-12   9.98865517954092397E-01
LEVEL   43    2    3   8.76908174259298256E+00   1.62000000000000000E+02   1.07625899881120002E-12   9.97341260547957797E-01
LEVEL   44    2    3   9.97597202214075551E+00   2.00000000000000000E+02   8.71769793211200088E-13   9.94252257250147542E-01
LEVEL   45    2    3   1.13203429609500255E+01   2.42000000000000000E+02   7.20470904411200093E-13   9.88314243047941909E-01
LEVEL   46    2    3   1.27450138214803932E+01   2.88000000000000000E+02   6.05395688736160094E-13   9.77295220063554848E-01
LEVEL   47    2    3   1.41554640311818911E+01   3.38000000000000000E+02   5.15840113052000095E-13   9.57301146328732866E-01
LEVEL   48    2    3   1.53801924491411253E+01   3.92000000000000000E+02   4.44780506010240042E-13   9.21700293801964166E-01
LEVEL   49    2    3   1.61199361787065953E+01   4.50000000000000000E+02   3.87453241427200033E-13   8.60286763051067438E-01
LEVEL   50    2    3   1.59386968499713788E+01   5.12000000000000000E+02   3.40535075369600055E-13   7.61227580888854338E-01
LEVEL   51    2    3   1.44414090211448105E+01   5.78000000000000000E+02   3.01650447324320013E-13   6.20169433838982598E-01
LEVEL   52    2    3   1.16968376747338692E+01   6.48000000000000000E+02   2.69064750696640043E-13   4.53697724726845830E-01
LEVEL   53    2    3   8.43805136265866373E+00   7.22000000000000000E+02   2.41487477620960010E-13   2.96883325226609318E-01
LEVEL   54    2    3   5.54363793106276859E+00   8.00000000000000000E+02   2.17942447971520018E-13   1.77631377712147959E-01
LEVEL   55    2    3   4.28505158802107326E+05   1.00000000000000000E+00   0.00000000000000000E+00   1.00000000000000000E+00
