Number of T =   1  Number of rho =   1  Number of materials =   9
TOPS results for  phLine7T0       on Sep 19, 2026
Opacities in cm**2/gm, T in keV, density in gm/cc
Normalized composition for requested elements
No. Fraction Mass Fraction  At. No.  Chem. Sym.  Mat ID.
9.7044E-01   8.8941E-01      1         H         4525
2.9297E-02   1.0664E-01      2         He        4675
2.4325E-06   2.6953E-05      6         C         4387
1.1017E-04   1.4030E-03      7         N         4005
8.3156E-05   1.2116E-03      8         O         4105
2.5313E-09   4.3732E-08      9         F         4405
2.2228E-05   4.0413E-04     10         Ne        4145
4.1339E-05   9.0165E-04     12         Mg        4682
2.1699E-07   7.8856E-06     20         Ca        2302
Temperature grid used the following   1 points
1.5000E-03
Density grid used the following   1 points
1.9163E-09
Photon grid used the following 999 points
1.2589E-02  1.2590E-02  1.2591E-02  1.2592E-02  1.2593E-02  1.2594E-02
1.2594E-02  1.2595E-02  1.2596E-02  1.2597E-02  1.2598E-02  1.2599E-02
1.2600E-02  1.2601E-02  1.2602E-02  1.2602E-02  1.2603E-02  1.2604E-02
1.2605E-02  1.2606E-02  1.2607E-02  1.2608E-02  1.2609E-02  1.2610E-02
1.2610E-02  1.2611E-02  1.2612E-02  1.2613E-02  1.2614E-02  1.2615E-02
1.2616E-02  1.2617E-02  1.2618E-02  1.2618E-02  1.2619E-02  1.2620E-02
1.2621E-02  1.2622E-02  1.2623E-02  1.2624E-02  1.2625E-02  1.2625E-02
1.2626E-02  1.2627E-02  1.2628E-02  1.2629E-02  1.2630E-02  1.2631E-02
1.2632E-02  1.2633E-02  1.2633E-02  1.2634E-02  1.2635E-02  1.2636E-02
1.2637E-02  1.2638E-02  1.2639E-02  1.2640E-02  1.2641E-02  1.2641E-02
1.2642E-02  1.2643E-02  1.2644E-02  1.2645E-02  1.2646E-02  1.2647E-02
1.2648E-02  1.2649E-02  1.2649E-02  1.2650E-02  1.2651E-02  1.2652E-02
1.2653E-02  1.2654E-02  1.2655E-02  1.2656E-02  1.2657E-02  1.2658E-02
1.2658E-02  1.2659E-02  1.2660E-02  1.2661E-02  1.2662E-02  1.2663E-02
1.2664E-02  1.2665E-02  1.2666E-02  1.2666E-02  1.2667E-02  1.2668E-02
1.2669E-02  1.2670E-02  1.2671E-02  1.2672E-02  1.2673E-02  1.2674E-02
1.2674E-02  1.2675E-02  1.2676E-02  1.2677E-02  1.2678E-02  1.2679E-02
1.2680E-02  1.2681E-02  1.2682E-02  1.2682E-02  1.2683E-02  1.2684E-02
1.2685E-02  1.2686E-02  1.2687E-02  1.2688E-02  1.2689E-02  1.2690E-02
1.2691E-02  1.2691E-02  1.2692E-02  1.2693E-02  1.2694E-02  1.2695E-02
1.2696E-02  1.2697E-02  1.2698E-02  1.2699E-02  1.2699E-02  1.2700E-02
1.2701E-02  1.2702E-02  1.2703E-02  1.2704E-02  1.2705E-02  1.2706E-02
1.2707E-02  1.2707E-02  1.2708E-02  1.2709E-02  1.2710E-02  1.2711E-02
1.2712E-02  1.2713E-02  1.2714E-02  1.2715E-02  1.2716E-02  1.2716E-02
1.2717E-02  1.2718E-02  1.2719E-02  1.2720E-02  1.2721E-02  1.2722E-02
1.2723E-02  1.2724E-02  1.2724E-02  1.2725E-02  1.2726E-02  1.2727E-02
1.2728E-02  1.2729E-02  1.2730E-02  1.2731E-02  1.2732E-02  1.2733E-02
1.2733E-02  1.2734E-02  1.2735E-02  1.2736E-02  1.2737E-02  1.2738E-02
1.2739E-02  1.2740E-02  1.2741E-02  1.2741E-02  1.2742E-02  1.2743E-02
1.2744E-02  1.2745E-02  1.2746E-02  1.2747E-02  1.2748E-02  1.2749E-02
1.2750E-02  1.2750E-02  1.2751E-02  1.2752E-02  1.2753E-02  1.2754E-02
1.2755E-02  1.2756E-02  1.2757E-02  1.2758E-02  1.2759E-02  1.2759E-02
1.2760E-02  1.2761E-02  1.2762E-02  1.2763E-02  1.2764E-02  1.2765E-02
1.2766E-02  1.2767E-02  1.2768E-02  1.2768E-02  1.2769E-02  1.2770E-02
1.2771E-02  1.2772E-02  1.2773E-02  1.2774E-02  1.2775E-02  1.2776E-02
1.2777E-02  1.2777E-02  1.2778E-02  1.2779E-02  1.2780E-02  1.2781E-02
1.2782E-02  1.2783E-02  1.2784E-02  1.2785E-02  1.2785E-02  1.2786E-02
1.2787E-02  1.2788E-02  1.2789E-02  1.2790E-02  1.2791E-02  1.2792E-02
1.2793E-02  1.2794E-02  1.2794E-02  1.2795E-02  1.2796E-02  1.2797E-02
1.2798E-02  1.2799E-02  1.2800E-02  1.2801E-02  1.2802E-02  1.2803E-02
1.2803E-02  1.2804E-02  1.2805E-02  1.2806E-02  1.2807E-02  1.2808E-02
1.2809E-02  1.2810E-02  1.2811E-02  1.2812E-02  1.2813E-02  1.2813E-02
1.2814E-02  1.2815E-02  1.2816E-02  1.2817E-02  1.2818E-02  1.2819E-02
1.2820E-02  1.2821E-02  1.2822E-02  1.2822E-02  1.2823E-02  1.2824E-02
1.2825E-02  1.2826E-02  1.2827E-02  1.2828E-02  1.2829E-02  1.2830E-02
1.2831E-02  1.2831E-02  1.2832E-02  1.2833E-02  1.2834E-02  1.2835E-02
1.2836E-02  1.2837E-02  1.2838E-02  1.2839E-02  1.2840E-02  1.2840E-02
1.2841E-02  1.2842E-02  1.2843E-02  1.2844E-02  1.2845E-02  1.2846E-02
1.2847E-02  1.2848E-02  1.2849E-02  1.2850E-02  1.2850E-02  1.2851E-02
1.2852E-02  1.2853E-02  1.2854E-02  1.2855E-02  1.2856E-02  1.2857E-02
1.2858E-02  1.2859E-02  1.2859E-02  1.2860E-02  1.2861E-02  1.2862E-02
1.2863E-02  1.2864E-02  1.2865E-02  1.2866E-02  1.2867E-02  1.2868E-02
1.2869E-02  1.2869E-02  1.2870E-02  1.2871E-02  1.2872E-02  1.2873E-02
1.2874E-02  1.2875E-02  1.2876E-02  1.2877E-02  1.2878E-02  1.2878E-02
1.2879E-02  1.2880E-02  1.2881E-02  1.2882E-02  1.2883E-02  1.2884E-02
1.2885E-02  1.2886E-02  1.2887E-02  1.2888E-02  1.2888E-02  1.2889E-02
1.2890E-02  1.2891E-02  1.2892E-02  1.2893E-02  1.2894E-02  1.2895E-02
1.2896E-02  1.2897E-02  1.2898E-02  1.2898E-02  1.2899E-02  1.2900E-02
1.2901E-02  1.2902E-02  1.2903E-02  1.2904E-02  1.2905E-02  1.2906E-02
1.2907E-02  1.2908E-02  1.2908E-02  1.2909E-02  1.2910E-02  1.2911E-02
1.2912E-02  1.2913E-02  1.2914E-02  1.2915E-02  1.2916E-02  1.2917E-02
1.2917E-02  1.2918E-02  1.2919E-02  1.2920E-02  1.2921E-02  1.2922E-02
1.2923E-02  1.2924E-02  1.2925E-02  1.2926E-02  1.2927E-02  1.2927E-02
1.2928E-02  1.2929E-02  1.2930E-02  1.2931E-02  1.2932E-02  1.2933E-02
1.2934E-02  1.2935E-02  1.2936E-02  1.2937E-02  1.2938E-02  1.2938E-02
1.2939E-02  1.2940E-02  1.2941E-02  1.2942E-02  1.2943E-02  1.2944E-02
1.2945E-02  1.2946E-02  1.2947E-02  1.2948E-02  1.2948E-02  1.2949E-02
1.2950E-02  1.2951E-02  1.2952E-02  1.2953E-02  1.2954E-02  1.2955E-02
1.2956E-02  1.2957E-02  1.2958E-02  1.2958E-02  1.2959E-02  1.2960E-02
1.2961E-02  1.2962E-02  1.2963E-02  1.2964E-02  1.2965E-02  1.2966E-02
1.2967E-02  1.2968E-02  1.2968E-02  1.2969E-02  1.2970E-02  1.2971E-02
1.2972E-02  1.2973E-02  1.2974E-02  1.2975E-02  1.2976E-02  1.2977E-02
1.2978E-02  1.2979E-02  1.2979E-02  1.2980E-02  1.2981E-02  1.2982E-02
1.2983E-02  1.2984E-02  1.2985E-02  1.2986E-02  1.2987E-02  1.2988E-02
1.2989E-02  1.2989E-02  1.2990E-02  1.2991E-02  1.2992E-02  1.2993E-02
1.2994E-02  1.2995E-02  1.2996E-02  1.2997E-02  1.2998E-02  1.2999E-02
1.3000E-02  1.3000E-02  1.3001E-02  1.3002E-02  1.3003E-02  1.3004E-02
1.3005E-02  1.3006E-02  1.3007E-02  1.3008E-02  1.3009E-02  1.3010E-02
1.3011E-02  1.3011E-02  1.3012E-02  1.3013E-02  1.3014E-02  1.3015E-02
1.3016E-02  1.3017E-02  1.3018E-02  1.3019E-02  1.3020E-02  1.3021E-02
1.3022E-02  1.3022E-02  1.3023E-02  1.3024E-02  1.3025E-02  1.3026E-02
1.3027E-02  1.3028E-02  1.3029E-02  1.3030E-02  1.3031E-02  1.3032E-02
1.3033E-02  1.3033E-02  1.3034E-02  1.3035E-02  1.3036E-02  1.3037E-02
1.3038E-02  1.3039E-02  1.3040E-02  1.3041E-02  1.3042E-02  1.3043E-02
1.3044E-02  1.3044E-02  1.3045E-02  1.3046E-02  1.3047E-02  1.3048E-02
1.3049E-02  1.3050E-02  1.3051E-02  1.3052E-02  1.3053E-02  1.3054E-02
1.3055E-02  1.3055E-02  1.3056E-02  1.3057E-02  1.3058E-02  1.3059E-02
1.3060E-02  1.3061E-02  1.3062E-02  1.3063E-02  1.3064E-02  1.3065E-02
1.3066E-02  1.3066E-02  1.3067E-02  1.3068E-02  1.3069E-02  1.3070E-02
1.3071E-02  1.3072E-02  1.3073E-02  1.3074E-02  1.3075E-02  1.3076E-02
1.3077E-02  1.3078E-02  1.3078E-02  1.3079E-02  1.3080E-02  1.3081E-02
1.3082E-02  1.3083E-02  1.3084E-02  1.3085E-02  1.3086E-02  1.3087E-02
1.3088E-02  1.3089E-02  1.3089E-02  1.3090E-02  1.3091E-02  1.3092E-02
1.3093E-02  1.3094E-02  1.3095E-02  1.3096E-02  1.3097E-02  1.3098E-02
1.3099E-02  1.3100E-02  1.3101E-02  1.3101E-02  1.3102E-02  1.3103E-02
1.3104E-02  1.3105E-02  1.3106E-02  1.3107E-02  1.3108E-02  1.3109E-02
1.3110E-02  1.3111E-02  1.3112E-02  1.3113E-02  1.3113E-02  1.3114E-02
1.3115E-02  1.3116E-02  1.3117E-02  1.3118E-02  1.3119E-02  1.3120E-02
1.3121E-02  1.3122E-02  1.3123E-02  1.3124E-02  1.3125E-02  1.3125E-02
1.3126E-02  1.3127E-02  1.3128E-02  1.3129E-02  1.3130E-02  1.3131E-02
1.3132E-02  1.3133E-02  1.3134E-02  1.3135E-02  1.3136E-02  1.3137E-02
1.3137E-02  1.3138E-02  1.3139E-02  1.3140E-02  1.3141E-02  1.3142E-02
1.3143E-02  1.3144E-02  1.3145E-02  1.3146E-02  1.3147E-02  1.3148E-02
1.3149E-02  1.3149E-02  1.3150E-02  1.3151E-02  1.3152E-02  1.3153E-02
1.3154E-02  1.3155E-02  1.3156E-02  1.3157E-02  1.3158E-02  1.3159E-02
1.3160E-02  1.3161E-02  1.3162E-02  1.3162E-02  1.3163E-02  1.3164E-02
1.3165E-02  1.3166E-02  1.3167E-02  1.3168E-02  1.3169E-02  1.3170E-02
1.3171E-02  1.3172E-02  1.3173E-02  1.3174E-02  1.3174E-02  1.3175E-02
1.3176E-02  1.3177E-02  1.3178E-02  1.3179E-02  1.3180E-02  1.3181E-02
1.3182E-02  1.3183E-02  1.3184E-02  1.3185E-02  1.3186E-02  1.3187E-02
1.3187E-02  1.3188E-02  1.3189E-02  1.3190E-02  1.3191E-02  1.3192E-02
1.3193E-02  1.3194E-02  1.3195E-02  1.3196E-02  1.3197E-02  1.3198E-02
1.3199E-02  1.3200E-02  1.3200E-02  1.3201E-02  1.3202E-02  1.3203E-02
1.3204E-02  1.3205E-02  1.3206E-02  1.3207E-02  1.3208E-02  1.3209E-02
1.3210E-02  1.3211E-02  1.3212E-02  1.3213E-02  1.3213E-02  1.3214E-02
1.3215E-02  1.3216E-02  1.3217E-02  1.3218E-02  1.3219E-02  1.3220E-02
1.3221E-02  1.3222E-02  1.3223E-02  1.3224E-02  1.3225E-02  1.3226E-02
1.3226E-02  1.3227E-02  1.3228E-02  1.3229E-02  1.3230E-02  1.3231E-02
1.3232E-02  1.3233E-02  1.3234E-02  1.3235E-02  1.3236E-02  1.3237E-02
1.3238E-02  1.3239E-02  1.3240E-02  1.3240E-02  1.3241E-02  1.3242E-02
1.3243E-02  1.3244E-02  1.3245E-02  1.3246E-02  1.3247E-02  1.3248E-02
1.3249E-02  1.3250E-02  1.3251E-02  1.3252E-02  1.3253E-02  1.3253E-02
1.3254E-02  1.3255E-02  1.3256E-02  1.3257E-02  1.3258E-02  1.3259E-02
1.3260E-02  1.3261E-02  1.3262E-02  1.3263E-02  1.3264E-02  1.3265E-02
1.3266E-02  1.3267E-02  1.3267E-02  1.3268E-02  1.3269E-02  1.3270E-02
1.3271E-02  1.3272E-02  1.3273E-02  1.3274E-02  1.3275E-02  1.3276E-02
1.3277E-02  1.3278E-02  1.3279E-02  1.3280E-02  1.3281E-02  1.3281E-02
1.3282E-02  1.3283E-02  1.3284E-02  1.3285E-02  1.3286E-02  1.3287E-02
1.3288E-02  1.3289E-02  1.3290E-02  1.3291E-02  1.3292E-02  1.3293E-02
1.3294E-02  1.3295E-02  1.3296E-02  1.3296E-02  1.3297E-02  1.3298E-02
1.3299E-02  1.3300E-02  1.3301E-02  1.3302E-02  1.3303E-02  1.3304E-02
1.3305E-02  1.3306E-02  1.3307E-02  1.3308E-02  1.3309E-02  1.3310E-02
1.3310E-02  1.3311E-02  1.3312E-02  1.3313E-02  1.3314E-02  1.3315E-02
1.3316E-02  1.3317E-02  1.3318E-02  1.3319E-02  1.3320E-02  1.3321E-02
1.3322E-02  1.3323E-02  1.3324E-02  1.3325E-02  1.3325E-02  1.3326E-02
1.3327E-02  1.3328E-02  1.3329E-02  1.3330E-02  1.3331E-02  1.3332E-02
1.3333E-02  1.3334E-02  1.3335E-02  1.3336E-02  1.3337E-02  1.3338E-02
1.3339E-02  1.3340E-02  1.3340E-02  1.3341E-02  1.3342E-02  1.3343E-02
1.3344E-02  1.3345E-02  1.3346E-02  1.3347E-02  1.3348E-02  1.3349E-02
1.3350E-02  1.3351E-02  1.3352E-02  1.3353E-02  1.3354E-02  1.3355E-02
1.3356E-02  1.3356E-02  1.3357E-02  1.3358E-02  1.3359E-02  1.3360E-02
1.3361E-02  1.3362E-02  1.3363E-02  1.3364E-02  1.3365E-02  1.3366E-02
1.3367E-02  1.3368E-02  1.3369E-02  1.3370E-02  1.3371E-02  1.3372E-02
1.3372E-02  1.3373E-02  1.3374E-02  1.3375E-02  1.3376E-02  1.3377E-02
1.3378E-02  1.3379E-02  1.3380E-02  1.3381E-02  1.3382E-02  1.3383E-02
1.3384E-02  1.3385E-02  1.3386E-02  1.3387E-02  1.3388E-02  1.3388E-02
1.3389E-02  1.3390E-02  1.3391E-02  1.3392E-02  1.3393E-02  1.3394E-02
1.3395E-02  1.3396E-02  1.3397E-02  1.3398E-02  1.3399E-02  1.3400E-02
1.3401E-02  1.3402E-02  1.3403E-02  1.3404E-02  1.3404E-02  1.3405E-02
1.3406E-02  1.3407E-02  1.3408E-02  1.3409E-02  1.3410E-02  1.3411E-02
1.3412E-02  1.3413E-02  1.3414E-02  1.3415E-02  1.3416E-02  1.3417E-02
1.3418E-02  1.3419E-02  1.3420E-02  1.3421E-02  1.3421E-02  1.3422E-02
1.3423E-02  1.3424E-02  1.3425E-02  1.3426E-02  1.3427E-02  1.3428E-02
1.3429E-02  1.3430E-02  1.3431E-02  1.3432E-02  1.3433E-02  1.3434E-02
1.3435E-02  1.3436E-02  1.3437E-02  1.3438E-02  1.3438E-02  1.3439E-02
1.3440E-02  1.3441E-02  1.3442E-02  1.3443E-02  1.3444E-02  1.3445E-02
1.3446E-02  1.3447E-02  1.3448E-02  1.3449E-02  1.3450E-02  1.3451E-02
1.3452E-02  1.3453E-02  1.3454E-02  1.3455E-02  1.3455E-02  1.3456E-02
1.3457E-02  1.3458E-02  1.3459E-02  1.3460E-02  1.3461E-02  1.3462E-02
1.3463E-02  1.3464E-02  1.3465E-02  1.3466E-02  1.3467E-02  1.3468E-02
1.3469E-02  1.3470E-02  1.3471E-02  1.3472E-02  1.3473E-02  1.3473E-02
1.3474E-02  1.3475E-02  1.3476E-02  1.3477E-02  1.3478E-02  1.3479E-02
1.3480E-02  1.3481E-02  1.3482E-02  1.3483E-02  1.3484E-02  1.3485E-02
1.3486E-02  1.3487E-02  1.3488E-02  1.3489E-02  1.3490E-02  1.3491E-02
1.3492E-02  1.3492E-02  1.3493E-02  1.3494E-02  1.3495E-02  1.3496E-02
1.3497E-02  1.3498E-02  1.3499E-02  1.3500E-02  1.3501E-02  1.3502E-02
1.3503E-02  1.3504E-02  1.3505E-02
Rosseland and Planck opacities and free electrons
Density     Ross opa    Planck opa  No. Free    Av Sq Free  T=  1.5000E-03
1.9163E-09  9.1378E+00  1.1273E+03  9.8847E-01  9.8856E-01
Multigroup opacities
Energy      Ross mg     Planck mg    for T, density =   1.5000E-03  1.9163E-09
1.2589E-02  4.6339E+00  4.2732E+00
1.2590E-02  4.6541E+00  4.2934E+00
1.2591E-02  4.6743E+00  4.3136E+00
1.2592E-02  4.6945E+00  4.3339E+00
1.2593E-02  4.7148E+00  4.3541E+00
1.2594E-02  4.7351E+00  4.3745E+00
1.2594E-02  4.7630E+00  4.4023E+00
1.2595E-02  4.7965E+00  4.4359E+00
1.2596E-02  4.8325E+00  4.4719E+00
1.2597E-02  4.8713E+00  4.5107E+00
1.2598E-02  4.9101E+00  4.5495E+00
1.2599E-02  4.9490E+00  4.5884E+00
1.2600E-02  4.9879E+00  4.6273E+00
1.2601E-02  5.0269E+00  4.6663E+00
1.2602E-02  5.0659E+00  4.7053E+00
1.2602E-02  5.1050E+00  4.7444E+00
1.2603E-02  5.1441E+00  4.7835E+00
1.2604E-02  5.1833E+00  4.8227E+00
1.2605E-02  5.2226E+00  4.8619E+00
1.2606E-02  5.2619E+00  4.9012E+00
1.2607E-02  5.3012E+00  4.9406E+00
1.2608E-02  5.3407E+00  4.9801E+00
1.2609E-02  5.3803E+00  5.0196E+00
1.2610E-02  5.4201E+00  5.0595E+00
1.2610E-02  5.4602E+00  5.0996E+00
1.2611E-02  5.5008E+00  5.1402E+00
1.2612E-02  5.5418E+00  5.1811E+00
1.2613E-02  5.5878E+00  5.2272E+00
1.2614E-02  5.6405E+00  5.2800E+00
1.2615E-02  5.6938E+00  5.3332E+00
1.2616E-02  5.7480E+00  5.3874E+00
1.2617E-02  5.7927E+00  5.4320E+00
1.2618E-02  5.8101E+00  5.4494E+00
1.2618E-02  5.8301E+00  5.4694E+00
1.2619E-02  5.8683E+00  5.5076E+00
1.2620E-02  5.9090E+00  5.5483E+00
1.2621E-02  5.9524E+00  5.5918E+00
1.2622E-02  5.9989E+00  5.6383E+00
1.2623E-02  6.0728E+00  5.7123E+00
1.2624E-02  6.1548E+00  5.7943E+00
1.2625E-02  6.2444E+00  5.8841E+00
1.2625E-02  6.3371E+00  5.9766E+00
1.2626E-02  6.4083E+00  6.0478E+00
1.2627E-02  6.4671E+00  6.1065E+00
1.2628E-02  6.5703E+00  6.2104E+00
1.2629E-02  6.7132E+00  6.3533E+00
1.2630E-02  6.8355E+00  6.4750E+00
1.2631E-02  6.9293E+00  6.5689E+00
1.2632E-02  6.9838E+00  6.6231E+00
1.2633E-02  6.9613E+00  6.6006E+00
1.2633E-02  6.9600E+00  6.5994E+00
1.2634E-02  7.0246E+00  6.6641E+00
1.2635E-02  7.0944E+00  6.7338E+00
1.2636E-02  7.1686E+00  6.8081E+00
1.2637E-02  7.2437E+00  6.8831E+00
1.2638E-02  7.3196E+00  6.9591E+00
1.2639E-02  7.3965E+00  7.0359E+00
1.2640E-02  7.4796E+00  7.1192E+00
1.2641E-02  7.5641E+00  7.2035E+00
1.2641E-02  7.6381E+00  7.2775E+00
1.2642E-02  7.7083E+00  7.3477E+00
1.2643E-02  7.7856E+00  7.4251E+00
1.2644E-02  7.8670E+00  7.5065E+00
1.2645E-02  7.9508E+00  7.5903E+00
1.2646E-02  8.0367E+00  7.6762E+00
1.2647E-02  8.1454E+00  7.7852E+00
1.2648E-02  8.2826E+00  7.9225E+00
1.2649E-02  8.4342E+00  8.0742E+00
1.2649E-02  8.6116E+00  8.2518E+00
1.2650E-02  8.7690E+00  8.4085E+00
1.2651E-02  8.8707E+00  8.5102E+00
1.2652E-02  8.9786E+00  8.6181E+00
1.2653E-02  9.1195E+00  8.7593E+00
1.2654E-02  9.2626E+00  8.9021E+00
1.2655E-02  9.3963E+00  9.0360E+00
1.2656E-02  9.5297E+00  9.1692E+00
1.2657E-02  9.6679E+00  9.3076E+00
1.2658E-02  9.8078E+00  9.4473E+00
1.2658E-02  9.9482E+00  9.5879E+00
1.2659E-02  1.0089E+01  9.7288E+00
1.2660E-02  1.0229E+01  9.8683E+00
1.2661E-02  1.0368E+01  1.0007E+01
1.2662E-02  1.0510E+01  1.0150E+01
1.2663E-02  1.0655E+01  1.0294E+01
1.2664E-02  1.0800E+01  1.0440E+01
1.2665E-02  1.0946E+01  1.0586E+01
1.2666E-02  1.1141E+01  1.0782E+01
1.2666E-02  1.1412E+01  1.1053E+01
1.2667E-02  1.1685E+01  1.1326E+01
1.2668E-02  1.1961E+01  1.1602E+01
1.2669E-02  1.2239E+01  1.1879E+01
1.2670E-02  1.2518E+01  1.2159E+01
1.2671E-02  1.2799E+01  1.2439E+01
1.2672E-02  1.3079E+01  1.2720E+01
1.2673E-02  1.3360E+01  1.3000E+01
1.2674E-02  1.3641E+01  1.3282E+01
1.2674E-02  1.3924E+01  1.3564E+01
1.2675E-02  1.4208E+01  1.3849E+01
1.2676E-02  1.4493E+01  1.4133E+01
1.2677E-02  1.4773E+01  1.4414E+01
1.2678E-02  1.5053E+01  1.4693E+01
1.2679E-02  1.5343E+01  1.4983E+01
1.2680E-02  1.5639E+01  1.5280E+01
1.2681E-02  1.6018E+01  1.5661E+01
1.2682E-02  1.6466E+01  1.6108E+01
1.2682E-02  1.7003E+01  1.6648E+01
1.2683E-02  1.7650E+01  1.7295E+01
1.2684E-02  1.8256E+01  1.7898E+01
1.2685E-02  1.8784E+01  1.8427E+01
1.2686E-02  1.9305E+01  1.8946E+01
1.2687E-02  1.9802E+01  1.9444E+01
1.2688E-02  2.0318E+01  1.9960E+01
1.2689E-02  2.0893E+01  2.0537E+01
1.2690E-02  2.4131E+01  2.5144E+01
1.2691E-02  4.5703E+01  4.8811E+01
1.2691E-02  6.9238E+01  6.9488E+01
1.2692E-02  4.9267E+01  5.1898E+01
1.2693E-02  2.7374E+01  2.8591E+01
1.2694E-02  2.4581E+01  2.4229E+01
1.2695E-02  2.5508E+01  2.5152E+01
1.2696E-02  2.6532E+01  2.6182E+01
1.2697E-02  2.7608E+01  2.7255E+01
1.2698E-02  2.8707E+01  2.8357E+01
1.2699E-02  2.9893E+01  2.9549E+01
1.2699E-02  4.4421E+01  5.0642E+01
1.2700E-02  8.3814E+01  8.7280E+01
1.2701E-02  8.8012E+01  9.0730E+01
1.2702E-02  5.1365E+01  5.6262E+01
1.2703E-02  3.5523E+01  3.5196E+01
1.2704E-02  3.6431E+01  3.6080E+01
1.2705E-02  3.7880E+01  3.7536E+01
1.2706E-02  3.9918E+01  3.9584E+01
1.2707E-02  4.2005E+01  4.1658E+01
1.2707E-02  4.4078E+01  4.3742E+01
1.2708E-02  4.6173E+01  4.5824E+01
1.2709E-02  4.8236E+01  4.7897E+01
1.2710E-02  5.0321E+01  4.9971E+01
1.2711E-02  5.2393E+01  5.2053E+01
1.2712E-02  5.4553E+01  5.4206E+01
1.2713E-02  5.7379E+01  5.7058E+01
1.2714E-02  6.0458E+01  6.0122E+01
1.2715E-02  6.3995E+01  6.3690E+01
1.2716E-02  6.7765E+01  6.7441E+01
1.2716E-02  7.1507E+01  7.1196E+01
1.2717E-02  7.5274E+01  7.4953E+01
1.2718E-02  7.9024E+01  7.8707E+01
1.2719E-02  8.2778E+01  8.2460E+01
1.2720E-02  8.7829E+01  8.7589E+01
1.2721E-02  9.4352E+01  9.4103E+01
1.2722E-02  1.0115E+02  1.0089E+02
1.2723E-02  1.0831E+02  1.0807E+02
1.2724E-02  1.1552E+02  1.1523E+02
1.2724E-02  1.2263E+02  1.2237E+02
1.2725E-02  1.3089E+02  1.3067E+02
1.2726E-02  1.4231E+02  1.4219E+02
1.2727E-02  1.5446E+02  1.5424E+02
1.2728E-02  1.6767E+02  1.6758E+02
1.2729E-02  1.8158E+02  1.8137E+02
1.2730E-02  1.9698E+02  1.9694E+02
1.2731E-02  2.1367E+02  2.1352E+02
1.2732E-02  2.3587E+02  2.3611E+02
1.2733E-02  2.6022E+02  2.6018E+02
1.2733E-02  2.8618E+02  2.8645E+02
1.2734E-02  3.1373E+02  3.1378E+02
1.2735E-02  3.4927E+02  3.5005E+02
1.2736E-02  3.8977E+02  3.9019E+02
1.2737E-02  4.3744E+02  4.3869E+02
1.2738E-02  4.9106E+02  4.9199E+02
1.2739E-02  5.5473E+02  5.5682E+02
1.2740E-02  6.2897E+02  6.3077E+02
1.2741E-02  7.2346E+02  7.2799E+02
1.2741E-02  8.4734E+02  8.5145E+02
1.2742E-02  9.9677E+02  1.0039E+03
1.2743E-02  1.1941E+03  1.2019E+03
1.2744E-02  1.4388E+03  1.4523E+03
1.2745E-02  1.7967E+03  1.8148E+03
1.2746E-02  2.2354E+03  2.2600E+03
1.2747E-02  2.8971E+03  2.9376E+03
1.2748E-02  3.7526E+03  3.8175E+03
1.2749E-02  5.3207E+03  5.4556E+03
1.2750E-02  7.4931E+03  7.7463E+03
1.2750E-02  1.2600E+04  1.3289E+04
1.2751E-02  2.0980E+04  2.4032E+04
1.2752E-02  6.2121E+04  7.3655E+04
1.2753E-02  1.3618E+05  1.5368E+05
1.2754E-02  4.1794E+05  5.1539E+05
1.2755E-02  9.0925E+05  9.3776E+05
1.2756E-02  7.0974E+05  7.6683E+05
1.2757E-02  2.7673E+05  3.5243E+05
1.2758E-02  1.3493E+05  1.4756E+05
1.2759E-02  3.7154E+04  6.1409E+04
1.2759E-02  1.8769E+04  1.9502E+04
1.2760E-02  1.0747E+04  1.1942E+04
1.2761E-02  6.9143E+03  7.0482E+03
1.2762E-02  4.8736E+03  5.0667E+03
1.2763E-02  3.5293E+03  3.5648E+03
1.2764E-02  2.7341E+03  2.7869E+03
1.2765E-02  2.1256E+03  2.1391E+03
1.2766E-02  1.7219E+03  1.7431E+03
1.2767E-02  1.3921E+03  1.3981E+03
1.2768E-02  1.1635E+03  1.1733E+03
1.2768E-02  9.6925E+02  9.7223E+02
1.2769E-02  8.2939E+02  8.3425E+02
1.2770E-02  7.0804E+02  7.0958E+02
1.2771E-02  6.2023E+02  6.2255E+02
1.2772E-02  5.4257E+02  5.4339E+02
1.2773E-02  4.8142E+02  4.8274E+02
1.2774E-02  4.2649E+02  4.2698E+02
1.2775E-02  3.8349E+02  3.8413E+02
1.2776E-02  3.4494E+02  3.4519E+02
1.2777E-02  3.1221E+02  3.1258E+02
1.2777E-02  2.8224E+02  2.8242E+02
1.2778E-02  2.5604E+02  2.5625E+02
1.2779E-02  2.3197E+02  2.3210E+02
1.2780E-02  2.1208E+02  2.1207E+02
1.2781E-02  1.9478E+02  1.9478E+02
1.2782E-02  1.7958E+02  1.7948E+02
1.2783E-02  1.6606E+02  1.6598E+02
1.2784E-02  1.5299E+02  1.5286E+02
1.2785E-02  1.4032E+02  1.4024E+02
1.2785E-02  1.2987E+02  1.2959E+02
1.2786E-02  1.2257E+02  1.2231E+02
1.2787E-02  1.1538E+02  1.1510E+02
1.2788E-02  1.0814E+02  1.0789E+02
1.2789E-02  1.0103E+02  1.0074E+02
1.2790E-02  9.3966E+01  9.3736E+01
1.2791E-02  8.7658E+01  8.7331E+01
1.2792E-02  8.3666E+01  8.3347E+01
1.2793E-02  8.0163E+01  7.9817E+01
1.2794E-02  7.7714E+01  7.7370E+01
1.2794E-02  7.5324E+01  7.4976E+01
1.2795E-02  7.1983E+01  7.1665E+01
1.2796E-02  6.8464E+01  6.8129E+01
1.2797E-02  6.4552E+01  6.4253E+01
1.2798E-02  6.0775E+01  6.0445E+01
1.2799E-02  6.0202E+01  5.9843E+01
1.2800E-02  6.0715E+01  6.0356E+01
1.2801E-02  5.6936E+01  5.6720E+01
1.2802E-02  5.1238E+01  5.1004E+01
1.2803E-02  4.7892E+01  4.7551E+01
1.2803E-02  4.5964E+01  4.5623E+01
1.2804E-02  4.4837E+01  4.4477E+01
1.2805E-02  4.4405E+01  4.4045E+01
1.2806E-02  4.2746E+01  4.2434E+01
1.2807E-02  3.9655E+01  3.9354E+01
1.2808E-02  3.7269E+01  3.6918E+01
1.2809E-02  3.5914E+01  3.5566E+01
1.2810E-02  3.4663E+01  3.4308E+01
1.2811E-02  3.3573E+01  3.3221E+01
1.2812E-02  3.2502E+01  3.2146E+01
1.2813E-02  3.1438E+01  3.1086E+01
1.2813E-02  3.0382E+01  3.0026E+01
1.2814E-02  2.9316E+01  2.8964E+01
1.2815E-02  2.8270E+01  2.7914E+01
1.2816E-02  2.7275E+01  2.6923E+01
1.2817E-02  2.6352E+01  2.5994E+01
1.2818E-02  2.5798E+01  2.5439E+01
1.2819E-02  2.5335E+01  2.4975E+01
1.2820E-02  2.5057E+01  2.4696E+01
1.2821E-02  2.9016E+01  9.2805E+01
1.2822E-02  7.6532E+02  1.2179E+03
1.2822E-02  2.5082E+03  2.6287E+03
1.2823E-02  1.7747E+03  2.0417E+03
1.2824E-02  7.1851E+01  5.8002E+02
1.2825E-02  3.5045E+01  3.5413E+01
1.2826E-02  2.4729E+01  2.5227E+01
1.2827E-02  2.0717E+01  2.0363E+01
1.2828E-02  1.9948E+01  1.9594E+01
1.2829E-02  1.9307E+01  1.8950E+01
1.2830E-02  1.8791E+01  1.8434E+01
1.2831E-02  1.8634E+01  1.8275E+01
1.2831E-02  1.8971E+01  1.8611E+01
1.2832E-02  1.9088E+01  1.8728E+01
1.2833E-02  1.8800E+01  1.8440E+01
1.2834E-02  1.8333E+01  1.7978E+01
1.2835E-02  1.7476E+01  1.7126E+01
1.2836E-02  1.6762E+01  1.6402E+01
1.2837E-02  1.6482E+01  1.6122E+01
1.2838E-02  1.6236E+01  1.5876E+01
1.2839E-02  1.6005E+01  1.5645E+01
1.2840E-02  1.5786E+01  1.5425E+01
1.2840E-02  1.5617E+01  1.5256E+01
1.2841E-02  1.5547E+01  1.5187E+01
1.2842E-02  1.6136E+01  1.5784E+01
1.2843E-02  1.6810E+01  1.6452E+01
1.2844E-02  1.6880E+01  1.6519E+01
1.2845E-02  1.6734E+01  1.6375E+01
1.2846E-02  1.5720E+01  1.5385E+01
1.2847E-02  1.4482E+01  1.4137E+01
1.2848E-02  1.3949E+01  1.3589E+01
1.2849E-02  1.3711E+01  1.3351E+01
1.2850E-02  1.3717E+01  1.3357E+01
1.2850E-02  1.3858E+01  1.3498E+01
1.2851E-02  1.3681E+01  1.3323E+01
1.2852E-02  1.3276E+01  1.2918E+01
1.2853E-02  1.3019E+01  1.2659E+01
1.2854E-02  1.2900E+01  1.2540E+01
1.2855E-02  1.2783E+01  1.2422E+01
1.2856E-02  1.2667E+01  1.2307E+01
1.2857E-02  1.2553E+01  1.2192E+01
1.2858E-02  1.2441E+01  1.2080E+01
1.2859E-02  1.2331E+01  1.1970E+01
1.2859E-02  1.2225E+01  1.1865E+01
1.2860E-02  1.2138E+01  1.1777E+01
1.2861E-02  1.2099E+01  1.1738E+01
1.2862E-02  1.2145E+01  1.1785E+01
1.2863E-02  1.2481E+01  1.2123E+01
1.2864E-02  1.2685E+01  1.2326E+01
1.2865E-02  1.2158E+01  1.1805E+01
1.2866E-02  1.1622E+01  1.1263E+01
1.2867E-02  1.1488E+01  1.1127E+01
1.2868E-02  1.1421E+01  1.1060E+01
1.2869E-02  1.1365E+01  1.1004E+01
1.2869E-02  1.1312E+01  1.0951E+01
1.2870E-02  1.1263E+01  1.0903E+01
1.2871E-02  1.1217E+01  1.0856E+01
1.2872E-02  1.1173E+01  1.0812E+01
1.2873E-02  1.1130E+01  1.0769E+01
1.2874E-02  1.1087E+01  1.0726E+01
1.2875E-02  1.1043E+01  1.0682E+01
1.2876E-02  1.0998E+01  1.0638E+01
1.2877E-02  1.0953E+01  1.0593E+01
1.2878E-02  1.0910E+01  1.0550E+01
1.2878E-02  1.0869E+01  1.0508E+01
1.2879E-02  1.0828E+01  1.0467E+01
1.2880E-02  1.0789E+01  1.0428E+01
1.2881E-02  1.0750E+01  1.0389E+01
1.2882E-02  1.0711E+01  1.0350E+01
1.2883E-02  1.0673E+01  1.0312E+01
1.2884E-02  1.0635E+01  1.0274E+01
1.2885E-02  1.0597E+01  1.0236E+01
1.2886E-02  1.0559E+01  1.0198E+01
1.2887E-02  1.0525E+01  1.0164E+01
1.2888E-02  1.0499E+01  1.0138E+01
1.2888E-02  1.0479E+01  1.0118E+01
1.2889E-02  1.0476E+01  1.0115E+01
1.2890E-02  1.0474E+01  1.0114E+01
1.2891E-02  1.0473E+01  1.0112E+01
1.2892E-02  1.0472E+01  1.0111E+01
1.2893E-02  1.0471E+01  1.0110E+01
1.2894E-02  1.0470E+01  1.0109E+01
1.2895E-02  1.0470E+01  1.0109E+01
1.2896E-02  1.0470E+01  1.0110E+01
1.2897E-02  1.0471E+01  1.0110E+01
1.2898E-02  1.0472E+01  1.0112E+01
1.2898E-02  1.0474E+01  1.0113E+01
1.2899E-02  1.0476E+01  1.0115E+01
1.2900E-02  1.0478E+01  1.0118E+01
1.2901E-02  1.0482E+01  1.0121E+01
1.2902E-02  1.0488E+01  1.0128E+01
1.2903E-02  1.0692E+01  1.0399E+01
1.2904E-02  2.1720E+01  2.8775E+01
1.2905E-02  5.5127E+01  5.8034E+01
1.2906E-02  5.0546E+01  5.4146E+01
1.2907E-02  1.6643E+01  2.4768E+01
1.2908E-02  1.0560E+01  1.0199E+01
1.2908E-02  1.0583E+01  1.0222E+01
1.2909E-02  1.0609E+01  1.0248E+01
1.2910E-02  1.0639E+01  1.0278E+01
1.2911E-02  1.0669E+01  1.0308E+01
1.2912E-02  1.0700E+01  1.0339E+01
1.2913E-02  1.0732E+01  1.0371E+01
1.2914E-02  1.0764E+01  1.0403E+01
1.2915E-02  1.0797E+01  1.0436E+01
1.2916E-02  1.0833E+01  1.0472E+01
1.2917E-02  1.0872E+01  1.0512E+01
1.2917E-02  1.0925E+01  1.0564E+01
1.2918E-02  1.0978E+01  1.0617E+01
1.2919E-02  1.1033E+01  1.0672E+01
1.2920E-02  1.1088E+01  1.0727E+01
1.2921E-02  1.1142E+01  1.0782E+01
1.2922E-02  1.1197E+01  1.0837E+01
1.2923E-02  1.1252E+01  1.0892E+01
1.2924E-02  1.1307E+01  1.0947E+01
1.2925E-02  1.1362E+01  1.1001E+01
1.2926E-02  1.1417E+01  1.1057E+01
1.2927E-02  1.1476E+01  1.1115E+01
1.2927E-02  1.1534E+01  1.1174E+01
1.2928E-02  1.1588E+01  1.1227E+01
1.2929E-02  1.1639E+01  1.1278E+01
1.2930E-02  1.1693E+01  1.1332E+01
1.2931E-02  1.1748E+01  1.1387E+01
1.2932E-02  1.1805E+01  1.1444E+01
1.2933E-02  1.1863E+01  1.1502E+01
1.2934E-02  1.1940E+01  1.1579E+01
1.2935E-02  1.2028E+01  1.1667E+01
1.2936E-02  1.2130E+01  1.1769E+01
1.2937E-02  1.2242E+01  1.1882E+01
1.2938E-02  1.2331E+01  1.1970E+01
1.2938E-02  1.2395E+01  1.2035E+01
1.2939E-02  1.2467E+01  1.2107E+01
1.2940E-02  1.2548E+01  1.2187E+01
1.2941E-02  1.2629E+01  1.2268E+01
1.2942E-02  1.2710E+01  1.2349E+01
1.2943E-02  1.2792E+01  1.2431E+01
1.2944E-02  1.2873E+01  1.2513E+01
1.2945E-02  1.2956E+01  1.2595E+01
1.2946E-02  1.3041E+01  1.2680E+01
1.2947E-02  1.3132E+01  1.2771E+01
1.2948E-02  1.3241E+01  1.2880E+01
1.2948E-02  1.3350E+01  1.2990E+01
1.2949E-02  1.3455E+01  1.3094E+01
1.2950E-02  1.3547E+01  1.3187E+01
1.2951E-02  1.3592E+01  1.3231E+01
1.2952E-02  1.3637E+01  1.3277E+01
1.2953E-02  1.3721E+01  1.3361E+01
1.2954E-02  1.3817E+01  1.3457E+01
1.2955E-02  1.3953E+01  1.3592E+01
1.2956E-02  1.4122E+01  1.3762E+01
1.2957E-02  1.4508E+01  1.4151E+01
1.2958E-02  1.4916E+01  1.4556E+01
1.2958E-02  1.4955E+01  1.4594E+01
1.2959E-02  1.4900E+01  1.4539E+01
1.2960E-02  1.4971E+01  1.4610E+01
1.2961E-02  1.5087E+01  1.4726E+01
1.2962E-02  1.5237E+01  1.4877E+01
1.2963E-02  1.5403E+01  1.5042E+01
1.2964E-02  1.5588E+01  1.5227E+01
1.2965E-02  1.5790E+01  1.5430E+01
1.2966E-02  1.6475E+01  1.6129E+01
1.2967E-02  1.7470E+01  1.7121E+01
1.2968E-02  1.7510E+01  1.7155E+01
1.2968E-02  1.6847E+01  1.6492E+01
1.2969E-02  1.6622E+01  1.6262E+01
1.2970E-02  1.6779E+01  1.6419E+01
1.2971E-02  1.6955E+01  1.6594E+01
1.2972E-02  1.7151E+01  1.6791E+01
1.2973E-02  1.7481E+01  1.7124E+01
1.2974E-02  1.8000E+01  1.7643E+01
1.2975E-02  1.8633E+01  1.8280E+01
1.2976E-02  1.9459E+01  1.9107E+01
1.2977E-02  1.9973E+01  1.9613E+01
1.2978E-02  1.9834E+01  1.9474E+01
1.2979E-02  1.9734E+01  1.9374E+01
1.2979E-02  1.9768E+01  1.9407E+01
1.2980E-02  1.9868E+01  1.9508E+01
1.2981E-02  2.0142E+01  1.9783E+01
1.2982E-02  2.0434E+01  2.0074E+01
1.2983E-02  2.0742E+01  2.0383E+01
1.2984E-02  2.1055E+01  2.0695E+01
1.2985E-02  2.1376E+01  2.1017E+01
1.2986E-02  2.1710E+01  2.1349E+01
1.2987E-02  2.2092E+01  2.1733E+01
1.2988E-02  2.2612E+01  2.2257E+01
1.2989E-02  2.3944E+01  2.3606E+01
1.2989E-02  2.5286E+01  2.4931E+01
1.2990E-02  2.5346E+01  2.4986E+01
1.2991E-02  2.5524E+01  2.5186E+01
1.2992E-02  2.9496E+01  2.9361E+01
1.2993E-02  3.4301E+01  3.4009E+01
1.2994E-02  3.2247E+01  3.2010E+01
1.2995E-02  2.8490E+01  2.8192E+01
1.2996E-02  2.7892E+01  2.7533E+01
1.2997E-02  2.8374E+01  2.8014E+01
1.2998E-02  2.8923E+01  2.8565E+01
1.2999E-02  2.9509E+01  2.9150E+01
1.3000E-02  3.0277E+01  2.9922E+01
1.3000E-02  3.1147E+01  3.0791E+01
1.3001E-02  3.2133E+01  3.1781E+01
1.3002E-02  3.3199E+01  3.2845E+01
1.3003E-02  3.4277E+01  3.3925E+01
1.3004E-02  3.5370E+01  3.5017E+01
1.3005E-02  3.6466E+01  3.6113E+01
1.3006E-02  3.7567E+01  3.7214E+01
1.3007E-02  3.8669E+01  3.8316E+01
1.3008E-02  3.9773E+01  3.9420E+01
1.3009E-02  4.0967E+01  4.0615E+01
1.3010E-02  4.2278E+01  4.1927E+01
1.3011E-02  4.3836E+01  4.3492E+01
1.3011E-02  4.5777E+01  4.5437E+01
1.3012E-02  4.7743E+01  4.7398E+01
1.3013E-02  4.9720E+01  4.9379E+01
1.3014E-02  5.1739E+01  5.1392E+01
1.3015E-02  5.3810E+01  5.3469E+01
1.3016E-02  5.5978E+01  5.5633E+01
1.3017E-02  5.8344E+01  5.8007E+01
1.3018E-02  6.0886E+01  6.0546E+01
1.3019E-02  6.3858E+01  6.3533E+01
1.3020E-02  6.7005E+01  6.6668E+01
1.3021E-02  7.0529E+01  7.0213E+01
1.3022E-02  7.4165E+01  7.3828E+01
1.3022E-02  7.7904E+01  7.7589E+01
1.3023E-02  8.2799E+01  8.2554E+01
1.3024E-02  9.3216E+01  9.3201E+01
1.3025E-02  1.0339E+02  1.0308E+02
1.3026E-02  1.0473E+02  1.0437E+02
1.3027E-02  1.0541E+02  1.0507E+02
1.3028E-02  1.1126E+02  1.1101E+02
1.3029E-02  1.1835E+02  1.1804E+02
1.3030E-02  1.2618E+02  1.2595E+02
1.3031E-02  1.3456E+02  1.3428E+02
1.3032E-02  1.4511E+02  1.4497E+02
1.3033E-02  1.5654E+02  1.5630E+02
1.3033E-02  1.6792E+02  1.6775E+02
1.3034E-02  1.7974E+02  1.7951E+02
1.3035E-02  1.9564E+02  1.9569E+02
1.3036E-02  2.1363E+02  2.1351E+02
1.3037E-02  2.3229E+02  2.3233E+02
1.3038E-02  2.5186E+02  2.5177E+02
1.3039E-02  2.7800E+02  2.7846E+02
1.3040E-02  3.0854E+02  3.0874E+02
1.3041E-02  3.4191E+02  3.4248E+02
1.3042E-02  3.7796E+02  3.7830E+02
1.3043E-02  4.2423E+02  4.2564E+02
1.3044E-02  4.7964E+02  4.8067E+02
1.3044E-02  5.4735E+02  5.4992E+02
1.3045E-02  6.2811E+02  6.3019E+02
1.3046E-02  7.3656E+02  7.4303E+02
1.3047E-02  8.8013E+02  8.8550E+02
1.3048E-02  1.0457E+03  1.0542E+03
1.3049E-02  1.2438E+03  1.2512E+03
1.3050E-02  1.4824E+03  1.4955E+03
1.3051E-02  1.7872E+03  1.7997E+03
1.3052E-02  2.2061E+03  2.2425E+03
1.3053E-02  2.8532E+03  2.8892E+03
1.3054E-02  3.7501E+03  3.8529E+03
1.3055E-02  5.2488E+03  5.3549E+03
1.3055E-02  7.4864E+03  7.8916E+03
1.3056E-02  1.2022E+04  1.2449E+04
1.3057E-02  1.9830E+04  2.3046E+04
1.3058E-02  4.3991E+04  4.7217E+04
1.3059E-02  8.2261E+04  9.8058E+04
1.3060E-02  1.9975E+05  2.1702E+05
1.3061E-02  2.9754E+05  2.9858E+05
1.3062E-02  2.5527E+05  2.5761E+05
1.3063E-02  1.9580E+05  2.0048E+05
1.3064E-02  9.9704E+04  1.1596E+05
1.3065E-02  3.9061E+04  4.2804E+04
1.3066E-02  2.1915E+04  2.3807E+04
1.3066E-02  1.1569E+04  1.2072E+04
1.3067E-02  7.7712E+03  8.0603E+03
1.3068E-02  5.1809E+03  5.2748E+03
1.3069E-02  3.8368E+03  3.9201E+03
1.3070E-02  2.8207E+03  2.8513E+03
1.3071E-02  2.2235E+03  2.2529E+03
1.3072E-02  1.7490E+03  1.7609E+03
1.3073E-02  1.4430E+03  1.4551E+03
1.3074E-02  1.1899E+03  1.1954E+03
1.3075E-02  1.0061E+03  1.0125E+03
1.3076E-02  8.4874E+02  8.5175E+02
1.3077E-02  7.3338E+02  7.3663E+02
1.3078E-02  6.3386E+02  6.3547E+02
1.3078E-02  5.5635E+02  5.5819E+02
1.3079E-02  4.8806E+02  4.8901E+02
1.3080E-02  4.3262E+02  4.3373E+02
1.3081E-02  3.8328E+02  3.8384E+02
1.3082E-02  3.4534E+02  3.4579E+02
1.3083E-02  3.1239E+02  3.1258E+02
1.3084E-02  2.8437E+02  2.8459E+02
1.3085E-02  2.5898E+02  2.5904E+02
1.3086E-02  2.3769E+02  2.3772E+02
1.3087E-02  2.1863E+02  2.1857E+02
1.3088E-02  2.0190E+02  2.0183E+02
1.3089E-02  1.8659E+02  1.8648E+02
1.3089E-02  1.7375E+02  1.7358E+02
1.3090E-02  1.6245E+02  1.6226E+02
1.3091E-02  1.5135E+02  1.5118E+02
1.3092E-02  1.4045E+02  1.4029E+02
1.3093E-02  1.3183E+02  1.3156E+02
1.3094E-02  1.2492E+02  1.2466E+02
1.3095E-02  1.1862E+02  1.1833E+02
1.3096E-02  1.1284E+02  1.1255E+02
1.3097E-02  1.0628E+02  1.0604E+02
1.3098E-02  9.8929E+01  9.8704E+01
1.3099E-02  9.3215E+01  9.2891E+01
1.3100E-02  8.9320E+01  8.9002E+01
1.3101E-02  8.5550E+01  8.5221E+01
1.3101E-02  8.1907E+01  8.1587E+01
1.3102E-02  7.8328E+01  7.7998E+01
1.3103E-02  7.4800E+01  7.4481E+01
1.3104E-02  7.1589E+01  7.1248E+01
1.3105E-02  6.8863E+01  6.8529E+01
1.3106E-02  6.6449E+01  6.6097E+01
1.3107E-02  6.4579E+01  6.4231E+01
1.3108E-02  6.2735E+01  6.2383E+01
1.3109E-02  6.0882E+01  6.0535E+01
1.3110E-02  5.9057E+01  5.8704E+01
1.3111E-02  5.7262E+01  5.6915E+01
1.3112E-02  5.5499E+01  5.5146E+01
1.3113E-02  5.3775E+01  5.3428E+01
1.3113E-02  5.2250E+01  5.1892E+01
1.3114E-02  5.1284E+01  5.0927E+01
1.3115E-02  5.0364E+01  5.0006E+01
1.3116E-02  4.9443E+01  4.9087E+01
1.3117E-02  4.8525E+01  4.8167E+01
1.3118E-02  4.7599E+01  4.7243E+01
1.3119E-02  4.6681E+01  4.6322E+01
1.3120E-02  4.5774E+01  4.5417E+01
1.3121E-02  4.4875E+01  4.4516E+01
1.3122E-02  4.3985E+01  4.3628E+01
1.3123E-02  4.3154E+01  4.2795E+01
1.3124E-02  4.2616E+01  4.2257E+01
1.3125E-02  4.2146E+01  4.1786E+01
1.3125E-02  4.1801E+01  4.1441E+01
1.3126E-02  4.1481E+01  4.1120E+01
1.3127E-02  4.1172E+01  4.0812E+01
1.3128E-02  4.0863E+01  4.0502E+01
1.3129E-02  4.0528E+01  4.0168E+01
1.3130E-02  4.0189E+01  3.9829E+01
1.3131E-02  3.9864E+01  3.9504E+01
1.3132E-02  3.9547E+01  3.9187E+01
1.3133E-02  3.9271E+01  3.8911E+01
1.3134E-02  3.9037E+01  3.8676E+01
1.3135E-02  3.9191E+01  3.8831E+01
1.3136E-02  3.9430E+01  3.9069E+01
1.3137E-02  3.9126E+01  3.8767E+01
1.3137E-02  3.8655E+01  3.8295E+01
1.3138E-02  3.8457E+01  3.8096E+01
1.3139E-02  3.8366E+01  3.8006E+01
1.3140E-02  3.8389E+01  3.8028E+01
1.3141E-02  3.8470E+01  3.8110E+01
1.3142E-02  3.8913E+01  3.8554E+01
1.3143E-02  3.9508E+01  3.9148E+01
1.3144E-02  3.9565E+01  3.9204E+01
1.3145E-02  3.9354E+01  3.8993E+01
1.3146E-02  3.9238E+01  3.8877E+01
1.3147E-02  3.9177E+01  3.8816E+01
1.3148E-02  3.9214E+01  3.8853E+01
1.3149E-02  3.9312E+01  3.8951E+01
1.3149E-02  3.9463E+01  3.9102E+01
1.3150E-02  3.9649E+01  3.9289E+01
1.3151E-02  3.9989E+01  3.9629E+01
1.3152E-02  4.0441E+01  4.0082E+01
1.3153E-02  4.0797E+01  4.0437E+01
1.3154E-02  4.1075E+01  4.0714E+01
1.3155E-02  4.1465E+01  4.1106E+01
1.3156E-02  4.1959E+01  4.1599E+01
1.3157E-02  4.2454E+01  4.2095E+01
1.3158E-02  4.2952E+01  4.2592E+01
1.3159E-02  4.3580E+01  4.3222E+01
1.3160E-02  4.4354E+01  4.3997E+01
1.3161E-02  4.5568E+01  4.5223E+01
1.3162E-02  4.7332E+01  4.6988E+01
1.3162E-02  9.0011E+01  7.0604E+03
1.3163E-02  2.0440E+04  2.3276E+04
1.3164E-02  2.4125E+04  2.6242E+04
1.3165E-02  3.6114E+03  1.0133E+04
1.3166E-02  5.2957E+01  1.6693E+02
1.3167E-02  4.9800E+01  4.9439E+01
1.3168E-02  5.0097E+01  4.9740E+01
1.3169E-02  5.1000E+01  5.0644E+01
1.3170E-02  5.1965E+01  5.1608E+01
1.3171E-02  5.3020E+01  5.2665E+01
1.3172E-02  5.4078E+01  5.3721E+01
1.3173E-02  5.5126E+01  5.4770E+01
1.3174E-02  5.6242E+01  5.5886E+01
1.3174E-02  5.7500E+01  5.7147E+01
1.3175E-02  5.8905E+01  5.8552E+01
1.3176E-02  6.0633E+01  6.0285E+01
1.3177E-02  6.2447E+01  6.2096E+01
1.3178E-02  6.4416E+01  6.4070E+01
1.3179E-02  6.6375E+01  6.6022E+01
1.3180E-02  6.8238E+01  6.7890E+01
1.3181E-02  7.0123E+01  6.9770E+01
1.3182E-02  7.2049E+01  7.1701E+01
1.3183E-02  7.5175E+01  7.4893E+01
1.3184E-02  8.2272E+01  8.2080E+01
1.3185E-02  8.8086E+01  8.7735E+01
1.3186E-02  8.7495E+01  8.7138E+01
1.3187E-02  8.7323E+01  8.6975E+01
1.3187E-02  9.0653E+01  9.0330E+01
1.3188E-02  9.4383E+01  9.4042E+01
1.3189E-02  9.8199E+01  9.7876E+01
1.3190E-02  1.0235E+02  1.0202E+02
1.3191E-02  1.0772E+02  1.0743E+02
1.3192E-02  1.1337E+02  1.1305E+02
1.3193E-02  1.1926E+02  1.1898E+02
1.3194E-02  1.2540E+02  1.2509E+02
1.3195E-02  1.3220E+02  1.3193E+02
1.3196E-02  1.4032E+02  1.4009E+02
1.3197E-02  1.5471E+02  1.5474E+02
1.3198E-02  1.6913E+02  1.6885E+02
1.3199E-02  1.7468E+02  1.7434E+02
1.3200E-02  1.8016E+02  1.7988E+02
1.3200E-02  1.9434E+02  1.9430E+02
1.3201E-02  2.1083E+02  2.1065E+02
1.3202E-02  2.2951E+02  2.2956E+02
1.3203E-02  2.4948E+02  2.4934E+02
1.3204E-02  2.7190E+02  2.7204E+02
1.3205E-02  2.9625E+02  2.9620E+02
1.3206E-02  3.2685E+02  3.2730E+02
1.3207E-02  3.6062E+02  3.6072E+02
1.3208E-02  4.0050E+02  4.0125E+02
1.3209E-02  4.4472E+02  4.4505E+02
1.3210E-02  5.0257E+02  5.0417E+02
1.3211E-02  5.6844E+02  5.6927E+02
1.3212E-02  6.5418E+02  6.5716E+02
1.3213E-02  7.5303E+02  7.5479E+02
1.3213E-02  8.8862E+02  8.9467E+02
1.3214E-02  1.0481E+03  1.0516E+03
1.3215E-02  1.2629E+03  1.2740E+03
1.3216E-02  1.5193E+03  1.5264E+03
1.3217E-02  1.8979E+03  1.9228E+03
1.3218E-02  2.3686E+03  2.3845E+03
1.3219E-02  3.0859E+03  3.1440E+03
1.3220E-02  4.0151E+03  4.0559E+03
1.3221E-02  5.6519E+03  5.8373E+03
1.3222E-02  7.9606E+03  8.1043E+03
1.3223E-02  1.2785E+04  1.3606E+04
1.3224E-02  2.0332E+04  2.0946E+04
1.3225E-02  3.7228E+04  4.1040E+04
1.3226E-02  6.4787E+04  6.6523E+04
1.3226E-02  9.8266E+04  1.0213E+05
1.3227E-02  1.3819E+05  1.3968E+05
1.3228E-02  1.2212E+05  1.2489E+05
1.3229E-02  8.5645E+04  8.7961E+04
1.3230E-02  5.4929E+04  5.8024E+04
1.3231E-02  2.8584E+04  3.1652E+04
1.3232E-02  1.7556E+04  1.8275E+04
1.3233E-02  1.0435E+04  1.1122E+04
1.3234E-02  7.1027E+03  7.2714E+03
1.3235E-02  4.9233E+03  5.0754E+03
1.3236E-02  3.6792E+03  3.7331E+03
1.3237E-02  2.7925E+03  2.8398E+03
1.3238E-02  2.2063E+03  2.2293E+03
1.3239E-02  1.7549E+03  1.7750E+03
1.3240E-02  1.4397E+03  1.4502E+03
1.3240E-02  1.1909E+03  1.2001E+03
1.3241E-02  1.0041E+03  1.0097E+03
1.3242E-02  8.5046E+02  8.5535E+02
1.3243E-02  7.3292E+02  7.3582E+02
1.3244E-02  6.3561E+02  6.3816E+02
1.3245E-02  5.6048E+02  5.6185E+02
1.3246E-02  4.9832E+02  4.9951E+02
1.3247E-02  4.4802E+02  4.4869E+02
1.3248E-02  4.0514E+02  4.0572E+02
1.3249E-02  3.6844E+02  3.6880E+02
1.3250E-02  3.3588E+02  3.3619E+02
1.3251E-02  3.0756E+02  3.0772E+02
1.3252E-02  2.8221E+02  2.8234E+02
1.3253E-02  2.6209E+02  2.6199E+02
1.3253E-02  2.4562E+02  2.4551E+02
1.3254E-02  2.2995E+02  2.2984E+02
1.3255E-02  2.1494E+02  2.1482E+02
1.3256E-02  2.0326E+02  2.0301E+02
1.3257E-02  1.9412E+02  1.9386E+02
1.3258E-02  1.8509E+02  1.8484E+02
1.3259E-02  1.7618E+02  1.7593E+02
1.3260E-02  1.6859E+02  1.6829E+02
1.3261E-02  1.6209E+02  1.6179E+02
1.3262E-02  1.5660E+02  1.5627E+02
1.3263E-02  1.5198E+02  1.5165E+02
1.3264E-02  1.4737E+02  1.4704E+02
1.3265E-02  1.4276E+02  1.4243E+02
1.3266E-02  1.3907E+02  1.3872E+02
1.3267E-02  1.3626E+02  1.3592E+02
1.3267E-02  1.3390E+02  1.3354E+02
1.3268E-02  1.3198E+02  1.3163E+02
1.3269E-02  1.3007E+02  1.2971E+02
1.3270E-02  1.2815E+02  1.2780E+02
1.3271E-02  1.2635E+02  1.2599E+02
1.3272E-02  1.2467E+02  1.2431E+02
1.3273E-02  1.2355E+02  1.2319E+02
1.3274E-02  1.2307E+02  1.2271E+02
1.3275E-02  1.2293E+02  1.2256E+02
1.3276E-02  1.2317E+02  1.2281E+02
1.3277E-02  1.2344E+02  1.2308E+02
1.3278E-02  1.2374E+02  1.2338E+02
1.3279E-02  1.2404E+02  1.2367E+02
1.3280E-02  1.2434E+02  1.2398E+02
1.3281E-02  1.2498E+02  1.2462E+02
1.3281E-02  1.2605E+02  1.2569E+02
1.3282E-02  1.2762E+02  1.2727E+02
1.3283E-02  1.2986E+02  1.2951E+02
1.3284E-02  1.3215E+02  1.3180E+02
1.3285E-02  1.3450E+02  1.3415E+02
1.3286E-02  1.3686E+02  1.3651E+02
1.3287E-02  1.3922E+02  1.3887E+02
1.3288E-02  1.4209E+02  1.4174E+02
1.3289E-02  1.4568E+02  1.4534E+02
1.3290E-02  1.4973E+02  1.4940E+02
1.3291E-02  1.5444E+02  1.5411E+02
1.3292E-02  1.5923E+02  1.5890E+02
1.3293E-02  1.6410E+02  1.6378E+02
1.3294E-02  1.6991E+02  1.6961E+02
1.3295E-02  1.7716E+02  1.7687E+02
1.3296E-02  1.8461E+02  1.8431E+02
1.3296E-02  1.9229E+02  1.9200E+02
1.3297E-02  2.0103E+02  2.0077E+02
1.3298E-02  2.1143E+02  2.1120E+02
1.3299E-02  2.2258E+02  2.2235E+02
1.3300E-02  2.3483E+02  2.3463E+02
1.3301E-02  2.4882E+02  2.4868E+02
1.3302E-02  2.6563E+02  2.6554E+02
1.3303E-02  2.8362E+02  2.8352E+02
1.3304E-02  3.0328E+02  3.0324E+02
1.3305E-02  3.2679E+02  3.2695E+02
1.3306E-02  3.5680E+02  3.5708E+02
1.3307E-02  3.9069E+02  3.9111E+02
1.3308E-02  4.3079E+02  4.3137E+02
1.3309E-02  4.7708E+02  4.7799E+02
1.3310E-02  5.3377E+02  5.3493E+02
1.3310E-02  5.9957E+02  6.0128E+02
1.3311E-02  6.8089E+02  6.8299E+02
1.3312E-02  7.7795E+02  7.8133E+02
1.3313E-02  9.0306E+02  9.0708E+02
1.3314E-02  1.0529E+03  1.0592E+03
1.3315E-02  1.2477E+03  1.2550E+03
1.3316E-02  1.4851E+03  1.4971E+03
1.3317E-02  1.8026E+03  1.8164E+03
1.3318E-02  2.2104E+03  2.2385E+03
1.3319E-02  2.8019E+03  2.8331E+03
1.3320E-02  3.6028E+03  3.6807E+03
1.3321E-02  4.8726E+03  4.9550E+03
1.3322E-02  6.6842E+03  6.9387E+03
1.3323E-02  9.8699E+03  1.0123E+04
1.3324E-02  1.4458E+04  1.5265E+04
1.3325E-02  2.2959E+04  2.3723E+04
1.3325E-02  3.3651E+04  3.4890E+04
1.3326E-02  4.9371E+04  5.0601E+04
1.3327E-02  6.0701E+04  6.0708E+04
1.3328E-02  6.1086E+04  6.1086E+04
1.3329E-02  5.4625E+04  5.5457E+04
1.3330E-02  3.8278E+04  3.9841E+04
1.3331E-02  2.6093E+04  2.6667E+04
1.3332E-02  1.6902E+04  1.7943E+04
1.3333E-02  1.1073E+04  1.1273E+04
1.3334E-02  7.6340E+03  7.9656E+03
1.3335E-02  5.3667E+03  5.4319E+03
1.3336E-02  4.0119E+03  4.1140E+03
1.3337E-02  3.0485E+03  3.0726E+03
1.3338E-02  2.4269E+03  2.4633E+03
1.3339E-02  1.9570E+03  1.9670E+03
1.3340E-02  1.6330E+03  1.6478E+03
1.3340E-02  1.3695E+03  1.3749E+03
1.3341E-02  1.1662E+03  1.1743E+03
1.3342E-02  1.0019E+03  1.0044E+03
1.3343E-02  8.7932E+02  8.8308E+02
1.3344E-02  7.7523E+02  7.7663E+02
1.3345E-02  6.9117E+02  6.9329E+02
1.3346E-02  6.2097E+02  6.2153E+02
1.3347E-02  5.6703E+02  5.6792E+02
1.3348E-02  5.2108E+02  5.2121E+02
1.3349E-02  4.8482E+02  4.8513E+02
1.3350E-02  4.5277E+02  4.5272E+02
1.3351E-02  4.2584E+02  4.2590E+02
1.3352E-02  4.0418E+02  4.0392E+02
1.3353E-02  3.8959E+02  3.8937E+02
1.3354E-02  3.7640E+02  3.7611E+02
1.3355E-02  3.6498E+02  3.6471E+02
1.3356E-02  3.5564E+02  3.5530E+02
1.3356E-02  3.4921E+02  3.4888E+02
1.3357E-02  3.4433E+02  3.4398E+02
1.3358E-02  3.4165E+02  3.4130E+02
1.3359E-02  3.4013E+02  3.3976E+02
1.3360E-02  3.4024E+02  3.3988E+02
1.3361E-02  3.4179E+02  3.4143E+02
1.3362E-02  3.4538E+02  3.4503E+02
1.3363E-02  3.5028E+02  3.4995E+02
1.3364E-02  3.5702E+02  3.5669E+02
1.3365E-02  3.6875E+02  3.6859E+02
1.3366E-02  3.8770E+02  3.8757E+02
1.3367E-02  4.0203E+02  4.0170E+02
1.3368E-02  4.0955E+02  4.0923E+02
1.3369E-02  4.2297E+02  4.2284E+02
1.3370E-02  4.4462E+02  4.4452E+02
1.3371E-02  4.6991E+02  4.6997E+02
1.3372E-02  5.0011E+02  5.0021E+02
1.3372E-02  5.3584E+02  5.3625E+02
1.3373E-02  5.7907E+02  5.7952E+02
1.3374E-02  6.3055E+02  6.3158E+02
1.3375E-02  6.9329E+02  6.9435E+02
1.3376E-02  7.6754E+02  7.6957E+02
1.3377E-02  8.5754E+02  8.5953E+02
1.3378E-02  9.6427E+02  9.6792E+02
1.3379E-02  1.0941E+03  1.0975E+03
1.3380E-02  1.2553E+03  1.2628E+03
1.3381E-02  1.4610E+03  1.4678E+03
1.3382E-02  1.7282E+03  1.7451E+03
1.3383E-02  2.0859E+03  2.1006E+03
1.3384E-02  2.5694E+03  2.6113E+03
1.3385E-02  3.2504E+03  3.2845E+03
1.3386E-02  4.1983E+03  4.3072E+03
1.3387E-02  5.6011E+03  5.6830E+03
1.3388E-02  7.5771E+03  7.8525E+03
1.3388E-02  1.0601E+04  1.0796E+04
1.3389E-02  1.4548E+04  1.5047E+04
1.3390E-02  2.0176E+04  2.0526E+04
1.3391E-02  2.5901E+04  2.6234E+04
1.3392E-02  3.1891E+04  3.2145E+04
1.3393E-02  3.3177E+04  3.3248E+04
1.3394E-02  3.0089E+04  3.0161E+04
1.3395E-02  2.4984E+04  2.5365E+04
1.3396E-02  1.8700E+04  1.9143E+04
1.3397E-02  1.3882E+04  1.4162E+04
1.3398E-02  9.8542E+03  1.0185E+04
1.3399E-02  7.2488E+03  7.3723E+03
1.3400E-02  5.3268E+03  5.4649E+03
1.3401E-02  4.0864E+03  4.1350E+03
1.3402E-02  3.1860E+03  3.2365E+03
1.3403E-02  2.5783E+03  2.5977E+03
1.3404E-02  2.1267E+03  2.1454E+03
1.3404E-02  1.8069E+03  1.8150E+03
1.3405E-02  1.5614E+03  1.5686E+03
1.3406E-02  1.3808E+03  1.3842E+03
1.3407E-02  1.2380E+03  1.2408E+03
1.3408E-02  1.1291E+03  1.1305E+03
1.3409E-02  1.0401E+03  1.0412E+03
1.3410E-02  9.7178E+02  9.7225E+02
1.3411E-02  9.1555E+02  9.1582E+02
1.3412E-02  8.7700E+02  8.7688E+02
1.3413E-02  8.4846E+02  8.4827E+02
1.3414E-02  8.3245E+02  8.3211E+02
1.3415E-02  8.2343E+02  8.2309E+02
1.3416E-02  8.2534E+02  8.2500E+02
1.3417E-02  8.3334E+02  8.3300E+02
1.3418E-02  8.5306E+02  8.5289E+02
1.3419E-02  8.7949E+02  8.7928E+02
1.3420E-02  9.2206E+02  9.2241E+02
1.3421E-02  9.7416E+02  9.7429E+02
1.3421E-02  1.0456E+03  1.0469E+03
1.3422E-02  1.1294E+03  1.1301E+03
1.3423E-02  1.2414E+03  1.2443E+03
1.3424E-02  1.3725E+03  1.3742E+03
1.3425E-02  1.5507E+03  1.5570E+03
1.3426E-02  1.7627E+03  1.7666E+03
1.3427E-02  2.0618E+03  2.0761E+03
1.3428E-02  2.4266E+03  2.4356E+03
1.3429E-02  2.9586E+03  2.9913E+03
1.3430E-02  3.6227E+03  3.6431E+03
1.3431E-02  4.5995E+03  4.6714E+03
1.3432E-02  5.8317E+03  5.8743E+03
1.3433E-02  7.5642E+03  7.6978E+03
1.3434E-02  9.7041E+03  9.7746E+03
1.3435E-02  1.2300E+04  1.2467E+04
1.3436E-02  1.5211E+04  1.5276E+04
1.3437E-02  1.7068E+04  1.7102E+04
1.3438E-02  1.8435E+04  1.8445E+04
1.3438E-02  1.7611E+04  1.7639E+04
1.3439E-02  1.6094E+04  1.6122E+04
1.3440E-02  1.3388E+04  1.3540E+04
1.3441E-02  1.0656E+04  1.0737E+04
1.3442E-02  8.4322E+03  8.5522E+03
1.3443E-02  6.5384E+03  6.5961E+03
1.3444E-02  5.2286E+03  5.2909E+03
1.3445E-02  4.1616E+03  4.1888E+03
1.3446E-02  3.4662E+03  3.4923E+03
1.3447E-02  2.9038E+03  2.9140E+03
1.3448E-02  2.5429E+03  2.5524E+03
1.3449E-02  2.2489E+03  2.2521E+03
1.3450E-02  2.0650E+03  2.0679E+03
1.3451E-02  1.9157E+03  1.9164E+03
1.3452E-02  1.8318E+03  1.8322E+03
1.3453E-02  1.7686E+03  1.7683E+03
1.3454E-02  1.7543E+03  1.7540E+03
1.3455E-02  1.7572E+03  1.7569E+03
1.3455E-02  1.8099E+03  1.8100E+03
1.3456E-02  1.8820E+03  1.8824E+03
1.3457E-02  2.0120E+03  2.0141E+03
1.3458E-02  2.1686E+03  2.1708E+03
1.3459E-02  2.4012E+03  2.4071E+03
1.3460E-02  2.6778E+03  2.6837E+03
1.3461E-02  3.0788E+03  3.0930E+03
1.3462E-02  3.5556E+03  3.5690E+03
1.3463E-02  4.2264E+03  4.2556E+03
1.3464E-02  5.0113E+03  5.0353E+03
1.3465E-02  6.0377E+03  6.0849E+03
1.3466E-02  7.1769E+03  7.2045E+03
1.3467E-02  8.4303E+03  8.4788E+03
1.3468E-02  9.6767E+03  9.6910E+03
1.3469E-02  1.0630E+04  1.0651E+04
1.3470E-02  1.1193E+04  1.1198E+04
1.3471E-02  1.0519E+04  1.0532E+04
1.3472E-02  9.6637E+03  9.6819E+03
1.3473E-02  8.5069E+03  8.5455E+03
1.3473E-02  7.4161E+03  7.4365E+03
1.3474E-02  6.4109E+03  6.4480E+03
1.3475E-02  5.5577E+03  5.5694E+03
1.3476E-02  4.9278E+03  4.9463E+03
1.3477E-02  4.4175E+03  4.4216E+03
1.3478E-02  4.0889E+03  4.0947E+03
1.3479E-02  3.8324E+03  3.8330E+03
1.3480E-02  3.6920E+03  3.6929E+03
1.3481E-02  3.5907E+03  3.5904E+03
1.3482E-02  3.5544E+03  3.5542E+03
1.3483E-02  3.5425E+03  3.5421E+03
1.3484E-02  3.5711E+03  3.5708E+03
1.3485E-02  3.6147E+03  3.6146E+03
1.3486E-02  3.6823E+03  3.6823E+03
1.3487E-02  3.7593E+03  3.7593E+03
1.3488E-02  3.8500E+03  3.8502E+03
1.3489E-02  3.9465E+03  3.9468E+03
1.3490E-02  4.0508E+03  4.0512E+03
1.3491E-02  4.1568E+03  4.1570E+03
1.3492E-02  4.2644E+03  4.2648E+03
1.3492E-02  4.3742E+03  4.3745E+03
1.3493E-02  4.4864E+03  4.4868E+03
1.3494E-02  4.6005E+03  4.6008E+03
1.3495E-02  4.7164E+03  4.7167E+03
1.3496E-02  4.8245E+03  4.8246E+03
1.3497E-02  4.9246E+03  4.9248E+03
1.3498E-02  5.0260E+03  5.0261E+03
1.3499E-02  5.1284E+03  5.1285E+03
1.3500E-02  5.2279E+03  5.2280E+03
1.3501E-02  5.3250E+03  5.3250E+03
1.3502E-02  5.4174E+03  5.4174E+03
1.3503E-02  5.5059E+03  5.5058E+03
1.3504E-02  5.5452E+03  5.5449E+03
1.3505E-02  5.5516E+03  5.5512E+03