Number of T =   1  Number of rho =   1  Number of materials =   9
TOPS results for  phLine6T0       on Sep 19, 2026
Opacities in cm**2/gm, T in keV, density in gm/cc
Normalized composition for requested elements
No. Fraction Mass Fraction  At. No.  Chem. Sym.  Mat ID.
9.7044E-01   8.8941E-01      1         H         4525
2.9297E-02   1.0664E-01      2         He        4675
2.4325E-06   2.6953E-05      6         C         4387
1.1017E-04   1.4030E-03      7         N         4005
8.3156E-05   1.2116E-03      8         O         4105
2.5313E-09   4.3732E-08      9         F         4405
2.2228E-05   4.0413E-04     10         Ne        4145
4.1339E-05   9.0165E-04     12         Mg        4682
2.1699E-07   7.8856E-06     20         Ca        2302
Temperature grid used the following   1 points
1.5000E-03
Density grid used the following   1 points
1.9163E-09
Photon grid used the following 999 points
1.1735E-02  1.1736E-02  1.1736E-02  1.1737E-02  1.1738E-02  1.1739E-02
1.1740E-02  1.1740E-02  1.1741E-02  1.1742E-02  1.1743E-02  1.1744E-02
1.1745E-02  1.1745E-02  1.1746E-02  1.1747E-02  1.1748E-02  1.1749E-02
1.1750E-02  1.1750E-02  1.1751E-02  1.1752E-02  1.1753E-02  1.1754E-02
1.1755E-02  1.1755E-02  1.1756E-02  1.1757E-02  1.1758E-02  1.1759E-02
1.1760E-02  1.1760E-02  1.1761E-02  1.1762E-02  1.1763E-02  1.1764E-02
1.1764E-02  1.1765E-02  1.1766E-02  1.1767E-02  1.1768E-02  1.1769E-02
1.1769E-02  1.1770E-02  1.1771E-02  1.1772E-02  1.1773E-02  1.1774E-02
1.1774E-02  1.1775E-02  1.1776E-02  1.1777E-02  1.1778E-02  1.1779E-02
1.1779E-02  1.1780E-02  1.1781E-02  1.1782E-02  1.1783E-02  1.1784E-02
1.1784E-02  1.1785E-02  1.1786E-02  1.1787E-02  1.1788E-02  1.1788E-02
1.1789E-02  1.1790E-02  1.1791E-02  1.1792E-02  1.1793E-02  1.1793E-02
1.1794E-02  1.1795E-02  1.1796E-02  1.1797E-02  1.1798E-02  1.1798E-02
1.1799E-02  1.1800E-02  1.1801E-02  1.1802E-02  1.1803E-02  1.1803E-02
1.1804E-02  1.1805E-02  1.1806E-02  1.1807E-02  1.1808E-02  1.1808E-02
1.1809E-02  1.1810E-02  1.1811E-02  1.1812E-02  1.1813E-02  1.1813E-02
1.1814E-02  1.1815E-02  1.1816E-02  1.1817E-02  1.1818E-02  1.1818E-02
1.1819E-02  1.1820E-02  1.1821E-02  1.1822E-02  1.1823E-02  1.1823E-02
1.1824E-02  1.1825E-02  1.1826E-02  1.1827E-02  1.1828E-02  1.1828E-02
1.1829E-02  1.1830E-02  1.1831E-02  1.1832E-02  1.1833E-02  1.1833E-02
1.1834E-02  1.1835E-02  1.1836E-02  1.1837E-02  1.1838E-02  1.1838E-02
1.1839E-02  1.1840E-02  1.1841E-02  1.1842E-02  1.1843E-02  1.1843E-02
1.1844E-02  1.1845E-02  1.1846E-02  1.1847E-02  1.1848E-02  1.1848E-02
1.1849E-02  1.1850E-02  1.1851E-02  1.1852E-02  1.1853E-02  1.1853E-02
1.1854E-02  1.1855E-02  1.1856E-02  1.1857E-02  1.1858E-02  1.1858E-02
1.1859E-02  1.1860E-02  1.1861E-02  1.1862E-02  1.1863E-02  1.1863E-02
1.1864E-02  1.1865E-02  1.1866E-02  1.1867E-02  1.1868E-02  1.1868E-02
1.1869E-02  1.1870E-02  1.1871E-02  1.1872E-02  1.1873E-02  1.1873E-02
1.1874E-02  1.1875E-02  1.1876E-02  1.1877E-02  1.1878E-02  1.1878E-02
1.1879E-02  1.1880E-02  1.1881E-02  1.1882E-02  1.1883E-02  1.1883E-02
1.1884E-02  1.1885E-02  1.1886E-02  1.1887E-02  1.1888E-02  1.1888E-02
1.1889E-02  1.1890E-02  1.1891E-02  1.1892E-02  1.1893E-02  1.1893E-02
1.1894E-02  1.1895E-02  1.1896E-02  1.1897E-02  1.1898E-02  1.1898E-02
1.1899E-02  1.1900E-02  1.1901E-02  1.1902E-02  1.1903E-02  1.1904E-02
1.1904E-02  1.1905E-02  1.1906E-02  1.1907E-02  1.1908E-02  1.1909E-02
1.1909E-02  1.1910E-02  1.1911E-02  1.1912E-02  1.1913E-02  1.1914E-02
1.1914E-02  1.1915E-02  1.1916E-02  1.1917E-02  1.1918E-02  1.1919E-02
1.1919E-02  1.1920E-02  1.1921E-02  1.1922E-02  1.1923E-02  1.1924E-02
1.1924E-02  1.1925E-02  1.1926E-02  1.1927E-02  1.1928E-02  1.1929E-02
1.1929E-02  1.1930E-02  1.1931E-02  1.1932E-02  1.1933E-02  1.1934E-02
1.1935E-02  1.1935E-02  1.1936E-02  1.1937E-02  1.1938E-02  1.1939E-02
1.1940E-02  1.1940E-02  1.1941E-02  1.1942E-02  1.1943E-02  1.1944E-02
1.1945E-02  1.1945E-02  1.1946E-02  1.1947E-02  1.1948E-02  1.1949E-02
1.1950E-02  1.1950E-02  1.1951E-02  1.1952E-02  1.1953E-02  1.1954E-02
1.1955E-02  1.1956E-02  1.1956E-02  1.1957E-02  1.1958E-02  1.1959E-02
1.1960E-02  1.1961E-02  1.1961E-02  1.1962E-02  1.1963E-02  1.1964E-02
1.1965E-02  1.1966E-02  1.1966E-02  1.1967E-02  1.1968E-02  1.1969E-02
1.1970E-02  1.1971E-02  1.1972E-02  1.1972E-02  1.1973E-02  1.1974E-02
1.1975E-02  1.1976E-02  1.1977E-02  1.1977E-02  1.1978E-02  1.1979E-02
1.1980E-02  1.1981E-02  1.1982E-02  1.1982E-02  1.1983E-02  1.1984E-02
1.1985E-02  1.1986E-02  1.1987E-02  1.1988E-02  1.1988E-02  1.1989E-02
1.1990E-02  1.1991E-02  1.1992E-02  1.1993E-02  1.1993E-02  1.1994E-02
1.1995E-02  1.1996E-02  1.1997E-02  1.1998E-02  1.1999E-02  1.1999E-02
1.2000E-02  1.2001E-02  1.2002E-02  1.2003E-02  1.2004E-02  1.2004E-02
1.2005E-02  1.2006E-02  1.2007E-02  1.2008E-02  1.2009E-02  1.2009E-02
1.2010E-02  1.2011E-02  1.2012E-02  1.2013E-02  1.2014E-02  1.2015E-02
1.2015E-02  1.2016E-02  1.2017E-02  1.2018E-02  1.2019E-02  1.2020E-02
1.2020E-02  1.2021E-02  1.2022E-02  1.2023E-02  1.2024E-02  1.2025E-02
1.2026E-02  1.2026E-02  1.2027E-02  1.2028E-02  1.2029E-02  1.2030E-02
1.2031E-02  1.2031E-02  1.2032E-02  1.2033E-02  1.2034E-02  1.2035E-02
1.2036E-02  1.2037E-02  1.2037E-02  1.2038E-02  1.2039E-02  1.2040E-02
1.2041E-02  1.2042E-02  1.2042E-02  1.2043E-02  1.2044E-02  1.2045E-02
1.2046E-02  1.2047E-02  1.2048E-02  1.2048E-02  1.2049E-02  1.2050E-02
1.2051E-02  1.2052E-02  1.2053E-02  1.2054E-02  1.2054E-02  1.2055E-02
1.2056E-02  1.2057E-02  1.2058E-02  1.2059E-02  1.2059E-02  1.2060E-02
1.2061E-02  1.2062E-02  1.2063E-02  1.2064E-02  1.2065E-02  1.2065E-02
1.2066E-02  1.2067E-02  1.2068E-02  1.2069E-02  1.2070E-02  1.2070E-02
1.2071E-02  1.2072E-02  1.2073E-02  1.2074E-02  1.2075E-02  1.2076E-02
1.2076E-02  1.2077E-02  1.2078E-02  1.2079E-02  1.2080E-02  1.2081E-02
1.2082E-02  1.2082E-02  1.2083E-02  1.2084E-02  1.2085E-02  1.2086E-02
1.2087E-02  1.2087E-02  1.2088E-02  1.2089E-02  1.2090E-02  1.2091E-02
1.2092E-02  1.2093E-02  1.2093E-02  1.2094E-02  1.2095E-02  1.2096E-02
1.2097E-02  1.2098E-02  1.2099E-02  1.2099E-02  1.2100E-02  1.2101E-02
1.2102E-02  1.2103E-02  1.2104E-02  1.2104E-02  1.2105E-02  1.2106E-02
1.2107E-02  1.2108E-02  1.2109E-02  1.2110E-02  1.2110E-02  1.2111E-02
1.2112E-02  1.2113E-02  1.2114E-02  1.2115E-02  1.2116E-02  1.2116E-02
1.2117E-02  1.2118E-02  1.2119E-02  1.2120E-02  1.2121E-02  1.2122E-02
1.2122E-02  1.2123E-02  1.2124E-02  1.2125E-02  1.2126E-02  1.2127E-02
1.2128E-02  1.2128E-02  1.2129E-02  1.2130E-02  1.2131E-02  1.2132E-02
1.2133E-02  1.2133E-02  1.2134E-02  1.2135E-02  1.2136E-02  1.2137E-02
1.2138E-02  1.2139E-02  1.2139E-02  1.2140E-02  1.2141E-02  1.2142E-02
1.2143E-02  1.2144E-02  1.2145E-02  1.2145E-02  1.2146E-02  1.2147E-02
1.2148E-02  1.2149E-02  1.2150E-02  1.2151E-02  1.2151E-02  1.2152E-02
1.2153E-02  1.2154E-02  1.2155E-02  1.2156E-02  1.2157E-02  1.2157E-02
1.2158E-02  1.2159E-02  1.2160E-02  1.2161E-02  1.2162E-02  1.2163E-02
1.2163E-02  1.2164E-02  1.2165E-02  1.2166E-02  1.2167E-02  1.2168E-02
1.2169E-02  1.2169E-02  1.2170E-02  1.2171E-02  1.2172E-02  1.2173E-02
1.2174E-02  1.2175E-02  1.2175E-02  1.2176E-02  1.2177E-02  1.2178E-02
1.2179E-02  1.2180E-02  1.2181E-02  1.2181E-02  1.2182E-02  1.2183E-02
1.2184E-02  1.2185E-02  1.2186E-02  1.2187E-02  1.2187E-02  1.2188E-02
1.2189E-02  1.2190E-02  1.2191E-02  1.2192E-02  1.2193E-02  1.2193E-02
1.2194E-02  1.2195E-02  1.2196E-02  1.2197E-02  1.2198E-02  1.2199E-02
1.2199E-02  1.2200E-02  1.2201E-02  1.2202E-02  1.2203E-02  1.2204E-02
1.2205E-02  1.2205E-02  1.2206E-02  1.2207E-02  1.2208E-02  1.2209E-02
1.2210E-02  1.2211E-02  1.2211E-02  1.2212E-02  1.2213E-02  1.2214E-02
1.2215E-02  1.2216E-02  1.2217E-02  1.2217E-02  1.2218E-02  1.2219E-02
1.2220E-02  1.2221E-02  1.2222E-02  1.2223E-02  1.2223E-02  1.2224E-02
1.2225E-02  1.2226E-02  1.2227E-02  1.2228E-02  1.2229E-02  1.2229E-02
1.2230E-02  1.2231E-02  1.2232E-02  1.2233E-02  1.2234E-02  1.2235E-02
1.2235E-02  1.2236E-02  1.2237E-02  1.2238E-02  1.2239E-02  1.2240E-02
1.2241E-02  1.2242E-02  1.2242E-02  1.2243E-02  1.2244E-02  1.2245E-02
1.2246E-02  1.2247E-02  1.2248E-02  1.2248E-02  1.2249E-02  1.2250E-02
1.2251E-02  1.2252E-02  1.2253E-02  1.2254E-02  1.2254E-02  1.2255E-02
1.2256E-02  1.2257E-02  1.2258E-02  1.2259E-02  1.2260E-02  1.2260E-02
1.2261E-02  1.2262E-02  1.2263E-02  1.2264E-02  1.2265E-02  1.2266E-02
1.2267E-02  1.2267E-02  1.2268E-02  1.2269E-02  1.2270E-02  1.2271E-02
1.2272E-02  1.2273E-02  1.2273E-02  1.2274E-02  1.2275E-02  1.2276E-02
1.2277E-02  1.2278E-02  1.2279E-02  1.2279E-02  1.2280E-02  1.2281E-02
1.2282E-02  1.2283E-02  1.2284E-02  1.2285E-02  1.2286E-02  1.2286E-02
1.2287E-02  1.2288E-02  1.2289E-02  1.2290E-02  1.2291E-02  1.2292E-02
1.2292E-02  1.2293E-02  1.2294E-02  1.2295E-02  1.2296E-02  1.2297E-02
1.2298E-02  1.2298E-02  1.2299E-02  1.2300E-02  1.2301E-02  1.2302E-02
1.2303E-02  1.2304E-02  1.2305E-02  1.2305E-02  1.2306E-02  1.2307E-02
1.2308E-02  1.2309E-02  1.2310E-02  1.2311E-02  1.2311E-02  1.2312E-02
1.2313E-02  1.2314E-02  1.2315E-02  1.2316E-02  1.2317E-02  1.2318E-02
1.2318E-02  1.2319E-02  1.2320E-02  1.2321E-02  1.2322E-02  1.2323E-02
1.2324E-02  1.2324E-02  1.2325E-02  1.2326E-02  1.2327E-02  1.2328E-02
1.2329E-02  1.2330E-02  1.2331E-02  1.2331E-02  1.2332E-02  1.2333E-02
1.2334E-02  1.2335E-02  1.2336E-02  1.2337E-02  1.2337E-02  1.2338E-02
1.2339E-02  1.2340E-02  1.2341E-02  1.2342E-02  1.2343E-02  1.2344E-02
1.2344E-02  1.2345E-02  1.2346E-02  1.2347E-02  1.2348E-02  1.2349E-02
1.2350E-02  1.2351E-02  1.2351E-02  1.2352E-02  1.2353E-02  1.2354E-02
1.2355E-02  1.2356E-02  1.2357E-02  1.2357E-02  1.2358E-02  1.2359E-02
1.2360E-02  1.2361E-02  1.2362E-02  1.2363E-02  1.2364E-02  1.2364E-02
1.2365E-02  1.2366E-02  1.2367E-02  1.2368E-02  1.2369E-02  1.2370E-02
1.2371E-02  1.2371E-02  1.2372E-02  1.2373E-02  1.2374E-02  1.2375E-02
1.2376E-02  1.2377E-02  1.2377E-02  1.2378E-02  1.2379E-02  1.2380E-02
1.2381E-02  1.2382E-02  1.2383E-02  1.2384E-02  1.2384E-02  1.2385E-02
1.2386E-02  1.2387E-02  1.2388E-02  1.2389E-02  1.2390E-02  1.2391E-02
1.2391E-02  1.2392E-02  1.2393E-02  1.2394E-02  1.2395E-02  1.2396E-02
1.2397E-02  1.2398E-02  1.2398E-02  1.2399E-02  1.2400E-02  1.2401E-02
1.2402E-02  1.2403E-02  1.2404E-02  1.2405E-02  1.2405E-02  1.2406E-02
1.2407E-02  1.2408E-02  1.2409E-02  1.2410E-02  1.2411E-02  1.2411E-02
1.2412E-02  1.2413E-02  1.2414E-02  1.2415E-02  1.2416E-02  1.2417E-02
1.2418E-02  1.2418E-02  1.2419E-02  1.2420E-02  1.2421E-02  1.2422E-02
1.2423E-02  1.2424E-02  1.2425E-02  1.2425E-02  1.2426E-02  1.2427E-02
1.2428E-02  1.2429E-02  1.2430E-02  1.2431E-02  1.2432E-02  1.2432E-02
1.2433E-02  1.2434E-02  1.2435E-02  1.2436E-02  1.2437E-02  1.2438E-02
1.2439E-02  1.2439E-02  1.2440E-02  1.2441E-02  1.2442E-02  1.2443E-02
1.2444E-02  1.2445E-02  1.2446E-02  1.2446E-02  1.2447E-02  1.2448E-02
1.2449E-02  1.2450E-02  1.2451E-02  1.2452E-02  1.2453E-02  1.2453E-02
1.2454E-02  1.2455E-02  1.2456E-02  1.2457E-02  1.2458E-02  1.2459E-02
1.2460E-02  1.2460E-02  1.2461E-02  1.2462E-02  1.2463E-02  1.2464E-02
1.2465E-02  1.2466E-02  1.2467E-02  1.2467E-02  1.2468E-02  1.2469E-02
1.2470E-02  1.2471E-02  1.2472E-02  1.2473E-02  1.2474E-02  1.2475E-02
1.2475E-02  1.2476E-02  1.2477E-02  1.2478E-02  1.2479E-02  1.2480E-02
1.2481E-02  1.2482E-02  1.2482E-02  1.2483E-02  1.2484E-02  1.2485E-02
1.2486E-02  1.2487E-02  1.2488E-02  1.2489E-02  1.2489E-02  1.2490E-02
1.2491E-02  1.2492E-02  1.2493E-02  1.2494E-02  1.2495E-02  1.2496E-02
1.2496E-02  1.2497E-02  1.2498E-02  1.2499E-02  1.2500E-02  1.2501E-02
1.2502E-02  1.2503E-02  1.2504E-02  1.2504E-02  1.2505E-02  1.2506E-02
1.2507E-02  1.2508E-02  1.2509E-02  1.2510E-02  1.2511E-02  1.2511E-02
1.2512E-02  1.2513E-02  1.2514E-02  1.2515E-02  1.2516E-02  1.2517E-02
1.2518E-02  1.2518E-02  1.2519E-02  1.2520E-02  1.2521E-02  1.2522E-02
1.2523E-02  1.2524E-02  1.2525E-02  1.2526E-02  1.2526E-02  1.2527E-02
1.2528E-02  1.2529E-02  1.2530E-02  1.2531E-02  1.2532E-02  1.2533E-02
1.2533E-02  1.2534E-02  1.2535E-02  1.2536E-02  1.2537E-02  1.2538E-02
1.2539E-02  1.2540E-02  1.2541E-02  1.2541E-02  1.2542E-02  1.2543E-02
1.2544E-02  1.2545E-02  1.2546E-02  1.2547E-02  1.2548E-02  1.2548E-02
1.2549E-02  1.2550E-02  1.2551E-02  1.2552E-02  1.2553E-02  1.2554E-02
1.2555E-02  1.2556E-02  1.2556E-02  1.2557E-02  1.2558E-02  1.2559E-02
1.2560E-02  1.2561E-02  1.2562E-02  1.2563E-02  1.2563E-02  1.2564E-02
1.2565E-02  1.2566E-02  1.2567E-02  1.2568E-02  1.2569E-02  1.2570E-02
1.2571E-02  1.2571E-02  1.2572E-02  1.2573E-02  1.2574E-02  1.2575E-02
1.2576E-02  1.2577E-02  1.2578E-02  1.2579E-02  1.2579E-02  1.2580E-02
1.2581E-02  1.2582E-02  1.2583E-02  1.2584E-02  1.2585E-02  1.2586E-02
1.2586E-02  1.2587E-02  1.2588E-02
Rosseland and Planck opacities and free electrons
Density     Ross opa    Planck opa  No. Free    Av Sq Free  T=  1.5000E-03
1.9163E-09  9.1378E+00  1.1273E+03  9.8847E-01  9.8856E-01
Multigroup opacities
Energy      Ross mg     Planck mg    for T, density =   1.5000E-03  1.9163E-09
1.1735E-02  2.7864E+00  2.4262E+00
1.1736E-02  2.7560E+00  2.3955E+00
1.1736E-02  2.7617E+00  2.4013E+00
1.1737E-02  2.7663E+00  2.4059E+00
1.1738E-02  2.7652E+00  2.4047E+00
1.1739E-02  2.7637E+00  2.4033E+00
1.1740E-02  2.7655E+00  2.4050E+00
1.1740E-02  2.7682E+00  2.4077E+00
1.1741E-02  2.7745E+00  2.4140E+00
1.1742E-02  2.7836E+00  2.4231E+00
1.1743E-02  2.7877E+00  2.4272E+00
1.1744E-02  2.7821E+00  2.4216E+00
1.1745E-02  2.7787E+00  2.4182E+00
1.1745E-02  2.7883E+00  2.4278E+00
1.1746E-02  2.7990E+00  2.4385E+00
1.1747E-02  2.7963E+00  2.4358E+00
1.1748E-02  2.7885E+00  2.4281E+00
1.1749E-02  2.7862E+00  2.4258E+00
1.1750E-02  2.7893E+00  2.4288E+00
1.1750E-02  2.7942E+00  2.4337E+00
1.1751E-02  2.8041E+00  2.4436E+00
1.1752E-02  2.8123E+00  2.4519E+00
1.1753E-02  2.8083E+00  2.4478E+00
1.1754E-02  2.8193E+00  2.4598E+00
1.1755E-02  3.3762E+00  3.0758E+00
1.1755E-02  4.2972E+00  3.9841E+00
1.1756E-02  4.4235E+00  4.1030E+00
1.1757E-02  3.5057E+00  3.2026E+00
1.1758E-02  2.8579E+00  2.5015E+00
1.1759E-02  2.8215E+00  2.4611E+00
1.1760E-02  2.8309E+00  2.4704E+00
1.1760E-02  2.8301E+00  2.4697E+00
1.1761E-02  2.8270E+00  2.4665E+00
1.1762E-02  2.8257E+00  2.4652E+00
1.1763E-02  2.8256E+00  2.4651E+00
1.1764E-02  2.8345E+00  2.4741E+00
1.1764E-02  2.8583E+00  2.4979E+00
1.1765E-02  2.8746E+00  2.5141E+00
1.1766E-02  2.8593E+00  2.4989E+00
1.1767E-02  2.8426E+00  2.4822E+00
1.1768E-02  2.8502E+00  2.4897E+00
1.1769E-02  2.8651E+00  2.5046E+00
1.1769E-02  2.8662E+00  2.5057E+00
1.1770E-02  2.8570E+00  2.4965E+00
1.1771E-02  2.8517E+00  2.4912E+00
1.1772E-02  2.8542E+00  2.4937E+00
1.1773E-02  2.9074E+00  2.5494E+00
1.1774E-02  3.2231E+00  2.8727E+00
1.1774E-02  3.5611E+00  3.2046E+00
1.1775E-02  3.3859E+00  3.0347E+00
1.1776E-02  3.0310E+00  2.6805E+00
1.1777E-02  2.9618E+00  2.6041E+00
1.1778E-02  3.1443E+00  2.7865E+00
1.1779E-02  3.2262E+00  2.8669E+00
1.1779E-02  3.0606E+00  2.7026E+00
1.1780E-02  2.9096E+00  2.5496E+00
1.1781E-02  2.8924E+00  2.5319E+00
1.1782E-02  2.8983E+00  2.5378E+00
1.1783E-02  2.9124E+00  2.5519E+00
1.1784E-02  2.9300E+00  2.5696E+00
1.1784E-02  2.9345E+00  2.5740E+00
1.1785E-02  2.9239E+00  2.5634E+00
1.1786E-02  2.9185E+00  2.5580E+00
1.1787E-02  2.9279E+00  2.5675E+00
1.1788E-02  2.9385E+00  2.5781E+00
1.1788E-02  2.9511E+00  2.5906E+00
1.1789E-02  2.9641E+00  2.6036E+00
1.1790E-02  2.9791E+00  2.6186E+00
1.1791E-02  2.9952E+00  2.6347E+00
1.1792E-02  3.1067E+00  2.7504E+00
1.1793E-02  3.3545E+00  2.9986E+00
1.1793E-02  3.4974E+00  3.1384E+00
1.1794E-02  3.2787E+00  2.9227E+00
1.1795E-02  3.0597E+00  2.7006E+00
1.1796E-02  3.0290E+00  2.6685E+00
1.1797E-02  3.0429E+00  2.6825E+00
1.1798E-02  3.0962E+00  2.7362E+00
1.1798E-02  3.1731E+00  2.8131E+00
1.1799E-02  3.4462E+00  3.1076E+00
1.1800E-02  4.0696E+00  3.7332E+00
1.1801E-02  4.4633E+00  4.1102E+00
1.1802E-02  3.8873E+00  3.5533E+00
1.1803E-02  3.7542E+00  3.9345E+00
1.1803E-02  1.2348E+01  1.5243E+01
1.1804E-02  2.8313E+01  2.9313E+01
1.1805E-02  2.4726E+01  2.6272E+01
1.1806E-02  8.2868E+00  1.2024E+01
1.1807E-02  3.2950E+00  2.9900E+00
1.1808E-02  3.1927E+00  2.8322E+00
1.1808E-02  3.2000E+00  2.8397E+00
1.1809E-02  3.2773E+00  2.9173E+00
1.1810E-02  3.3914E+00  3.0333E+00
1.1811E-02  3.8655E+00  3.5288E+00
1.1812E-02  4.4785E+00  4.1353E+00
1.1813E-02  4.7330E+00  4.3725E+00
1.1813E-02  4.7031E+00  4.3427E+00
1.1814E-02  4.5366E+00  4.1824E+00
1.1815E-02  4.1293E+00  3.7789E+00
1.1816E-02  3.7646E+00  3.4067E+00
1.1817E-02  3.5581E+00  3.2001E+00
1.1818E-02  3.3835E+00  3.0241E+00
1.1818E-02  3.3547E+00  2.9942E+00
1.1819E-02  3.3722E+00  3.0117E+00
1.1820E-02  3.4010E+00  3.0406E+00
1.1821E-02  3.4388E+00  3.0784E+00
1.1822E-02  3.6382E+00  3.2916E+00
1.1823E-02  4.1965E+00  3.8555E+00
1.1823E-02  4.6361E+00  4.2787E+00
1.1824E-02  4.3225E+00  3.9715E+00
1.1825E-02  3.9384E+00  3.5825E+00
1.1826E-02  3.7921E+00  3.4319E+00
1.1827E-02  3.7236E+00  3.3634E+00
1.1828E-02  3.7354E+00  3.3753E+00
1.1828E-02  3.8143E+00  3.4542E+00
1.1829E-02  5.9773E+00  1.5799E+01
1.1830E-02  4.7321E+01  5.3949E+01
1.1831E-02  8.0687E+01  8.1518E+01
1.1832E-02  4.3886E+01  5.0879E+01
1.1833E-02  6.1268E+00  1.3688E+01
1.1833E-02  4.3050E+00  3.9450E+00
1.1834E-02  4.3979E+00  4.0378E+00
1.1835E-02  4.5377E+00  4.1790E+00
1.1836E-02  4.7208E+00  4.3621E+00
1.1837E-02  4.9369E+00  4.5791E+00
1.1838E-02  5.2263E+00  4.8699E+00
1.1838E-02  5.5496E+00  5.1930E+00
1.1839E-02  6.0229E+00  5.6729E+00
1.1840E-02  6.5529E+00  6.2006E+00
1.1841E-02  7.4868E+00  7.1687E+00
1.1842E-02  8.6244E+00  8.2986E+00
1.1843E-02  1.0456E+01  1.0269E+01
1.1843E-02  1.3203E+01  1.2980E+01
1.1844E-02  1.6804E+01  1.6771E+01
1.1845E-02  2.2873E+01  2.2931E+01
1.1846E-02  3.3356E+01  3.7853E+01
1.1847E-02  8.7575E+01  9.8746E+01
1.1848E-02  1.6443E+02  1.6988E+02
1.1848E-02  2.8340E+02  3.0308E+02
1.1849E-02  4.4673E+02  4.5883E+02
1.1850E-02  3.8704E+02  4.1541E+02
1.1851E-02  1.3672E+02  1.9688E+02
1.1852E-02  3.9483E+01  4.2513E+01
1.1853E-02  2.7335E+01  2.7830E+01
1.1853E-02  1.9463E+01  1.9286E+01
1.1854E-02  1.7733E+01  1.7385E+01
1.1855E-02  1.7069E+01  1.6728E+01
1.1856E-02  2.0903E+01  2.0965E+01
1.1857E-02  2.7144E+01  2.7178E+01
1.1858E-02  7.2988E+01  1.8101E+02
1.1858E-02  4.1922E+02  4.6140E+02
1.1859E-02  5.5691E+02  5.7354E+02
1.1860E-02  2.7993E+02  3.2924E+02
1.1861E-02  9.1726E+01  1.0714E+02
1.1862E-02  5.1830E+01  5.5124E+01
1.1863E-02  2.5798E+01  2.8043E+01
1.1863E-02  2.3420E+01  2.3143E+01
1.1864E-02  2.6869E+01  4.2743E+01
1.1865E-02  1.2869E+03  6.9388E+03
1.1866E-02  1.7451E+04  1.9464E+04
1.1867E-02  2.2810E+04  2.3854E+04
1.1868E-02  8.4639E+03  1.1793E+04
1.1868E-02  1.8128E+01  1.2266E+03
1.1869E-02  1.1200E+01  1.1068E+01
1.1870E-02  8.1872E+00  7.9570E+00
1.1871E-02  6.9201E+00  6.5829E+00
1.1872E-02  6.1178E+00  5.7799E+00
1.1873E-02  5.5905E+00  5.2353E+00
1.1873E-02  5.2436E+00  4.8888E+00
1.1874E-02  4.9552E+00  4.5961E+00
1.1875E-02  4.7636E+00  4.4049E+00
1.1876E-02  4.5883E+00  4.2284E+00
1.1877E-02  4.4652E+00  4.1054E+00
1.1878E-02  4.3512E+00  3.9910E+00
1.1878E-02  4.2653E+00  3.9051E+00
1.1879E-02  4.1882E+00  3.8280E+00
1.1880E-02  4.1245E+00  3.7642E+00
1.1881E-02  4.0702E+00  3.7098E+00
1.1882E-02  4.0215E+00  3.6611E+00
1.1883E-02  3.9825E+00  3.6220E+00
1.1883E-02  3.9456E+00  3.5851E+00
1.1884E-02  3.9164E+00  3.5560E+00
1.1885E-02  3.8886E+00  3.5281E+00
1.1886E-02  3.8664E+00  3.5059E+00
1.1887E-02  3.8459E+00  3.4854E+00
1.1888E-02  3.8299E+00  3.4694E+00
1.1888E-02  3.8168E+00  3.4563E+00
1.1889E-02  3.8051E+00  3.4446E+00
1.1890E-02  3.7957E+00  3.4352E+00
1.1891E-02  3.7874E+00  3.4269E+00
1.1892E-02  3.7830E+00  3.4225E+00
1.1893E-02  3.7799E+00  3.4194E+00
1.1893E-02  3.7861E+00  3.4255E+00
1.1894E-02  3.7955E+00  3.4350E+00
1.1895E-02  3.8588E+00  3.4989E+00
1.1896E-02  3.9532E+00  3.5933E+00
1.1897E-02  3.9840E+00  3.6237E+00
1.1898E-02  3.9268E+00  3.5665E+00
1.1898E-02  3.8859E+00  3.5254E+00
1.1899E-02  3.8970E+00  3.5365E+00
1.1900E-02  3.9240E+00  3.5637E+00
1.1901E-02  4.0461E+00  3.6869E+00
1.1902E-02  4.1872E+00  3.8274E+00
1.1903E-02  4.2282E+00  3.8677E+00
1.1904E-02  4.2196E+00  3.8591E+00
1.1904E-02  4.1504E+00  3.7909E+00
1.1905E-02  4.0124E+00  3.6530E+00
1.1906E-02  3.9122E+00  3.5517E+00
1.1907E-02  3.9101E+00  3.5496E+00
1.1908E-02  3.9211E+00  3.5606E+00
1.1909E-02  3.9814E+00  3.6212E+00
1.1909E-02  4.0484E+00  3.6881E+00
1.1910E-02  4.0569E+00  3.6964E+00
1.1911E-02  4.0409E+00  3.6804E+00
1.1912E-02  4.0754E+00  3.7153E+00
1.1913E-02  4.1599E+00  3.7998E+00
1.1914E-02  4.3074E+00  3.9500E+00
1.1914E-02  4.6058E+00  4.2504E+00
1.1915E-02  4.8351E+00  4.4756E+00
1.1916E-02  4.6306E+00  4.2738E+00
1.1917E-02  4.3750E+00  4.0165E+00
1.1918E-02  4.2255E+00  3.8657E+00
1.1919E-02  4.1123E+00  3.7525E+00
1.1919E-02  4.0608E+00  3.7002E+00
1.1920E-02  4.0570E+00  3.6964E+00
1.1921E-02  4.0571E+00  3.6966E+00
1.1922E-02  4.0648E+00  3.7042E+00
1.1923E-02  4.0733E+00  3.7128E+00
1.1924E-02  4.0852E+00  3.7247E+00
1.1924E-02  4.0974E+00  3.7368E+00
1.1925E-02  4.1092E+00  3.7487E+00
1.1926E-02  4.1209E+00  3.7604E+00
1.1927E-02  4.1350E+00  3.7745E+00
1.1928E-02  4.1505E+00  3.7900E+00
1.1929E-02  4.1726E+00  3.8122E+00
1.1929E-02  4.2048E+00  3.8444E+00
1.1930E-02  4.2381E+00  3.8777E+00
1.1931E-02  4.2747E+00  3.9143E+00
1.1932E-02  4.3128E+00  3.9523E+00
1.1933E-02  4.3610E+00  4.0006E+00
1.1934E-02  4.4123E+00  4.0519E+00
1.1935E-02  4.4884E+00  4.1283E+00
1.1935E-02  4.5776E+00  4.2175E+00
1.1936E-02  4.9075E+00  4.5671E+00
1.1937E-02  5.5724E+00  5.2317E+00
1.1938E-02  6.3457E+00  6.0102E+00
1.1939E-02  7.4171E+00  7.0974E+00
1.1940E-02  8.2241E+00  7.8784E+00
1.1940E-02  6.8677E+00  6.6035E+00
1.1941E-02  5.3170E+00  5.0180E+00
1.1942E-02  4.9007E+00  4.5402E+00
1.1943E-02  4.8703E+00  4.5098E+00
1.1944E-02  4.9624E+00  4.6041E+00
1.1945E-02  5.1710E+00  4.8126E+00
1.1945E-02  5.9918E+00  5.7958E+00
1.1946E-02  8.5820E+00  8.4265E+00
1.1947E-02  1.0562E+01  1.0249E+01
1.1948E-02  8.0982E+00  7.9740E+00
1.1949E-02  5.5543E+00  5.3192E+00
1.1950E-02  5.0347E+00  4.6742E+00
1.1950E-02  5.0164E+00  4.6559E+00
1.1951E-02  5.0202E+00  4.6597E+00
1.1952E-02  5.0393E+00  4.6788E+00
1.1953E-02  5.0613E+00  4.7008E+00
1.1954E-02  5.0881E+00  4.7276E+00
1.1955E-02  5.1157E+00  4.7552E+00
1.1956E-02  5.1457E+00  4.7852E+00
1.1956E-02  5.1763E+00  4.8158E+00
1.1957E-02  5.2095E+00  4.8490E+00
1.1958E-02  5.2438E+00  4.8833E+00
1.1959E-02  5.2938E+00  4.9335E+00
1.1960E-02  5.3523E+00  4.9919E+00
1.1961E-02  5.4177E+00  5.0574E+00
1.1961E-02  5.4917E+00  5.1314E+00
1.1962E-02  5.5650E+00  5.2046E+00
1.1963E-02  5.6358E+00  5.2755E+00
1.1964E-02  5.7041E+00  5.3437E+00
1.1965E-02  5.7564E+00  5.3960E+00
1.1966E-02  5.8078E+00  5.4474E+00
1.1966E-02  5.8933E+00  5.5332E+00
1.1967E-02  5.9923E+00  5.6322E+00
1.1968E-02  6.1040E+00  5.7441E+00
1.1969E-02  6.2269E+00  5.8670E+00
1.1970E-02  6.2975E+00  5.9370E+00
1.1971E-02  6.2647E+00  5.9042E+00
1.1972E-02  6.2413E+00  5.8808E+00
1.1972E-02  6.2693E+00  5.9088E+00
1.1973E-02  6.3047E+00  5.9442E+00
1.1974E-02  6.3582E+00  5.9978E+00
1.1975E-02  6.4170E+00  6.0566E+00
1.1976E-02  6.4852E+00  6.1249E+00
1.1977E-02  6.5592E+00  6.1989E+00
1.1977E-02  6.6511E+00  6.2910E+00
1.1978E-02  6.7684E+00  6.4084E+00
1.1979E-02  6.8949E+00  6.5348E+00
1.1980E-02  7.0478E+00  6.6881E+00
1.1981E-02  7.1878E+00  6.8275E+00
1.1982E-02  7.2185E+00  6.8579E+00
1.1982E-02  7.2283E+00  6.8678E+00
1.1983E-02  7.2454E+00  6.8849E+00
1.1984E-02  7.2656E+00  6.9051E+00
1.1985E-02  7.3341E+00  6.9740E+00
1.1986E-02  7.4487E+00  7.0886E+00
1.1987E-02  7.5677E+00  7.2076E+00
1.1988E-02  7.6957E+00  7.3357E+00
1.1988E-02  7.8250E+00  7.4648E+00
1.1989E-02  7.9568E+00  7.5968E+00
1.1990E-02  8.0895E+00  7.7293E+00
1.1991E-02  8.2230E+00  7.8630E+00
1.1992E-02  8.3572E+00  7.9971E+00
1.1993E-02  8.4929E+00  8.1329E+00
1.1993E-02  8.6299E+00  8.2699E+00
1.1994E-02  8.7684E+00  8.4084E+00
1.1995E-02  8.9089E+00  8.5489E+00
1.1996E-02  9.0498E+00  8.6895E+00
1.1997E-02  9.1906E+00  8.8306E+00
1.1998E-02  9.3319E+00  8.9717E+00
1.1999E-02  9.4732E+00  9.1132E+00
1.1999E-02  9.6150E+00  9.2548E+00
1.2000E-02  9.7569E+00  9.3968E+00
1.2001E-02  9.8991E+00  9.5391E+00
1.2002E-02  1.0046E+01  9.6858E+00
1.2003E-02  1.0197E+01  9.8366E+00
1.2004E-02  1.0378E+01  1.0018E+01
1.2004E-02  1.0624E+01  1.0265E+01
1.2005E-02  1.0874E+01  1.0514E+01
1.2006E-02  1.1125E+01  1.0766E+01
1.2007E-02  1.1377E+01  1.1017E+01
1.2008E-02  1.1633E+01  1.1274E+01
1.2009E-02  1.1891E+01  1.1532E+01
1.2009E-02  1.2144E+01  1.1785E+01
1.2010E-02  1.2394E+01  1.2035E+01
1.2011E-02  1.2649E+01  1.2290E+01
1.2012E-02  1.2910E+01  1.2550E+01
1.2013E-02  1.3179E+01  1.2819E+01
1.2014E-02  1.3468E+01  1.3109E+01
1.2015E-02  1.3753E+01  1.3393E+01
1.2015E-02  1.3986E+01  1.3626E+01
1.2016E-02  1.4211E+01  1.3851E+01
1.2017E-02  1.4440E+01  1.4081E+01
1.2018E-02  1.4672E+01  1.4313E+01
1.2019E-02  1.4957E+01  1.4599E+01
1.2020E-02  1.5289E+01  1.4931E+01
1.2020E-02  1.5675E+01  1.5318E+01
1.2021E-02  1.6165E+01  1.5808E+01
1.2022E-02  1.6663E+01  1.6304E+01
1.2023E-02  1.7168E+01  1.6811E+01
1.2024E-02  1.7680E+01  1.7322E+01
1.2025E-02  1.8204E+01  1.7847E+01
1.2026E-02  1.8734E+01  1.8376E+01
1.2026E-02  1.9247E+01  1.8889E+01
1.2027E-02  1.9753E+01  1.9395E+01
1.2028E-02  2.0232E+01  1.9874E+01
1.2029E-02  2.0680E+01  2.0321E+01
1.2030E-02  2.1139E+01  2.0780E+01
1.2031E-02  2.1624E+01  2.1267E+01
1.2031E-02  2.2132E+01  2.1773E+01
1.2032E-02  2.2733E+01  2.2377E+01
1.2033E-02  2.3370E+01  2.3013E+01
1.2034E-02  2.4258E+01  2.3908E+01
1.2035E-02  2.5240E+01  2.4888E+01
1.2036E-02  2.6220E+01  2.5869E+01
1.2037E-02  2.7203E+01  2.6852E+01
1.2037E-02  2.8189E+01  2.7836E+01
1.2038E-02  2.9174E+01  2.8822E+01
1.2039E-02  3.0173E+01  2.9817E+01
1.2040E-02  3.1189E+01  3.0837E+01
1.2041E-02  3.2217E+01  3.1860E+01
1.2042E-02  3.3239E+01  3.2886E+01
1.2042E-02  3.4281E+01  3.3926E+01
1.2043E-02  3.5601E+01  3.5255E+01
1.2044E-02  3.7051E+01  3.6704E+01
1.2045E-02  3.8758E+01  3.8422E+01
1.2046E-02  4.0714E+01  4.0377E+01
1.2047E-02  4.2676E+01  4.2332E+01
1.2048E-02  4.4624E+01  4.4285E+01
1.2048E-02  4.6592E+01  4.6242E+01
1.2049E-02  4.8558E+01  4.8218E+01
1.2050E-02  5.0548E+01  5.0198E+01
1.2051E-02  5.2550E+01  5.2209E+01
1.2052E-02  5.4598E+01  5.4251E+01
1.2053E-02  5.7494E+01  5.7183E+01
1.2054E-02  6.0880E+01  6.0566E+01
1.2054E-02  6.4484E+01  6.4178E+01
1.2055E-02  6.8348E+01  6.8042E+01
1.2056E-02  7.2247E+01  7.1920E+01
1.2057E-02  7.6138E+01  7.5827E+01
1.2058E-02  8.0088E+01  7.9752E+01
1.2059E-02  8.4070E+01  8.3758E+01
1.2059E-02  8.8256E+01  8.7928E+01
1.2060E-02  9.4248E+01  9.4004E+01
1.2061E-02  1.0092E+02  1.0065E+02
1.2062E-02  1.0773E+02  1.0748E+02
1.2063E-02  1.1468E+02  1.1442E+02
1.2064E-02  1.2172E+02  1.2145E+02
1.2065E-02  1.2883E+02  1.2857E+02
1.2065E-02  1.3723E+02  1.3701E+02
1.2066E-02  1.4917E+02  1.4906E+02
1.2067E-02  1.6175E+02  1.6152E+02
1.2068E-02  1.7520E+02  1.7511E+02
1.2069E-02  1.8922E+02  1.8901E+02
1.2070E-02  2.0502E+02  2.0500E+02
1.2070E-02  2.2185E+02  2.2175E+02
1.2071E-02  2.4321E+02  2.4351E+02
1.2072E-02  2.6858E+02  2.6881E+02
1.2073E-02  2.9528E+02  2.9547E+02
1.2074E-02  3.2394E+02  3.2421E+02
1.2075E-02  3.5663E+02  3.5699E+02
1.2076E-02  4.0143E+02  4.0240E+02
1.2076E-02  4.5020E+02  4.5065E+02
1.2077E-02  5.1035E+02  5.1197E+02
1.2078E-02  5.7578E+02  5.7662E+02
1.2079E-02  6.5621E+02  6.5886E+02
1.2080E-02  7.4605E+02  7.4809E+02
1.2081E-02  8.6398E+02  8.6992E+02
1.2082E-02  1.0130E+03  1.0181E+03
1.2082E-02  1.2019E+03  1.2126E+03
1.2083E-02  1.4755E+03  1.4880E+03
1.2084E-02  1.7999E+03  1.8150E+03
1.2085E-02  2.2901E+03  2.3188E+03
1.2086E-02  2.8733E+03  2.8987E+03
1.2087E-02  3.8669E+03  3.9504E+03
1.2087E-02  5.1057E+03  5.1658E+03
1.2088E-02  7.5930E+03  7.9765E+03
1.2089E-02  1.1229E+04  1.1485E+04
1.2090E-02  2.0214E+04  2.5720E+04
1.2091E-02  4.6662E+04  4.9519E+04
1.2092E-02  1.0606E+05  4.8688E+05
1.2093E-02  1.4826E+06  1.7073E+06
1.2093E-02  2.5054E+06  2.5332E+06
1.2094E-02  1.6714E+06  1.7853E+06
1.2095E-02  8.6856E+05  9.3158E+05
1.2096E-02  4.2055E+05  4.8502E+05
1.2097E-02  4.6516E+04  1.3932E+05
1.2098E-02  2.2516E+04  2.3508E+04
1.2099E-02  1.2220E+04  1.3851E+04
1.2099E-02  7.8292E+03  7.9862E+03
1.2100E-02  5.5263E+03  5.7445E+03
1.2101E-02  3.9228E+03  3.9608E+03
1.2102E-02  3.0355E+03  3.0926E+03
1.2103E-02  2.3189E+03  2.3343E+03
1.2104E-02  1.8953E+03  1.9143E+03
1.2104E-02  1.5340E+03  1.5428E+03
1.2105E-02  1.2804E+03  1.2898E+03
1.2106E-02  1.0600E+03  1.0670E+03
1.2107E-02  9.0242E+02  9.0674E+02
1.2108E-02  7.7135E+02  7.7643E+02
1.2109E-02  6.6684E+02  6.6915E+02
1.2110E-02  5.8201E+02  5.8470E+02
1.2110E-02  5.1066E+02  5.1123E+02
1.2111E-02  4.5927E+02  4.6028E+02
1.2112E-02  4.1120E+02  4.1147E+02
1.2113E-02  3.6782E+02  3.6867E+02
1.2114E-02  3.2765E+02  3.2783E+02
1.2115E-02  2.9899E+02  2.9918E+02
1.2116E-02  2.7348E+02  2.7352E+02
1.2116E-02  2.4882E+02  2.4904E+02
1.2117E-02  2.2485E+02  2.2513E+02
1.2118E-02  2.0620E+02  2.0609E+02
1.2119E-02  1.9199E+02  1.9189E+02
1.2120E-02  1.7796E+02  1.7779E+02
1.2121E-02  1.6394E+02  1.6388E+02
1.2122E-02  1.5095E+02  1.5069E+02
1.2122E-02  1.4062E+02  1.4043E+02
1.2123E-02  1.3099E+02  1.3071E+02
1.2124E-02  1.2335E+02  1.2309E+02
1.2125E-02  1.1627E+02  1.1598E+02
1.2126E-02  1.0916E+02  1.0892E+02
1.2127E-02  1.0212E+02  1.0188E+02
1.2128E-02  9.5828E+01  9.5551E+01
1.2128E-02  9.0176E+01  8.9904E+01
1.2129E-02  8.5115E+01  8.4789E+01
1.2130E-02  8.1038E+01  8.0728E+01
1.2131E-02  7.7052E+01  7.6718E+01
1.2132E-02  7.3106E+01  7.2798E+01
1.2133E-02  6.9380E+01  6.9040E+01
1.2133E-02  6.6926E+01  6.6583E+01
1.2134E-02  6.4712E+01  6.4366E+01
1.2135E-02  6.0847E+01  6.0570E+01
1.2136E-02  5.6339E+01  5.6064E+01
1.2137E-02  5.3185E+01  5.2844E+01
1.2138E-02  5.1128E+01  5.0788E+01
1.2139E-02  4.9099E+01  4.8753E+01
1.2139E-02  4.7098E+01  4.6759E+01
1.2140E-02  4.5116E+01  4.4767E+01
1.2141E-02  4.3123E+01  4.2785E+01
1.2142E-02  4.1152E+01  4.0803E+01
1.2143E-02  3.9158E+01  3.8822E+01
1.2144E-02  3.7214E+01  3.6868E+01
1.2145E-02  3.5875E+01  3.5523E+01
1.2145E-02  3.4783E+01  3.4431E+01
1.2146E-02  3.3705E+01  3.3353E+01
1.2147E-02  3.2638E+01  3.2286E+01
1.2148E-02  3.1585E+01  3.1231E+01
1.2149E-02  3.0545E+01  3.0194E+01
1.2150E-02  2.9520E+01  2.9164E+01
1.2151E-02  2.8508E+01  2.8156E+01
1.2151E-02  2.7507E+01  2.7151E+01
1.2152E-02  2.6501E+01  2.6150E+01
1.2153E-02  2.5508E+01  2.5153E+01
1.2154E-02  2.4556E+01  2.4205E+01
1.2155E-02  2.3629E+01  2.3276E+01
1.2156E-02  2.2933E+01  2.2576E+01
1.2157E-02  2.2398E+01  2.2041E+01
1.2157E-02  2.1871E+01  2.1513E+01
1.2158E-02  2.1352E+01  2.0994E+01
1.2159E-02  2.0836E+01  2.0478E+01
1.2160E-02  2.0322E+01  1.9964E+01
1.2161E-02  1.9810E+01  1.9451E+01
1.2162E-02  1.9295E+01  1.8938E+01
1.2163E-02  1.8784E+01  1.8425E+01
1.2163E-02  1.8279E+01  1.7922E+01
1.2164E-02  1.7779E+01  1.7421E+01
1.2165E-02  1.7278E+01  1.6921E+01
1.2166E-02  1.6778E+01  1.6421E+01
1.2167E-02  1.6280E+01  1.5922E+01
1.2168E-02  1.5783E+01  1.5426E+01
1.2169E-02  1.5354E+01  1.4995E+01
1.2169E-02  1.5085E+01  1.4726E+01
1.2170E-02  1.4825E+01  1.4465E+01
1.2171E-02  1.4563E+01  1.4203E+01
1.2172E-02  1.4302E+01  1.3942E+01
1.2173E-02  1.4040E+01  1.3681E+01
1.2174E-02  1.3780E+01  1.3420E+01
1.2175E-02  1.3518E+01  1.3159E+01
1.2175E-02  1.3257E+01  1.2897E+01
1.2176E-02  1.2999E+01  1.2639E+01
1.2177E-02  1.2744E+01  1.2385E+01
1.2178E-02  1.2490E+01  1.2131E+01
1.2179E-02  1.2236E+01  1.1877E+01
1.2180E-02  1.1983E+01  1.1623E+01
1.2181E-02  1.1728E+01  1.1369E+01
1.2181E-02  1.1475E+01  1.1115E+01
1.2182E-02  1.1220E+01  1.0861E+01
1.2183E-02  1.0968E+01  1.0608E+01
1.2184E-02  1.0736E+01  1.0377E+01
1.2185E-02  1.0514E+01  1.0155E+01
1.2186E-02  1.0335E+01  9.9746E+00
1.2187E-02  1.0189E+01  9.8290E+00
1.2187E-02  1.0044E+01  9.6834E+00
1.2188E-02  9.8979E+00  9.5378E+00
1.2189E-02  9.7525E+00  9.3922E+00
1.2190E-02  9.6067E+00  9.2466E+00
1.2191E-02  9.4614E+00  9.1011E+00
1.2192E-02  9.3155E+00  8.9554E+00
1.2193E-02  9.1701E+00  8.8098E+00
1.2193E-02  9.0242E+00  8.6642E+00
1.2194E-02  8.8788E+00  8.5187E+00
1.2195E-02  8.7358E+00  8.3757E+00
1.2196E-02  8.5946E+00  8.2345E+00
1.2197E-02  8.4536E+00  8.0935E+00
1.2198E-02  8.3126E+00  7.9526E+00
1.2199E-02  8.1719E+00  7.8117E+00
1.2199E-02  8.0307E+00  7.6707E+00
1.2200E-02  7.8900E+00  7.5297E+00
1.2201E-02  7.7488E+00  7.3888E+00
1.2202E-02  7.6083E+00  7.2480E+00
1.2203E-02  7.4672E+00  7.1073E+00
1.2204E-02  7.3276E+00  6.9674E+00
1.2205E-02  7.2183E+00  6.8580E+00
1.2205E-02  7.1241E+00  6.7638E+00
1.2206E-02  7.0470E+00  6.6866E+00
1.2207E-02  6.9863E+00  6.6259E+00
1.2208E-02  6.9278E+00  6.5673E+00
1.2209E-02  6.8733E+00  6.5128E+00
1.2210E-02  6.8788E+00  6.5189E+00
1.2211E-02  7.0976E+00  6.7390E+00
1.2211E-02  7.2770E+00  6.9171E+00
1.2212E-02  7.0216E+00  6.6650E+00
1.2213E-02  6.6967E+00  6.3382E+00
1.2214E-02  6.5388E+00  6.1786E+00
1.2215E-02  6.4418E+00  6.0815E+00
1.2216E-02  6.3624E+00  6.0020E+00
1.2217E-02  6.2951E+00  5.9347E+00
1.2217E-02  6.2298E+00  5.8694E+00
1.2218E-02  6.1672E+00  5.8068E+00
1.2219E-02  6.1051E+00  5.7446E+00
1.2220E-02  6.0439E+00  5.6834E+00
1.2221E-02  5.9830E+00  5.6225E+00
1.2222E-02  5.9224E+00  5.5620E+00
1.2223E-02  5.8621E+00  5.5016E+00
1.2223E-02  5.8017E+00  5.4413E+00
1.2224E-02  5.7415E+00  5.3811E+00
1.2225E-02  5.6822E+00  5.3218E+00
1.2226E-02  5.6235E+00  5.2630E+00
1.2227E-02  5.5670E+00  5.2065E+00
1.2228E-02  5.5126E+00  5.1521E+00
1.2229E-02  5.4768E+00  5.1162E+00
1.2229E-02  5.4751E+00  5.1145E+00
1.2230E-02  5.6271E+00  5.2759E+00
1.2231E-02  6.3298E+00  5.9921E+00
1.2232E-02  6.9271E+00  6.5724E+00
1.2233E-02  6.2659E+00  5.9349E+00
1.2234E-02  5.4532E+00  5.1078E+00
1.2235E-02  5.2240E+00  4.8635E+00
1.2235E-02  5.1884E+00  4.8278E+00
1.2236E-02  5.4787E+00  5.1305E+00
1.2237E-02  6.0015E+00  5.6522E+00
1.2238E-02  6.0388E+00  5.6902E+00
1.2239E-02  5.4610E+00  5.1156E+00
1.2240E-02  5.0493E+00  4.6893E+00
1.2241E-02  4.9773E+00  4.6169E+00
1.2242E-02  4.9233E+00  4.5628E+00
1.2242E-02  4.8845E+00  4.5240E+00
1.2243E-02  4.8477E+00  4.4871E+00
1.2244E-02  4.8126E+00  4.4521E+00
1.2245E-02  4.7781E+00  4.4175E+00
1.2246E-02  4.7444E+00  4.3838E+00
1.2247E-02  4.7111E+00  4.3505E+00
1.2248E-02  4.6783E+00  4.3177E+00
1.2248E-02  4.6459E+00  4.2853E+00
1.2249E-02  4.6134E+00  4.2529E+00
1.2250E-02  4.5809E+00  4.2203E+00
1.2251E-02  4.5484E+00  4.1879E+00
1.2252E-02  4.5160E+00  4.1555E+00
1.2253E-02  4.4839E+00  4.1233E+00
1.2254E-02  4.4527E+00  4.0921E+00
1.2254E-02  4.4218E+00  4.0612E+00
1.2255E-02  4.3926E+00  4.0321E+00
1.2256E-02  4.3638E+00  4.0032E+00
1.2257E-02  4.3298E+00  3.9693E+00
1.2258E-02  4.2931E+00  3.9326E+00
1.2259E-02  4.2614E+00  3.9009E+00
1.2260E-02  4.2345E+00  3.8740E+00
1.2260E-02  4.2118E+00  3.8512E+00
1.2261E-02  4.1967E+00  3.8361E+00
1.2262E-02  4.1817E+00  3.8211E+00
1.2263E-02  4.1664E+00  3.8058E+00
1.2264E-02  4.1512E+00  3.7906E+00
1.2265E-02  4.1364E+00  3.7758E+00
1.2266E-02  4.1217E+00  3.7611E+00
1.2267E-02  4.1068E+00  3.7462E+00
1.2267E-02  4.0919E+00  3.7313E+00
1.2268E-02  4.0769E+00  3.7163E+00
1.2269E-02  4.0620E+00  3.7014E+00
1.2270E-02  4.0471E+00  3.6865E+00
1.2271E-02  4.0323E+00  3.6717E+00
1.2272E-02  4.0174E+00  3.6568E+00
1.2273E-02  4.0026E+00  3.6420E+00
1.2273E-02  3.9878E+00  3.6272E+00
1.2274E-02  3.9730E+00  3.6124E+00
1.2275E-02  3.9582E+00  3.5975E+00
1.2276E-02  3.9435E+00  3.5829E+00
1.2277E-02  3.9288E+00  3.5682E+00
1.2278E-02  3.9139E+00  3.5533E+00
1.2279E-02  3.8990E+00  3.5384E+00
1.2279E-02  3.8841E+00  3.5235E+00
1.2280E-02  3.8693E+00  3.5087E+00
1.2281E-02  3.8547E+00  3.4941E+00
1.2282E-02  3.8404E+00  3.4798E+00
1.2283E-02  3.8267E+00  3.4661E+00
1.2284E-02  3.8142E+00  3.4536E+00
1.2285E-02  3.8010E+00  3.4404E+00
1.2286E-02  3.7854E+00  3.4248E+00
1.2286E-02  3.7696E+00  3.4090E+00
1.2287E-02  3.7551E+00  3.3945E+00
1.2288E-02  3.7409E+00  3.3803E+00
1.2289E-02  3.7267E+00  3.3661E+00
1.2290E-02  3.7125E+00  3.3519E+00
1.2291E-02  3.6983E+00  3.3377E+00
1.2292E-02  3.6841E+00  3.3235E+00
1.2292E-02  3.6700E+00  3.3093E+00
1.2293E-02  3.6558E+00  3.2952E+00
1.2294E-02  3.6416E+00  3.2810E+00
1.2295E-02  3.6274E+00  3.2668E+00
1.2296E-02  3.6140E+00  3.2533E+00
1.2297E-02  3.6033E+00  3.2427E+00
1.2298E-02  3.5934E+00  3.2328E+00
1.2298E-02  3.5861E+00  3.2254E+00
1.2299E-02  3.5794E+00  3.2187E+00
1.2300E-02  3.5730E+00  3.2123E+00
1.2301E-02  3.5672E+00  3.2066E+00
1.2302E-02  3.6455E+00  3.2862E+00
1.2303E-02  3.7863E+00  3.4270E+00
1.2304E-02  3.8017E+00  3.4424E+00
1.2305E-02  3.6478E+00  3.2889E+00
1.2305E-02  3.5372E+00  3.1766E+00
1.2306E-02  3.5263E+00  3.1657E+00
1.2307E-02  3.5198E+00  3.1592E+00
1.2308E-02  3.5135E+00  3.1529E+00
1.2309E-02  3.5073E+00  3.1467E+00
1.2310E-02  3.5015E+00  3.1409E+00
1.2311E-02  3.4958E+00  3.1352E+00
1.2311E-02  3.4913E+00  3.1306E+00
1.2312E-02  3.4873E+00  3.1266E+00
1.2313E-02  3.4892E+00  3.1286E+00
1.2314E-02  3.4954E+00  3.1348E+00
1.2315E-02  5.3726E+00  8.0124E+00
1.2316E-02  1.7987E+01  1.9242E+01
1.2317E-02  2.3522E+01  2.3881E+01
1.2318E-02  1.1263E+01  1.3234E+01
1.2318E-02  3.9263E+00  4.0163E+00
1.2319E-02  3.4623E+00  3.1017E+00
1.2320E-02  3.4413E+00  3.0807E+00
1.2321E-02  3.4859E+00  3.1255E+00
1.2322E-02  3.5394E+00  3.1789E+00
1.2323E-02  3.4982E+00  3.1380E+00
1.2324E-02  3.4225E+00  3.0622E+00
1.2324E-02  3.3896E+00  3.0290E+00
1.2325E-02  3.3841E+00  3.0235E+00
1.2326E-02  3.4133E+00  3.0531E+00
1.2327E-02  3.4850E+00  3.1248E+00
1.2328E-02  3.5117E+00  3.1513E+00
1.2329E-02  3.4411E+00  3.0809E+00
1.2330E-02  4.2072E+00  4.7777E+00
1.2331E-02  1.1945E+01  1.3061E+01
1.2331E-02  2.0142E+01  2.0029E+01
1.2332E-02  1.2651E+01  1.3690E+01
1.2333E-02  4.4457E+00  5.2351E+00
1.2334E-02  3.4098E+00  3.0495E+00
1.2335E-02  3.3466E+00  2.9862E+00
1.2336E-02  3.3176E+00  2.9570E+00
1.2337E-02  3.3083E+00  2.9477E+00
1.2337E-02  3.3004E+00  2.9397E+00
1.2338E-02  3.2938E+00  2.9331E+00
1.2339E-02  3.2874E+00  2.9268E+00
1.2340E-02  3.2817E+00  2.9211E+00
1.2341E-02  3.2766E+00  2.9160E+00
1.2342E-02  3.2734E+00  2.9127E+00
1.2343E-02  4.0614E+00  5.6819E+00
1.2344E-02  2.0394E+01  2.4723E+01
1.2344E-02  4.3214E+01  4.3811E+01
1.2345E-02  2.8028E+01  3.1378E+01
1.2346E-02  4.9674E+00  1.0062E+01
1.2347E-02  3.2643E+00  2.9037E+00
1.2348E-02  3.2631E+00  2.9025E+00
1.2349E-02  3.2650E+00  2.9044E+00
1.2350E-02  3.2696E+00  2.9090E+00
1.2351E-02  3.2835E+00  2.9229E+00
1.2351E-02  3.3123E+00  2.9518E+00
1.2352E-02  4.9954E+00  1.9448E+01
1.2353E-02  6.9086E+01  8.1509E+01
1.2354E-02  1.2438E+02  1.2621E+02
1.2355E-02  6.0650E+01  7.4293E+01
1.2356E-02  5.4897E+00  1.5375E+01
1.2357E-02  8.7743E+00  9.7661E+00
1.2357E-02  1.6669E+01  1.6732E+01
1.2358E-02  1.2930E+01  1.3560E+01
1.2359E-02  4.9433E+00  6.1778E+00
1.2360E-02  5.3422E+00  5.9464E+00
1.2361E-02  1.0699E+01  1.0880E+01
1.2362E-02  1.1413E+01  1.1515E+01
1.2363E-02  5.9818E+00  6.5311E+00
1.2364E-02  3.3482E+00  3.0181E+00
1.2364E-02  3.2349E+00  2.8743E+00
1.2365E-02  3.2207E+00  2.8600E+00
1.2366E-02  3.2142E+00  2.8536E+00
1.2367E-02  3.2088E+00  2.8482E+00
1.2368E-02  3.2049E+00  2.8443E+00
1.2369E-02  3.2013E+00  2.8406E+00
1.2370E-02  3.1982E+00  2.8375E+00
1.2371E-02  3.1955E+00  2.8349E+00
1.2371E-02  3.2070E+00  2.8464E+00
1.2372E-02  3.2265E+00  2.8659E+00
1.2373E-02  3.2240E+00  2.8634E+00
1.2374E-02  3.1995E+00  2.8389E+00
1.2375E-02  3.1900E+00  2.8294E+00
1.2376E-02  3.2069E+00  2.8463E+00
1.2377E-02  3.2166E+00  2.8559E+00
1.2377E-02  3.2030E+00  2.8424E+00
1.2378E-02  3.1889E+00  2.8282E+00
1.2379E-02  3.1794E+00  2.8188E+00
1.2380E-02  3.1712E+00  2.8105E+00
1.2381E-02  3.1679E+00  2.8072E+00
1.2382E-02  3.1659E+00  2.8052E+00
1.2383E-02  3.1639E+00  2.8033E+00
1.2384E-02  3.1620E+00  2.8013E+00
1.2384E-02  3.1600E+00  2.7994E+00
1.2385E-02  3.1581E+00  2.7974E+00
1.2386E-02  3.1561E+00  2.7955E+00
1.2387E-02  3.1542E+00  2.7936E+00
1.2388E-02  3.1523E+00  2.7916E+00
1.2389E-02  3.1504E+00  2.7897E+00
1.2390E-02  3.1485E+00  2.7879E+00
1.2391E-02  3.1466E+00  2.7860E+00
1.2391E-02  3.1447E+00  2.7841E+00
1.2392E-02  3.1429E+00  2.7822E+00
1.2393E-02  3.1410E+00  2.7803E+00
1.2394E-02  3.1391E+00  2.7785E+00
1.2395E-02  3.1373E+00  2.7766E+00
1.2396E-02  3.1354E+00  2.7748E+00
1.2397E-02  3.1336E+00  2.7730E+00
1.2398E-02  3.1322E+00  2.7715E+00
1.2398E-02  3.1310E+00  2.7704E+00
1.2399E-02  3.1303E+00  2.7697E+00
1.2400E-02  3.1303E+00  2.7697E+00
1.2401E-02  3.1304E+00  2.7698E+00
1.2402E-02  3.1307E+00  2.7701E+00
1.2403E-02  3.1312E+00  2.7705E+00
1.2404E-02  3.1322E+00  2.7715E+00
1.2405E-02  3.1332E+00  2.7725E+00
1.2405E-02  3.1342E+00  2.7736E+00
1.2406E-02  3.1353E+00  2.7746E+00
1.2407E-02  3.1364E+00  2.7757E+00
1.2408E-02  3.1375E+00  2.7768E+00
1.2409E-02  3.1386E+00  2.7779E+00
1.2410E-02  3.1397E+00  2.7791E+00
1.2411E-02  3.1409E+00  2.7802E+00
1.2411E-02  3.1421E+00  2.7814E+00
1.2412E-02  3.1433E+00  2.7827E+00
1.2413E-02  3.1446E+00  2.7840E+00
1.2414E-02  3.1459E+00  2.7853E+00
1.2415E-02  3.1474E+00  2.7868E+00
1.2416E-02  3.1490E+00  2.7883E+00
1.2417E-02  3.1509E+00  2.7903E+00
1.2418E-02  3.1532E+00  2.7925E+00
1.2418E-02  3.1581E+00  2.7975E+00
1.2419E-02  3.1642E+00  2.8036E+00
1.2420E-02  3.1813E+00  2.8207E+00
1.2421E-02  3.2033E+00  2.8426E+00
1.2422E-02  3.2577E+00  2.8975E+00
1.2423E-02  3.3345E+00  2.9743E+00
1.2424E-02  3.3336E+00  2.9736E+00
1.2425E-02  3.2427E+00  2.8826E+00
1.2425E-02  3.1823E+00  2.8216E+00
1.2426E-02  3.1799E+00  2.8192E+00
1.2427E-02  3.1820E+00  2.8213E+00
1.2428E-02  3.1938E+00  2.8331E+00
1.2429E-02  3.2448E+00  2.8856E+00
1.2430E-02  3.5081E+00  3.1538E+00
1.2431E-02  3.7735E+00  3.4146E+00
1.2432E-02  3.6352E+00  3.2784E+00
1.2432E-02  3.4033E+00  3.0450E+00
1.2433E-02  3.2950E+00  2.9346E+00
1.2434E-02  3.2381E+00  2.8776E+00
1.2435E-02  3.3374E+00  2.9802E+00
1.2436E-02  3.5511E+00  3.1937E+00
1.2437E-02  3.5670E+00  3.2095E+00
1.2438E-02  3.3448E+00  2.9879E+00
1.2439E-02  3.1984E+00  2.8378E+00
1.2439E-02  3.1918E+00  2.8312E+00
1.2440E-02  3.1901E+00  2.8295E+00
1.2441E-02  3.1915E+00  2.8309E+00
1.2442E-02  3.1936E+00  2.8329E+00
1.2443E-02  3.1978E+00  2.8371E+00
1.2444E-02  3.2029E+00  2.8423E+00
1.2445E-02  3.2144E+00  2.8537E+00
1.2446E-02  3.2299E+00  2.8693E+00
1.2446E-02  3.3032E+00  2.9433E+00
1.2447E-02  3.4043E+00  3.0444E+00
1.2448E-02  3.7780E+00  3.4408E+00
1.2449E-02  4.3796E+00  4.0393E+00
1.2450E-02  4.3880E+00  4.0511E+00
1.2451E-02  3.7086E+00  3.3783E+00
1.2452E-02  3.3934E+00  3.0372E+00
1.2453E-02  3.6914E+00  3.3375E+00
1.2453E-02  3.8610E+00  3.5031E+00
1.2454E-02  3.5527E+00  3.2000E+00
1.2455E-02  3.2718E+00  2.9124E+00
1.2456E-02  3.2370E+00  2.8764E+00
1.2457E-02  3.2948E+00  2.9386E+00
1.2458E-02  3.9018E+00  3.5800E+00
1.2459E-02  4.6539E+00  4.3088E+00
1.2460E-02  4.2803E+00  3.9549E+00
1.2460E-02  3.5111E+00  3.1820E+00
1.2461E-02  3.3940E+00  3.0382E+00
1.2462E-02  3.6498E+00  3.2936E+00
1.2463E-02  3.6567E+00  3.3004E+00
1.2464E-02  3.3976E+00  3.0418E+00
1.2465E-02  3.2357E+00  2.8751E+00
1.2466E-02  3.2314E+00  2.8707E+00
1.2467E-02  3.2314E+00  2.8707E+00
1.2467E-02  3.2351E+00  2.8745E+00
1.2468E-02  3.2391E+00  2.8785E+00
1.2469E-02  3.2430E+00  2.8824E+00
1.2470E-02  3.2470E+00  2.8863E+00
1.2471E-02  3.2515E+00  2.8908E+00
1.2472E-02  3.2561E+00  2.8954E+00
1.2473E-02  3.2609E+00  2.9002E+00
1.2474E-02  3.2657E+00  2.9051E+00
1.2475E-02  3.2709E+00  2.9102E+00
1.2475E-02  3.2762E+00  2.9155E+00
1.2476E-02  3.2816E+00  2.9209E+00
1.2477E-02  3.2871E+00  2.9264E+00
1.2478E-02  3.2930E+00  2.9323E+00
1.2479E-02  3.2994E+00  2.9388E+00
1.2480E-02  3.3071E+00  2.9464E+00
1.2481E-02  3.3176E+00  2.9570E+00
1.2482E-02  3.3441E+00  2.9836E+00
1.2482E-02  3.4323E+00  3.0723E+00
1.2483E-02  3.5125E+00  3.1519E+00
1.2484E-02  3.4926E+00  3.1321E+00
1.2485E-02  3.4547E+00  3.0941E+00
1.2486E-02  3.4154E+00  3.0549E+00
1.2487E-02  3.3768E+00  3.0162E+00
1.2488E-02  3.3693E+00  3.0087E+00
1.2489E-02  3.3764E+00  3.0157E+00
1.2489E-02  3.3988E+00  3.0382E+00
1.2490E-02  3.4329E+00  3.0723E+00
1.2491E-02  5.1498E+00  6.8746E+00
1.2492E-02  1.4577E+01  1.5365E+01
1.2493E-02  1.8052E+01  1.8302E+01
1.2494E-02  8.7899E+00  1.0138E+01
1.2495E-02  3.7821E+00  3.5975E+00
1.2496E-02  3.4760E+00  3.1155E+00
1.2496E-02  3.4416E+00  3.0809E+00
1.2497E-02  3.4424E+00  3.0818E+00
1.2498E-02  3.4469E+00  3.0862E+00
1.2499E-02  3.4400E+00  3.0794E+00
1.2500E-02  3.4311E+00  3.0704E+00
1.2501E-02  3.4322E+00  3.0715E+00
1.2502E-02  3.4370E+00  3.0763E+00
1.2503E-02  3.4434E+00  3.0827E+00
1.2504E-02  3.4507E+00  3.0900E+00
1.2504E-02  3.4603E+00  3.0996E+00
1.2505E-02  3.4721E+00  3.1114E+00
1.2506E-02  3.4912E+00  3.1306E+00
1.2507E-02  3.5219E+00  3.1613E+00
1.2508E-02  3.6441E+00  3.2883E+00
1.2509E-02  3.9998E+00  3.6476E+00
1.2510E-02  4.2922E+00  3.9321E+00
1.2511E-02  4.2552E+00  3.8948E+00
1.2511E-02  4.1592E+00  3.7997E+00
1.2512E-02  3.8954E+00  3.5400E+00
1.2513E-02  3.6286E+00  3.2699E+00
1.2514E-02  3.5573E+00  3.1967E+00
1.2515E-02  3.5392E+00  3.1785E+00
1.2516E-02  3.5329E+00  3.1722E+00
1.2517E-02  3.5317E+00  3.1710E+00
1.2518E-02  3.5349E+00  3.1743E+00
1.2518E-02  3.5413E+00  3.1806E+00
1.2519E-02  3.5485E+00  3.1879E+00
1.2520E-02  3.5569E+00  3.1962E+00
1.2521E-02  3.5654E+00  3.2047E+00
1.2522E-02  3.5741E+00  3.2134E+00
1.2523E-02  3.5829E+00  3.2222E+00
1.2524E-02  3.5920E+00  3.2314E+00
1.2525E-02  3.6012E+00  3.2405E+00
1.2526E-02  3.6105E+00  3.2498E+00
1.2526E-02  3.6197E+00  3.2590E+00
1.2527E-02  3.6291E+00  3.2684E+00
1.2528E-02  3.6385E+00  3.2778E+00
1.2529E-02  3.6480E+00  3.2873E+00
1.2530E-02  3.6576E+00  3.2969E+00
1.2531E-02  3.6673E+00  3.3066E+00
1.2532E-02  3.6770E+00  3.3163E+00
1.2533E-02  3.6924E+00  3.3317E+00
1.2533E-02  3.7118E+00  3.3512E+00
1.2534E-02  3.7224E+00  3.3617E+00
1.2535E-02  3.7223E+00  3.3617E+00
1.2536E-02  3.7256E+00  3.3650E+00
1.2537E-02  3.7353E+00  3.3746E+00
1.2538E-02  3.7451E+00  3.3844E+00
1.2539E-02  3.7549E+00  3.3942E+00
1.2540E-02  3.7648E+00  3.4041E+00
1.2541E-02  3.7746E+00  3.4139E+00
1.2541E-02  3.7845E+00  3.4238E+00
1.2542E-02  3.7944E+00  3.4337E+00
1.2543E-02  3.8044E+00  3.4437E+00
1.2544E-02  3.8143E+00  3.4536E+00
1.2545E-02  3.8243E+00  3.4636E+00
1.2546E-02  3.8344E+00  3.4737E+00
1.2547E-02  3.8446E+00  3.4839E+00
1.2548E-02  3.8738E+00  3.5132E+00
1.2548E-02  3.9172E+00  3.5567E+00
1.2549E-02  3.9306E+00  3.5700E+00
1.2550E-02  3.9080E+00  3.5474E+00
1.2551E-02  3.8970E+00  3.5363E+00
1.2552E-02  3.9073E+00  3.5466E+00
1.2553E-02  3.9181E+00  3.5574E+00
1.2554E-02  3.9290E+00  3.5683E+00
1.2555E-02  3.9399E+00  3.5793E+00
1.2556E-02  3.9509E+00  3.5902E+00
1.2556E-02  3.9618E+00  3.6012E+00
1.2557E-02  3.9728E+00  3.6121E+00
1.2558E-02  3.9839E+00  3.6233E+00
1.2559E-02  3.9964E+00  3.6358E+00
1.2560E-02  4.0095E+00  3.6488E+00
1.2561E-02  4.0261E+00  3.6655E+00
1.2562E-02  4.0445E+00  3.6838E+00
1.2563E-02  4.0628E+00  3.7022E+00
1.2563E-02  4.0812E+00  3.7205E+00
1.2564E-02  4.0996E+00  3.7389E+00
1.2565E-02  4.1180E+00  3.7574E+00
1.2566E-02  4.1365E+00  3.7758E+00
1.2567E-02  4.1550E+00  3.7943E+00
1.2568E-02  4.1735E+00  3.8128E+00
1.2569E-02  4.1920E+00  3.8313E+00
1.2570E-02  4.2105E+00  3.8498E+00
1.2571E-02  4.2291E+00  3.8684E+00
1.2571E-02  4.2477E+00  3.8870E+00
1.2572E-02  4.2663E+00  3.9056E+00
1.2573E-02  4.2849E+00  3.9242E+00
1.2574E-02  4.3036E+00  3.9429E+00
1.2575E-02  4.3223E+00  3.9616E+00
1.2576E-02  4.3411E+00  3.9804E+00
1.2577E-02  4.3600E+00  3.9994E+00
1.2578E-02  4.3791E+00  4.0184E+00
1.2579E-02  4.3983E+00  4.0376E+00
1.2579E-02  4.4175E+00  4.0569E+00
1.2580E-02  4.4368E+00  4.0761E+00
1.2581E-02  4.4561E+00  4.0954E+00
1.2582E-02  4.4754E+00  4.1147E+00
1.2583E-02  4.4947E+00  4.1340E+00
1.2584E-02  4.5140E+00  4.1534E+00
1.2585E-02  4.5336E+00  4.1729E+00
1.2586E-02  4.5537E+00  4.1930E+00
1.2586E-02  4.5738E+00  4.2131E+00
1.2587E-02  4.5938E+00  4.2331E+00
1.2588E-02  4.6138E+00  4.2531E+00