Number of T =   1  Number of rho =   1  Number of materials =   9
TOPS results for  phLine2T0       on Sep 19, 2026
Opacities in cm**2/gm, T in keV, density in gm/cc
Normalized composition for requested elements
No. Fraction Mass Fraction  At. No.  Chem. Sym.  Mat ID.
9.7044E-01   8.8941E-01      1         H         4525
2.9297E-02   1.0664E-01      2         He        4675
2.4325E-06   2.6953E-05      6         C         4387
1.1017E-04   1.4030E-03      7         N         4005
8.3156E-05   1.2116E-03      8         O         4105
2.5313E-09   4.3732E-08      9         F         4405
2.2228E-05   4.0413E-04     10         Ne        4145
4.1339E-05   9.0165E-04     12         Mg        4682
2.1699E-07   7.8856E-06     20         Ca        2302
Temperature grid used the following   1 points
1.5000E-03
Density grid used the following   1 points
1.9163E-09
Photon grid used the following 999 points
8.8589E-03  8.8595E-03  8.8601E-03  8.8608E-03  8.8614E-03  8.8620E-03
8.8626E-03  8.8633E-03  8.8639E-03  8.8645E-03  8.8651E-03  8.8657E-03
8.8664E-03  8.8670E-03  8.8676E-03  8.8682E-03  8.8689E-03  8.8695E-03
8.8701E-03  8.8707E-03  8.8714E-03  8.8720E-03  8.8726E-03  8.8732E-03
8.8739E-03  8.8745E-03  8.8751E-03  8.8757E-03  8.8764E-03  8.8770E-03
8.8776E-03  8.8782E-03  8.8789E-03  8.8795E-03  8.8801E-03  8.8807E-03
8.8814E-03  8.8820E-03  8.8826E-03  8.8832E-03  8.8839E-03  8.8845E-03
8.8851E-03  8.8857E-03  8.8864E-03  8.8870E-03  8.8876E-03  8.8882E-03
8.8889E-03  8.8895E-03  8.8901E-03  8.8907E-03  8.8914E-03  8.8920E-03
8.8926E-03  8.8932E-03  8.8939E-03  8.8945E-03  8.8951E-03  8.8957E-03
8.8964E-03  8.8970E-03  8.8976E-03  8.8982E-03  8.8989E-03  8.8995E-03
8.9001E-03  8.9007E-03  8.9014E-03  8.9020E-03  8.9026E-03  8.9033E-03
8.9039E-03  8.9045E-03  8.9051E-03  8.9058E-03  8.9064E-03  8.9070E-03
8.9076E-03  8.9083E-03  8.9089E-03  8.9095E-03  8.9101E-03  8.9108E-03
8.9114E-03  8.9120E-03  8.9127E-03  8.9133E-03  8.9139E-03  8.9145E-03
8.9152E-03  8.9158E-03  8.9164E-03  8.9170E-03  8.9177E-03  8.9183E-03
8.9189E-03  8.9196E-03  8.9202E-03  8.9208E-03  8.9214E-03  8.9221E-03
8.9227E-03  8.9233E-03  8.9239E-03  8.9246E-03  8.9252E-03  8.9258E-03
8.9265E-03  8.9271E-03  8.9277E-03  8.9283E-03  8.9290E-03  8.9296E-03
8.9302E-03  8.9309E-03  8.9315E-03  8.9321E-03  8.9327E-03  8.9334E-03
8.9340E-03  8.9346E-03  8.9353E-03  8.9359E-03  8.9365E-03  8.9371E-03
8.9378E-03  8.9384E-03  8.9390E-03  8.9397E-03  8.9403E-03  8.9409E-03
8.9415E-03  8.9422E-03  8.9428E-03  8.9434E-03  8.9441E-03  8.9447E-03
8.9453E-03  8.9459E-03  8.9466E-03  8.9472E-03  8.9478E-03  8.9485E-03
8.9491E-03  8.9497E-03  8.9504E-03  8.9510E-03  8.9516E-03  8.9522E-03
8.9529E-03  8.9535E-03  8.9541E-03  8.9548E-03  8.9554E-03  8.9560E-03
8.9567E-03  8.9573E-03  8.9579E-03  8.9585E-03  8.9592E-03  8.9598E-03
8.9604E-03  8.9611E-03  8.9617E-03  8.9623E-03  8.9630E-03  8.9636E-03
8.9642E-03  8.9648E-03  8.9655E-03  8.9661E-03  8.9667E-03  8.9674E-03
8.9680E-03  8.9686E-03  8.9693E-03  8.9699E-03  8.9705E-03  8.9712E-03
8.9718E-03  8.9724E-03  8.9731E-03  8.9737E-03  8.9743E-03  8.9749E-03
8.9756E-03  8.9762E-03  8.9768E-03  8.9775E-03  8.9781E-03  8.9787E-03
8.9794E-03  8.9800E-03  8.9806E-03  8.9813E-03  8.9819E-03  8.9825E-03
8.9832E-03  8.9838E-03  8.9844E-03  8.9851E-03  8.9857E-03  8.9863E-03
8.9869E-03  8.9876E-03  8.9882E-03  8.9888E-03  8.9895E-03  8.9901E-03
8.9907E-03  8.9914E-03  8.9920E-03  8.9926E-03  8.9933E-03  8.9939E-03
8.9945E-03  8.9952E-03  8.9958E-03  8.9964E-03  8.9971E-03  8.9977E-03
8.9983E-03  8.9990E-03  8.9996E-03  9.0002E-03  9.0009E-03  9.0015E-03
9.0021E-03  9.0028E-03  9.0034E-03  9.0040E-03  9.0047E-03  9.0053E-03
9.0059E-03  9.0066E-03  9.0072E-03  9.0078E-03  9.0085E-03  9.0091E-03
9.0097E-03  9.0104E-03  9.0110E-03  9.0116E-03  9.0123E-03  9.0129E-03
9.0135E-03  9.0142E-03  9.0148E-03  9.0154E-03  9.0161E-03  9.0167E-03
9.0173E-03  9.0180E-03  9.0186E-03  9.0193E-03  9.0199E-03  9.0205E-03
9.0212E-03  9.0218E-03  9.0224E-03  9.0231E-03  9.0237E-03  9.0243E-03
9.0250E-03  9.0256E-03  9.0262E-03  9.0269E-03  9.0275E-03  9.0281E-03
9.0288E-03  9.0294E-03  9.0300E-03  9.0307E-03  9.0313E-03  9.0320E-03
9.0326E-03  9.0332E-03  9.0339E-03  9.0345E-03  9.0351E-03  9.0358E-03
9.0364E-03  9.0370E-03  9.0377E-03  9.0383E-03  9.0389E-03  9.0396E-03
9.0402E-03  9.0409E-03  9.0415E-03  9.0421E-03  9.0428E-03  9.0434E-03
9.0440E-03  9.0447E-03  9.0453E-03  9.0459E-03  9.0466E-03  9.0472E-03
9.0479E-03  9.0485E-03  9.0491E-03  9.0498E-03  9.0504E-03  9.0510E-03
9.0517E-03  9.0523E-03  9.0529E-03  9.0536E-03  9.0542E-03  9.0549E-03
9.0555E-03  9.0561E-03  9.0568E-03  9.0574E-03  9.0580E-03  9.0587E-03
9.0593E-03  9.0600E-03  9.0606E-03  9.0612E-03  9.0619E-03  9.0625E-03
9.0631E-03  9.0638E-03  9.0644E-03  9.0651E-03  9.0657E-03  9.0663E-03
9.0670E-03  9.0676E-03  9.0682E-03  9.0689E-03  9.0695E-03  9.0702E-03
9.0708E-03  9.0714E-03  9.0721E-03  9.0727E-03  9.0733E-03  9.0740E-03
9.0746E-03  9.0753E-03  9.0759E-03  9.0765E-03  9.0772E-03  9.0778E-03
9.0785E-03  9.0791E-03  9.0797E-03  9.0804E-03  9.0810E-03  9.0817E-03
9.0823E-03  9.0829E-03  9.0836E-03  9.0842E-03  9.0848E-03  9.0855E-03
9.0861E-03  9.0868E-03  9.0874E-03  9.0880E-03  9.0887E-03  9.0893E-03
9.0900E-03  9.0906E-03  9.0912E-03  9.0919E-03  9.0925E-03  9.0932E-03
9.0938E-03  9.0944E-03  9.0951E-03  9.0957E-03  9.0964E-03  9.0970E-03
9.0976E-03  9.0983E-03  9.0989E-03  9.0996E-03  9.1002E-03  9.1008E-03
9.1015E-03  9.1021E-03  9.1028E-03  9.1034E-03  9.1040E-03  9.1047E-03
9.1053E-03  9.1060E-03  9.1066E-03  9.1072E-03  9.1079E-03  9.1085E-03
9.1092E-03  9.1098E-03  9.1104E-03  9.1111E-03  9.1117E-03  9.1124E-03
9.1130E-03  9.1137E-03  9.1143E-03  9.1149E-03  9.1156E-03  9.1162E-03
9.1169E-03  9.1175E-03  9.1181E-03  9.1188E-03  9.1194E-03  9.1201E-03
9.1207E-03  9.1214E-03  9.1220E-03  9.1226E-03  9.1233E-03  9.1239E-03
9.1246E-03  9.1252E-03  9.1258E-03  9.1265E-03  9.1271E-03  9.1278E-03
9.1284E-03  9.1291E-03  9.1297E-03  9.1303E-03  9.1310E-03  9.1316E-03
9.1323E-03  9.1329E-03  9.1336E-03  9.1342E-03  9.1348E-03  9.1355E-03
9.1361E-03  9.1368E-03  9.1374E-03  9.1381E-03  9.1387E-03  9.1393E-03
9.1400E-03  9.1406E-03  9.1413E-03  9.1419E-03  9.1426E-03  9.1432E-03
9.1438E-03  9.1445E-03  9.1451E-03  9.1458E-03  9.1464E-03  9.1471E-03
9.1477E-03  9.1483E-03  9.1490E-03  9.1496E-03  9.1503E-03  9.1509E-03
9.1516E-03  9.1522E-03  9.1528E-03  9.1535E-03  9.1541E-03  9.1548E-03
9.1554E-03  9.1561E-03  9.1567E-03  9.1574E-03  9.1580E-03  9.1586E-03
9.1593E-03  9.1599E-03  9.1606E-03  9.1612E-03  9.1619E-03  9.1625E-03
9.1632E-03  9.1638E-03  9.1644E-03  9.1651E-03  9.1657E-03  9.1664E-03
9.1670E-03  9.1677E-03  9.1683E-03  9.1690E-03  9.1696E-03  9.1703E-03
9.1709E-03  9.1715E-03  9.1722E-03  9.1728E-03  9.1735E-03  9.1741E-03
9.1748E-03  9.1754E-03  9.1761E-03  9.1767E-03  9.1774E-03  9.1780E-03
9.1786E-03  9.1793E-03  9.1799E-03  9.1806E-03  9.1812E-03  9.1819E-03
9.1825E-03  9.1832E-03  9.1838E-03  9.1845E-03  9.1851E-03  9.1857E-03
9.1864E-03  9.1870E-03  9.1877E-03  9.1883E-03  9.1890E-03  9.1896E-03
9.1903E-03  9.1909E-03  9.1916E-03  9.1922E-03  9.1929E-03  9.1935E-03
9.1942E-03  9.1948E-03  9.1954E-03  9.1961E-03  9.1967E-03  9.1974E-03
9.1980E-03  9.1987E-03  9.1993E-03  9.2000E-03  9.2006E-03  9.2013E-03
9.2019E-03  9.2026E-03  9.2032E-03  9.2039E-03  9.2045E-03  9.2052E-03
9.2058E-03  9.2065E-03  9.2071E-03  9.2077E-03  9.2084E-03  9.2090E-03
9.2097E-03  9.2103E-03  9.2110E-03  9.2116E-03  9.2123E-03  9.2129E-03
9.2136E-03  9.2142E-03  9.2149E-03  9.2155E-03  9.2162E-03  9.2168E-03
9.2175E-03  9.2181E-03  9.2188E-03  9.2194E-03  9.2201E-03  9.2207E-03
9.2214E-03  9.2220E-03  9.2227E-03  9.2233E-03  9.2240E-03  9.2246E-03
9.2253E-03  9.2259E-03  9.2266E-03  9.2272E-03  9.2279E-03  9.2285E-03
9.2291E-03  9.2298E-03  9.2304E-03  9.2311E-03  9.2317E-03  9.2324E-03
9.2330E-03  9.2337E-03  9.2343E-03  9.2350E-03  9.2356E-03  9.2363E-03
9.2369E-03  9.2376E-03  9.2382E-03  9.2389E-03  9.2395E-03  9.2402E-03
9.2408E-03  9.2415E-03  9.2421E-03  9.2428E-03  9.2434E-03  9.2441E-03
9.2447E-03  9.2454E-03  9.2460E-03  9.2467E-03  9.2473E-03  9.2480E-03
9.2486E-03  9.2493E-03  9.2499E-03  9.2506E-03  9.2513E-03  9.2519E-03
9.2526E-03  9.2532E-03  9.2539E-03  9.2545E-03  9.2552E-03  9.2558E-03
9.2565E-03  9.2571E-03  9.2578E-03  9.2584E-03  9.2591E-03  9.2597E-03
9.2604E-03  9.2610E-03  9.2617E-03  9.2623E-03  9.2630E-03  9.2636E-03
9.2643E-03  9.2649E-03  9.2656E-03  9.2662E-03  9.2669E-03  9.2675E-03
9.2682E-03  9.2688E-03  9.2695E-03  9.2701E-03  9.2708E-03  9.2714E-03
9.2721E-03  9.2728E-03  9.2734E-03  9.2741E-03  9.2747E-03  9.2754E-03
9.2760E-03  9.2767E-03  9.2773E-03  9.2780E-03  9.2786E-03  9.2793E-03
9.2799E-03  9.2806E-03  9.2812E-03  9.2819E-03  9.2825E-03  9.2832E-03
9.2839E-03  9.2845E-03  9.2852E-03  9.2858E-03  9.2865E-03  9.2871E-03
9.2878E-03  9.2884E-03  9.2891E-03  9.2897E-03  9.2904E-03  9.2910E-03
9.2917E-03  9.2923E-03  9.2930E-03  9.2937E-03  9.2943E-03  9.2950E-03
9.2956E-03  9.2963E-03  9.2969E-03  9.2976E-03  9.2982E-03  9.2989E-03
9.2995E-03  9.3002E-03  9.3008E-03  9.3015E-03  9.3022E-03  9.3028E-03
9.3035E-03  9.3041E-03  9.3048E-03  9.3054E-03  9.3061E-03  9.3067E-03
9.3074E-03  9.3080E-03  9.3087E-03  9.3094E-03  9.3100E-03  9.3107E-03
9.3113E-03  9.3120E-03  9.3126E-03  9.3133E-03  9.3139E-03  9.3146E-03
9.3153E-03  9.3159E-03  9.3166E-03  9.3172E-03  9.3179E-03  9.3185E-03
9.3192E-03  9.3198E-03  9.3205E-03  9.3212E-03  9.3218E-03  9.3225E-03
9.3231E-03  9.3238E-03  9.3244E-03  9.3251E-03  9.3257E-03  9.3264E-03
9.3271E-03  9.3277E-03  9.3284E-03  9.3290E-03  9.3297E-03  9.3303E-03
9.3310E-03  9.3317E-03  9.3323E-03  9.3330E-03  9.3336E-03  9.3343E-03
9.3349E-03  9.3356E-03  9.3362E-03  9.3369E-03  9.3376E-03  9.3382E-03
9.3389E-03  9.3395E-03  9.3402E-03  9.3408E-03  9.3415E-03  9.3422E-03
9.3428E-03  9.3435E-03  9.3441E-03  9.3448E-03  9.3454E-03  9.3461E-03
9.3468E-03  9.3474E-03  9.3481E-03  9.3487E-03  9.3494E-03  9.3501E-03
9.3507E-03  9.3514E-03  9.3520E-03  9.3527E-03  9.3533E-03  9.3540E-03
9.3547E-03  9.3553E-03  9.3560E-03  9.3566E-03  9.3573E-03  9.3580E-03
9.3586E-03  9.3593E-03  9.3599E-03  9.3606E-03  9.3612E-03  9.3619E-03
9.3626E-03  9.3632E-03  9.3639E-03  9.3645E-03  9.3652E-03  9.3659E-03
9.3665E-03  9.3672E-03  9.3678E-03  9.3685E-03  9.3691E-03  9.3698E-03
9.3705E-03  9.3711E-03  9.3718E-03  9.3724E-03  9.3731E-03  9.3738E-03
9.3744E-03  9.3751E-03  9.3757E-03  9.3764E-03  9.3771E-03  9.3777E-03
9.3784E-03  9.3790E-03  9.3797E-03  9.3804E-03  9.3810E-03  9.3817E-03
9.3823E-03  9.3830E-03  9.3837E-03  9.3843E-03  9.3850E-03  9.3856E-03
9.3863E-03  9.3870E-03  9.3876E-03  9.3883E-03  9.3889E-03  9.3896E-03
9.3903E-03  9.3909E-03  9.3916E-03  9.3922E-03  9.3929E-03  9.3936E-03
9.3942E-03  9.3949E-03  9.3956E-03  9.3962E-03  9.3969E-03  9.3975E-03
9.3982E-03  9.3989E-03  9.3995E-03  9.4002E-03  9.4008E-03  9.4015E-03
9.4022E-03  9.4028E-03  9.4035E-03  9.4041E-03  9.4048E-03  9.4055E-03
9.4061E-03  9.4068E-03  9.4075E-03  9.4081E-03  9.4088E-03  9.4094E-03
9.4101E-03  9.4108E-03  9.4114E-03  9.4121E-03  9.4128E-03  9.4134E-03
9.4141E-03  9.4147E-03  9.4154E-03  9.4161E-03  9.4167E-03  9.4174E-03
9.4181E-03  9.4187E-03  9.4194E-03  9.4200E-03  9.4207E-03  9.4214E-03
9.4220E-03  9.4227E-03  9.4234E-03  9.4240E-03  9.4247E-03  9.4253E-03
9.4260E-03  9.4267E-03  9.4273E-03  9.4280E-03  9.4287E-03  9.4293E-03
9.4300E-03  9.4307E-03  9.4313E-03  9.4320E-03  9.4326E-03  9.4333E-03
9.4340E-03  9.4346E-03  9.4353E-03  9.4360E-03  9.4366E-03  9.4373E-03
9.4380E-03  9.4386E-03  9.4393E-03  9.4399E-03  9.4406E-03  9.4413E-03
9.4419E-03  9.4426E-03  9.4433E-03  9.4439E-03  9.4446E-03  9.4453E-03
9.4459E-03  9.4466E-03  9.4473E-03  9.4479E-03  9.4486E-03  9.4492E-03
9.4499E-03  9.4506E-03  9.4512E-03  9.4519E-03  9.4526E-03  9.4532E-03
9.4539E-03  9.4546E-03  9.4552E-03  9.4559E-03  9.4566E-03  9.4572E-03
9.4579E-03  9.4586E-03  9.4592E-03  9.4599E-03  9.4606E-03  9.4612E-03
9.4619E-03  9.4626E-03  9.4632E-03  9.4639E-03  9.4645E-03  9.4652E-03
9.4659E-03  9.4665E-03  9.4672E-03  9.4679E-03  9.4685E-03  9.4692E-03
9.4699E-03  9.4705E-03  9.4712E-03  9.4719E-03  9.4725E-03  9.4732E-03
9.4739E-03  9.4745E-03  9.4752E-03  9.4759E-03  9.4765E-03  9.4772E-03
9.4779E-03  9.4785E-03  9.4792E-03  9.4799E-03  9.4805E-03  9.4812E-03
9.4819E-03  9.4825E-03  9.4832E-03  9.4839E-03  9.4845E-03  9.4852E-03
9.4859E-03  9.4865E-03  9.4872E-03  9.4879E-03  9.4885E-03  9.4892E-03
9.4899E-03  9.4906E-03  9.4912E-03  9.4919E-03  9.4926E-03  9.4932E-03
9.4939E-03  9.4946E-03  9.4952E-03  9.4959E-03  9.4966E-03  9.4972E-03
9.4979E-03  9.4986E-03  9.4992E-03  9.4999E-03  9.5006E-03  9.5012E-03
9.5019E-03  9.5026E-03  9.5032E-03
Rosseland and Planck opacities and free electrons
Density     Ross opa    Planck opa  No. Free    Av Sq Free  T=  1.5000E-03
1.9163E-09  9.1378E+00  1.1273E+03  9.8847E-01  9.8856E-01
Multigroup opacities
Energy      Ross mg     Planck mg    for T, density =   1.5000E-03  1.9163E-09
8.8589E-03  4.6334E+00  4.2737E+00
8.8595E-03  4.6321E+00  4.2724E+00
8.8601E-03  4.6302E+00  4.2705E+00
8.8608E-03  4.6283E+00  4.2686E+00
8.8614E-03  4.6271E+00  4.2674E+00
8.8620E-03  4.6261E+00  4.2665E+00
8.8626E-03  4.6252E+00  4.2655E+00
8.8633E-03  4.6243E+00  4.2646E+00
8.8639E-03  4.6234E+00  4.2637E+00
8.8645E-03  4.6225E+00  4.2629E+00
8.8651E-03  4.6217E+00  4.2620E+00
8.8657E-03  4.6209E+00  4.2612E+00
8.8664E-03  4.6201E+00  4.2604E+00
8.8670E-03  4.6192E+00  4.2595E+00
8.8676E-03  4.6183E+00  4.2586E+00
8.8682E-03  4.6174E+00  4.2577E+00
8.8689E-03  4.6166E+00  4.2569E+00
8.8695E-03  4.6158E+00  4.2562E+00
8.8701E-03  4.6151E+00  4.2554E+00
8.8707E-03  4.6143E+00  4.2547E+00
8.8714E-03  4.6136E+00  4.2539E+00
8.8720E-03  4.6128E+00  4.2532E+00
8.8726E-03  4.6119E+00  4.2522E+00
8.8732E-03  4.6108E+00  4.2512E+00
8.8739E-03  4.6098E+00  4.2501E+00
8.8745E-03  4.6089E+00  4.2492E+00
8.8751E-03  4.6080E+00  4.2483E+00
8.8757E-03  4.6071E+00  4.2474E+00
8.8764E-03  4.6062E+00  4.2466E+00
8.8770E-03  4.6054E+00  4.2457E+00
8.8776E-03  4.6045E+00  4.2448E+00
8.8782E-03  4.6036E+00  4.2440E+00
8.8789E-03  4.6028E+00  4.2431E+00
8.8795E-03  4.6019E+00  4.2423E+00
8.8801E-03  4.6011E+00  4.2414E+00
8.8807E-03  4.6002E+00  4.2405E+00
8.8814E-03  4.5994E+00  4.2397E+00
8.8820E-03  4.5985E+00  4.2388E+00
8.8826E-03  4.5977E+00  4.2380E+00
8.8832E-03  4.5968E+00  4.2371E+00
8.8839E-03  4.5962E+00  4.2366E+00
8.8845E-03  4.5958E+00  4.2361E+00
8.8851E-03  4.5954E+00  4.2357E+00
8.8857E-03  4.5949E+00  4.2352E+00
8.8864E-03  4.5943E+00  4.2346E+00
8.8870E-03  4.5938E+00  4.2341E+00
8.8876E-03  4.5946E+00  4.2349E+00
8.8882E-03  4.5960E+00  4.2363E+00
8.8889E-03  4.5974E+00  4.2377E+00
8.8895E-03  4.5954E+00  4.2357E+00
8.8901E-03  4.5917E+00  4.2320E+00
8.8907E-03  4.5880E+00  4.2283E+00
8.8914E-03  4.5862E+00  4.2265E+00
8.8920E-03  4.5854E+00  4.2257E+00
8.8926E-03  4.5846E+00  4.2249E+00
8.8932E-03  4.5837E+00  4.2240E+00
8.8939E-03  4.5827E+00  4.2230E+00
8.8945E-03  4.5818E+00  4.2221E+00
8.8951E-03  4.5809E+00  4.2212E+00
8.8957E-03  4.5801E+00  4.2204E+00
8.8964E-03  4.5793E+00  4.2196E+00
8.8970E-03  4.5785E+00  4.2188E+00
8.8976E-03  4.5777E+00  4.2180E+00
8.8982E-03  4.5769E+00  4.2172E+00
8.8989E-03  4.5761E+00  4.2165E+00
8.8995E-03  4.5754E+00  4.2157E+00
8.9001E-03  4.5747E+00  4.2150E+00
8.9007E-03  4.5740E+00  4.2143E+00
8.9014E-03  4.5734E+00  4.2137E+00
8.9020E-03  4.5729E+00  4.2132E+00
8.9026E-03  4.5725E+00  4.2128E+00
8.9033E-03  4.5723E+00  4.2126E+00
8.9039E-03  4.5722E+00  4.2125E+00
8.9045E-03  4.5738E+00  4.2141E+00
8.9051E-03  4.5763E+00  4.2166E+00
8.9058E-03  4.7888E+00  4.5603E+00
8.9064E-03  1.1594E+01  1.4910E+01
8.9070E-03  2.8399E+01  2.9894E+01
8.9076E-03  4.3789E+01  4.4138E+01
8.9083E-03  3.7139E+01  3.8235E+01
8.9089E-03  2.1230E+01  2.3248E+01
8.9095E-03  6.3196E+00  8.6612E+00
8.9101E-03  4.5736E+00  4.2139E+00
8.9108E-03  4.5686E+00  4.2089E+00
8.9114E-03  4.5638E+00  4.2041E+00
8.9120E-03  4.5613E+00  4.2016E+00
8.9127E-03  4.5597E+00  4.2000E+00
8.9133E-03  4.5582E+00  4.1985E+00
8.9139E-03  4.5571E+00  4.1974E+00
8.9145E-03  4.5561E+00  4.1964E+00
8.9152E-03  4.5552E+00  4.1955E+00
8.9158E-03  4.5550E+00  4.1953E+00
8.9164E-03  4.5551E+00  4.1954E+00
8.9170E-03  4.5552E+00  4.1955E+00
8.9177E-03  4.5552E+00  4.1955E+00
8.9183E-03  4.5551E+00  4.1954E+00
8.9189E-03  4.5569E+00  4.1972E+00
8.9196E-03  4.5919E+00  4.2323E+00
8.9202E-03  4.6392E+00  4.2796E+00
8.9208E-03  4.6823E+00  4.3227E+00
8.9214E-03  4.6564E+00  4.2968E+00
8.9221E-03  4.6063E+00  4.2467E+00
8.9227E-03  4.5586E+00  4.1989E+00
8.9233E-03  4.5454E+00  4.1857E+00
8.9239E-03  4.5439E+00  4.1842E+00
8.9246E-03  4.5424E+00  4.1827E+00
8.9252E-03  4.5416E+00  4.1819E+00
8.9258E-03  4.5411E+00  4.1814E+00
8.9265E-03  4.5406E+00  4.1809E+00
8.9271E-03  4.5409E+00  4.1812E+00
8.9277E-03  4.5415E+00  4.1818E+00
8.9283E-03  4.5424E+00  4.1827E+00
8.9290E-03  4.5475E+00  4.1878E+00
8.9296E-03  4.5538E+00  4.1941E+00
8.9302E-03  4.5590E+00  4.1993E+00
8.9309E-03  4.5531E+00  4.1934E+00
8.9315E-03  4.5441E+00  4.1844E+00
8.9321E-03  4.5356E+00  4.1759E+00
8.9327E-03  4.5325E+00  4.1728E+00
8.9334E-03  4.5309E+00  4.1712E+00
8.9340E-03  4.5294E+00  4.1696E+00
8.9346E-03  4.5283E+00  4.1686E+00
8.9353E-03  4.5274E+00  4.1676E+00
8.9359E-03  4.5264E+00  4.1667E+00
8.9365E-03  4.5255E+00  4.1658E+00
8.9371E-03  4.5247E+00  4.1650E+00
8.9378E-03  4.5238E+00  4.1641E+00
8.9384E-03  4.5230E+00  4.1633E+00
8.9390E-03  4.5221E+00  4.1624E+00
8.9397E-03  4.5213E+00  4.1616E+00
8.9403E-03  4.5204E+00  4.1607E+00
8.9409E-03  4.5196E+00  4.1599E+00
8.9415E-03  4.5188E+00  4.1590E+00
8.9422E-03  4.5179E+00  4.1582E+00
8.9428E-03  4.5171E+00  4.1574E+00
8.9434E-03  4.5163E+00  4.1565E+00
8.9441E-03  4.5154E+00  4.1557E+00
8.9447E-03  4.5146E+00  4.1549E+00
8.9453E-03  4.5138E+00  4.1541E+00
8.9459E-03  4.5129E+00  4.1532E+00
8.9466E-03  4.5121E+00  4.1524E+00
8.9472E-03  4.5113E+00  4.1516E+00
8.9478E-03  4.5105E+00  4.1507E+00
8.9485E-03  4.5096E+00  4.1499E+00
8.9491E-03  4.5088E+00  4.1491E+00
8.9497E-03  4.5080E+00  4.1483E+00
8.9504E-03  4.5072E+00  4.1475E+00
8.9510E-03  4.5064E+00  4.1466E+00
8.9516E-03  4.5055E+00  4.1458E+00
8.9522E-03  4.5047E+00  4.1450E+00
8.9529E-03  4.5039E+00  4.1442E+00
8.9535E-03  4.5031E+00  4.1433E+00
8.9541E-03  4.5022E+00  4.1425E+00
8.9548E-03  4.5014E+00  4.1417E+00
8.9554E-03  4.5006E+00  4.1409E+00
8.9560E-03  4.4998E+00  4.1401E+00
8.9567E-03  4.4990E+00  4.1392E+00
8.9573E-03  4.4981E+00  4.1384E+00
8.9579E-03  4.4973E+00  4.1376E+00
8.9585E-03  4.4965E+00  4.1368E+00
8.9592E-03  4.4957E+00  4.1360E+00
8.9598E-03  4.4949E+00  4.1351E+00
8.9604E-03  4.4941E+00  4.1343E+00
8.9611E-03  4.4932E+00  4.1335E+00
8.9617E-03  4.4924E+00  4.1327E+00
8.9623E-03  4.4916E+00  4.1319E+00
8.9630E-03  4.4908E+00  4.1311E+00
8.9636E-03  4.4900E+00  4.1302E+00
8.9642E-03  4.4892E+00  4.1294E+00
8.9648E-03  4.4884E+00  4.1286E+00
8.9655E-03  4.4876E+00  4.1278E+00
8.9661E-03  4.4867E+00  4.1270E+00
8.9667E-03  4.4859E+00  4.1262E+00
8.9674E-03  4.4851E+00  4.1254E+00
8.9680E-03  4.4843E+00  4.1245E+00
8.9686E-03  4.4835E+00  4.1237E+00
8.9693E-03  4.4826E+00  4.1229E+00
8.9699E-03  4.4818E+00  4.1221E+00
8.9705E-03  4.4810E+00  4.1213E+00
8.9712E-03  4.4802E+00  4.1205E+00
8.9718E-03  4.4794E+00  4.1197E+00
8.9724E-03  4.4786E+00  4.1189E+00
8.9731E-03  4.4778E+00  4.1180E+00
8.9737E-03  4.4770E+00  4.1172E+00
8.9743E-03  4.4762E+00  4.1164E+00
8.9749E-03  4.4753E+00  4.1156E+00
8.9756E-03  4.4745E+00  4.1148E+00
8.9762E-03  4.4737E+00  4.1140E+00
8.9768E-03  4.4729E+00  4.1132E+00
8.9775E-03  4.4721E+00  4.1124E+00
8.9781E-03  4.4713E+00  4.1116E+00
8.9787E-03  4.4705E+00  4.1108E+00
8.9794E-03  4.4697E+00  4.1100E+00
8.9800E-03  4.4689E+00  4.1092E+00
8.9806E-03  4.4681E+00  4.1084E+00
8.9813E-03  4.4673E+00  4.1076E+00
8.9819E-03  4.4665E+00  4.1068E+00
8.9825E-03  4.4657E+00  4.1059E+00
8.9832E-03  4.4649E+00  4.1051E+00
8.9838E-03  4.4641E+00  4.1043E+00
8.9844E-03  4.4633E+00  4.1035E+00
8.9851E-03  4.4625E+00  4.1027E+00
8.9857E-03  4.4617E+00  4.1019E+00
8.9863E-03  4.4609E+00  4.1011E+00
8.9869E-03  4.4615E+00  4.1018E+00
8.9876E-03  4.4630E+00  4.1033E+00
8.9882E-03  4.4645E+00  4.1047E+00
8.9888E-03  4.4641E+00  4.1043E+00
8.9895E-03  4.4626E+00  4.1028E+00
8.9901E-03  4.4610E+00  4.1013E+00
8.9907E-03  4.4589E+00  4.0992E+00
8.9914E-03  4.4565E+00  4.0967E+00
8.9920E-03  4.4541E+00  4.0944E+00
8.9926E-03  4.4528E+00  4.0931E+00
8.9933E-03  4.4520E+00  4.0923E+00
8.9939E-03  4.4512E+00  4.0915E+00
8.9945E-03  4.4504E+00  4.0907E+00
8.9952E-03  4.4496E+00  4.0898E+00
8.9958E-03  4.4488E+00  4.0890E+00
8.9964E-03  4.4480E+00  4.0882E+00
8.9971E-03  4.4472E+00  4.0874E+00
8.9977E-03  4.4464E+00  4.0866E+00
8.9983E-03  4.4456E+00  4.0859E+00
8.9990E-03  4.4448E+00  4.0851E+00
8.9996E-03  4.4440E+00  4.0843E+00
9.0002E-03  4.4432E+00  4.0835E+00
9.0009E-03  4.4424E+00  4.0827E+00
9.0015E-03  4.4416E+00  4.0819E+00
9.0021E-03  4.4408E+00  4.0811E+00
9.0028E-03  4.4400E+00  4.0803E+00
9.0034E-03  4.4392E+00  4.0795E+00
9.0040E-03  4.4385E+00  4.0787E+00
9.0047E-03  4.4377E+00  4.0779E+00
9.0053E-03  4.4369E+00  4.0771E+00
9.0059E-03  4.4361E+00  4.0763E+00
9.0066E-03  4.4353E+00  4.0755E+00
9.0072E-03  4.4345E+00  4.0748E+00
9.0078E-03  4.4337E+00  4.0740E+00
9.0085E-03  4.4329E+00  4.0732E+00
9.0091E-03  4.4321E+00  4.0724E+00
9.0097E-03  4.4313E+00  4.0716E+00
9.0104E-03  4.4305E+00  4.0708E+00
9.0110E-03  4.4298E+00  4.0700E+00
9.0116E-03  4.4290E+00  4.0692E+00
9.0123E-03  4.4282E+00  4.0684E+00
9.0129E-03  4.4274E+00  4.0676E+00
9.0135E-03  4.4266E+00  4.0668E+00
9.0142E-03  4.4258E+00  4.0661E+00
9.0148E-03  4.4250E+00  4.0653E+00
9.0154E-03  4.4242E+00  4.0645E+00
9.0161E-03  4.4235E+00  4.0637E+00
9.0167E-03  4.4227E+00  4.0629E+00
9.0173E-03  4.4219E+00  4.0621E+00
9.0180E-03  4.4211E+00  4.0613E+00
9.0186E-03  4.4203E+00  4.0606E+00
9.0193E-03  4.4196E+00  4.0598E+00
9.0199E-03  4.4188E+00  4.0590E+00
9.0205E-03  4.4180E+00  4.0583E+00
9.0212E-03  4.4172E+00  4.0575E+00
9.0218E-03  4.4164E+00  4.0566E+00
9.0224E-03  4.4156E+00  4.0559E+00
9.0231E-03  4.4148E+00  4.0551E+00
9.0237E-03  4.4141E+00  4.0543E+00
9.0243E-03  4.4133E+00  4.0535E+00
9.0250E-03  4.4125E+00  4.0527E+00
9.0256E-03  4.4117E+00  4.0519E+00
9.0262E-03  4.4109E+00  4.0512E+00
9.0269E-03  4.4102E+00  4.0504E+00
9.0275E-03  4.4095E+00  4.0497E+00
9.0281E-03  4.4088E+00  4.0490E+00
9.0288E-03  4.4081E+00  4.0483E+00
9.0294E-03  4.4074E+00  4.0477E+00
9.0300E-03  4.4072E+00  4.0474E+00
9.0307E-03  4.4072E+00  4.0474E+00
9.0313E-03  4.4072E+00  4.0474E+00
9.0320E-03  4.4062E+00  4.0464E+00
9.0326E-03  4.4046E+00  4.0448E+00
9.0332E-03  4.4029E+00  4.0431E+00
9.0339E-03  4.4018E+00  4.0420E+00
9.0345E-03  4.4009E+00  4.0411E+00
9.0351E-03  4.4000E+00  4.0402E+00
9.0358E-03  4.3992E+00  4.0394E+00
9.0364E-03  4.3984E+00  4.0387E+00
9.0370E-03  4.3977E+00  4.0379E+00
9.0377E-03  4.3969E+00  4.0371E+00
9.0383E-03  4.3961E+00  4.0363E+00
9.0389E-03  4.3953E+00  4.0355E+00
9.0396E-03  4.3945E+00  4.0348E+00
9.0402E-03  4.3937E+00  4.0340E+00
9.0409E-03  4.3930E+00  4.0332E+00
9.0415E-03  4.3922E+00  4.0324E+00
9.0421E-03  4.3915E+00  4.0317E+00
9.0428E-03  4.3908E+00  4.0310E+00
9.0434E-03  4.3900E+00  4.0302E+00
9.0440E-03  4.3892E+00  4.0294E+00
9.0447E-03  4.3884E+00  4.0286E+00
9.0453E-03  4.3877E+00  4.0279E+00
9.0459E-03  4.3870E+00  4.0272E+00
9.0466E-03  4.3862E+00  4.0265E+00
9.0472E-03  4.3854E+00  4.0256E+00
9.0479E-03  4.3845E+00  4.0248E+00
9.0485E-03  4.3837E+00  4.0239E+00
9.0491E-03  4.3829E+00  4.0232E+00
9.0498E-03  4.3822E+00  4.0224E+00
9.0504E-03  4.3814E+00  4.0216E+00
9.0510E-03  4.3806E+00  4.0209E+00
9.0517E-03  4.3799E+00  4.0201E+00
9.0523E-03  4.3791E+00  4.0193E+00
9.0529E-03  4.3783E+00  4.0185E+00
9.0536E-03  4.3775E+00  4.0178E+00
9.0542E-03  4.3768E+00  4.0170E+00
9.0549E-03  4.3761E+00  4.0163E+00
9.0555E-03  4.3754E+00  4.0156E+00
9.0561E-03  4.3748E+00  4.0150E+00
9.0568E-03  4.3743E+00  4.0146E+00
9.0574E-03  4.3739E+00  4.0141E+00
9.0580E-03  4.3733E+00  4.0135E+00
9.0587E-03  4.3724E+00  4.0126E+00
9.0593E-03  4.3715E+00  4.0117E+00
9.0600E-03  4.3705E+00  4.0107E+00
9.0606E-03  4.3696E+00  4.0098E+00
9.0612E-03  4.3686E+00  4.0088E+00
9.0619E-03  4.3677E+00  4.0079E+00
9.0625E-03  4.3669E+00  4.0071E+00
9.0631E-03  4.3661E+00  4.0063E+00
9.0638E-03  4.3653E+00  4.0055E+00
9.0644E-03  4.3645E+00  4.0047E+00
9.0651E-03  4.3637E+00  4.0039E+00
9.0657E-03  4.3629E+00  4.0031E+00
9.0663E-03  4.3622E+00  4.0024E+00
9.0670E-03  4.3614E+00  4.0016E+00
9.0676E-03  4.3609E+00  4.0011E+00
9.0682E-03  4.3604E+00  4.0006E+00
9.0689E-03  4.3600E+00  4.0002E+00
9.0695E-03  4.3596E+00  3.9998E+00
9.0702E-03  4.3592E+00  3.9994E+00
9.0708E-03  4.3588E+00  3.9990E+00
9.0714E-03  4.3576E+00  3.9978E+00
9.0721E-03  4.3561E+00  3.9963E+00
9.0727E-03  4.3547E+00  3.9949E+00
9.0733E-03  4.3538E+00  3.9940E+00
9.0740E-03  4.3530E+00  3.9932E+00
9.0746E-03  4.3523E+00  3.9925E+00
9.0753E-03  4.3515E+00  3.9917E+00
9.0759E-03  4.3507E+00  3.9909E+00
9.0765E-03  4.3500E+00  3.9902E+00
9.0772E-03  4.3493E+00  3.9895E+00
9.0778E-03  4.3485E+00  3.9887E+00
9.0785E-03  4.3478E+00  3.9880E+00
9.0791E-03  4.3470E+00  3.9872E+00
9.0797E-03  4.3463E+00  3.9865E+00
9.0804E-03  4.3455E+00  3.9857E+00
9.0810E-03  4.3447E+00  3.9849E+00
9.0817E-03  4.3440E+00  3.9842E+00
9.0823E-03  4.3432E+00  3.9834E+00
9.0829E-03  4.3425E+00  3.9827E+00
9.0836E-03  4.3417E+00  3.9819E+00
9.0842E-03  4.3410E+00  3.9812E+00
9.0848E-03  4.3402E+00  3.9804E+00
9.0855E-03  4.3395E+00  3.9797E+00
9.0861E-03  4.3387E+00  3.9789E+00
9.0868E-03  4.3380E+00  3.9782E+00
9.0874E-03  4.3372E+00  3.9774E+00
9.0880E-03  4.3365E+00  3.9767E+00
9.0887E-03  4.3358E+00  3.9760E+00
9.0893E-03  4.3350E+00  3.9752E+00
9.0900E-03  4.3345E+00  3.9747E+00
9.0906E-03  4.3341E+00  3.9743E+00
9.0912E-03  4.3337E+00  3.9739E+00
9.0919E-03  4.3329E+00  3.9731E+00
9.0925E-03  4.3319E+00  3.9721E+00
9.0932E-03  4.3308E+00  3.9710E+00
9.0938E-03  4.3300E+00  3.9701E+00
9.0944E-03  4.3292E+00  3.9694E+00
9.0951E-03  4.3285E+00  3.9687E+00
9.0957E-03  4.3278E+00  3.9680E+00
9.0964E-03  4.3271E+00  3.9673E+00
9.0970E-03  4.3264E+00  3.9665E+00
9.0976E-03  4.3257E+00  3.9659E+00
9.0983E-03  4.3250E+00  3.9652E+00
9.0989E-03  4.3243E+00  3.9645E+00
9.0996E-03  4.3237E+00  3.9639E+00
9.1002E-03  4.3232E+00  3.9633E+00
9.1008E-03  4.3226E+00  3.9627E+00
9.1015E-03  4.3219E+00  3.9621E+00
9.1021E-03  4.3211E+00  3.9613E+00
9.1028E-03  4.3204E+00  3.9606E+00
9.1034E-03  4.3199E+00  3.9600E+00
9.1040E-03  4.3193E+00  3.9595E+00
9.1047E-03  4.3188E+00  3.9590E+00
9.1053E-03  4.3184E+00  3.9586E+00
9.1060E-03  4.3180E+00  3.9582E+00
9.1066E-03  4.3176E+00  3.9578E+00
9.1072E-03  4.3177E+00  3.9578E+00
9.1079E-03  4.3177E+00  3.9579E+00
9.1085E-03  4.3182E+00  3.9584E+00
9.1092E-03  4.3200E+00  3.9602E+00
9.1098E-03  4.3220E+00  3.9622E+00
9.1104E-03  4.3315E+00  3.9717E+00
9.1111E-03  4.3613E+00  4.0015E+00
9.1117E-03  4.3921E+00  4.0324E+00
9.1124E-03  4.4148E+00  4.0549E+00
9.1130E-03  4.4201E+00  4.0603E+00
9.1137E-03  4.4249E+00  4.0651E+00
9.1143E-03  4.4138E+00  4.0540E+00
9.1149E-03  4.3775E+00  4.0177E+00
9.1156E-03  4.3409E+00  3.9811E+00
9.1162E-03  4.3199E+00  3.9601E+00
9.1169E-03  4.3177E+00  3.9578E+00
9.1175E-03  4.3155E+00  3.9556E+00
9.1181E-03  4.3154E+00  3.9556E+00
9.1188E-03  4.3173E+00  3.9575E+00
9.1194E-03  4.3192E+00  3.9594E+00
9.1201E-03  4.3288E+00  3.9690E+00
9.1207E-03  4.3435E+00  3.9837E+00
9.1214E-03  4.4346E+00  4.0913E+00
9.1220E-03  7.2203E+00  7.8129E+00
9.1226E-03  1.3187E+01  1.3392E+01
9.1233E-03  1.8751E+01  1.8590E+01
9.1239E-03  1.5951E+01  1.6063E+01
9.1246E-03  1.0143E+01  1.0497E+01
9.1252E-03  5.1790E+00  5.2533E+00
9.1258E-03  4.3795E+00  4.0197E+00
9.1265E-03  4.3491E+00  3.9893E+00
9.1271E-03  4.3211E+00  3.9612E+00
9.1278E-03  4.3117E+00  3.9519E+00
9.1284E-03  4.3065E+00  3.9467E+00
9.1291E-03  4.3018E+00  3.9420E+00
9.1297E-03  4.2995E+00  3.9397E+00
9.1303E-03  4.2977E+00  3.9378E+00
9.1310E-03  4.2960E+00  3.9362E+00
9.1316E-03  4.2952E+00  3.9354E+00
9.1323E-03  4.2946E+00  3.9347E+00
9.1329E-03  4.2941E+00  3.9343E+00
9.1336E-03  4.2945E+00  3.9346E+00
9.1342E-03  4.2949E+00  3.9350E+00
9.1348E-03  4.2959E+00  3.9361E+00
9.1355E-03  4.2986E+00  3.9388E+00
9.1361E-03  4.3014E+00  3.9416E+00
9.1368E-03  4.3076E+00  3.9478E+00
9.1374E-03  4.3202E+00  3.9604E+00
9.1381E-03  4.3330E+00  3.9732E+00
9.1387E-03  4.4119E+00  4.0535E+00
9.1393E-03  4.5864E+00  4.2282E+00
9.1400E-03  4.7618E+00  4.4035E+00
9.1406E-03  4.8507E+00  4.4909E+00
9.1413E-03  4.8486E+00  4.4888E+00
9.1419E-03  4.8460E+00  4.4861E+00
9.1426E-03  4.7420E+00  4.3838E+00
9.1432E-03  4.5661E+00  4.2080E+00
9.1438E-03  4.3931E+00  4.0344E+00
9.1445E-03  4.3237E+00  3.9639E+00
9.1451E-03  4.3093E+00  3.9494E+00
9.1458E-03  4.2952E+00  3.9353E+00
9.1464E-03  4.2879E+00  3.9280E+00
9.1471E-03  4.2834E+00  3.9235E+00
9.1477E-03  4.2790E+00  3.9191E+00
9.1483E-03  4.2762E+00  3.9164E+00
9.1490E-03  4.2739E+00  3.9141E+00
9.1496E-03  4.2717E+00  3.9119E+00
9.1503E-03  4.2701E+00  3.9102E+00
9.1509E-03  4.2686E+00  3.9088E+00
9.1516E-03  4.2671E+00  3.9073E+00
9.1522E-03  4.2659E+00  3.9060E+00
9.1528E-03  4.2646E+00  3.9048E+00
9.1535E-03  4.2634E+00  3.9035E+00
9.1541E-03  4.2623E+00  3.9025E+00
9.1548E-03  4.2613E+00  3.9014E+00
9.1554E-03  4.2603E+00  3.9004E+00
9.1561E-03  4.2594E+00  3.8995E+00
9.1567E-03  4.2585E+00  3.8987E+00
9.1574E-03  4.2577E+00  3.8978E+00
9.1580E-03  4.2568E+00  3.8970E+00
9.1586E-03  4.2560E+00  3.8962E+00
9.1593E-03  4.2553E+00  3.8955E+00
9.1599E-03  4.2548E+00  3.8949E+00
9.1606E-03  4.2543E+00  3.8944E+00
9.1612E-03  4.2535E+00  3.8937E+00
9.1619E-03  4.2525E+00  3.8926E+00
9.1625E-03  4.2514E+00  3.8916E+00
9.1632E-03  4.2504E+00  3.8906E+00
9.1638E-03  4.2495E+00  3.8896E+00
9.1644E-03  4.2485E+00  3.8887E+00
9.1651E-03  4.2477E+00  3.8878E+00
9.1657E-03  4.2469E+00  3.8870E+00
9.1664E-03  4.2461E+00  3.8862E+00
9.1670E-03  4.2454E+00  3.8856E+00
9.1677E-03  4.2448E+00  3.8849E+00
9.1683E-03  4.2441E+00  3.8843E+00
9.1690E-03  4.2433E+00  3.8835E+00
9.1696E-03  4.2424E+00  3.8826E+00
9.1703E-03  4.2416E+00  3.8817E+00
9.1709E-03  4.2408E+00  3.8810E+00
9.1715E-03  4.2401E+00  3.8802E+00
9.1722E-03  4.2393E+00  3.8795E+00
9.1728E-03  4.2386E+00  3.8788E+00
9.1735E-03  4.2379E+00  3.8780E+00
9.1741E-03  4.2372E+00  3.8773E+00
9.1748E-03  4.2365E+00  3.8766E+00
9.1754E-03  4.2358E+00  3.8759E+00
9.1761E-03  4.2351E+00  3.8752E+00
9.1767E-03  4.2344E+00  3.8746E+00
9.1774E-03  4.2337E+00  3.8739E+00
9.1780E-03  4.2331E+00  3.8732E+00
9.1786E-03  4.2325E+00  3.8726E+00
9.1793E-03  4.2319E+00  3.8720E+00
9.1799E-03  4.2313E+00  3.8715E+00
9.1806E-03  4.2309E+00  3.8710E+00
9.1812E-03  4.2305E+00  3.8706E+00
9.1819E-03  4.2309E+00  3.8710E+00
9.1825E-03  4.2322E+00  3.8723E+00
9.1832E-03  4.2335E+00  3.8736E+00
9.1838E-03  4.2355E+00  3.8756E+00
9.1845E-03  4.2380E+00  3.8781E+00
9.1851E-03  4.2404E+00  3.8805E+00
9.1857E-03  4.2379E+00  3.8780E+00
9.1864E-03  4.2329E+00  3.8731E+00
9.1870E-03  4.2282E+00  3.8683E+00
9.1877E-03  4.2271E+00  3.8672E+00
9.1883E-03  4.2273E+00  3.8674E+00
9.1890E-03  4.2277E+00  3.8679E+00
9.1896E-03  4.2307E+00  3.8708E+00
9.1903E-03  4.2342E+00  3.8743E+00
9.1909E-03  4.2436E+00  3.8837E+00
9.1916E-03  4.2894E+00  3.9297E+00
9.1922E-03  4.3417E+00  3.9820E+00
9.1929E-03  4.3858E+00  4.0260E+00
9.1935E-03  4.3942E+00  4.0343E+00
9.1942E-03  4.3985E+00  4.0387E+00
9.1948E-03  4.3879E+00  4.0281E+00
9.1954E-03  4.3324E+00  3.9728E+00
9.1961E-03  4.2741E+00  3.9145E+00
9.1967E-03  4.2329E+00  3.8730E+00
9.1974E-03  4.2269E+00  3.8670E+00
9.1980E-03  4.2221E+00  3.8622E+00
9.1987E-03  4.2187E+00  3.8588E+00
9.1993E-03  4.2174E+00  3.8575E+00
9.2000E-03  4.2161E+00  3.8563E+00
9.2006E-03  4.2160E+00  3.8561E+00
9.2013E-03  4.2169E+00  3.8571E+00
9.2019E-03  4.2180E+00  3.8581E+00
9.2026E-03  4.2247E+00  3.8648E+00
9.2032E-03  4.2353E+00  3.8754E+00
9.2039E-03  4.3133E+00  3.9645E+00
9.2045E-03  6.3705E+00  6.5136E+00
9.2052E-03  1.0266E+01  1.0232E+01
9.2058E-03  1.3851E+01  1.3591E+01
9.2065E-03  1.1709E+01  1.1637E+01
9.2071E-03  7.8587E+00  7.9169E+00
9.2077E-03  4.7086E+00  4.5178E+00
9.2084E-03  4.2333E+00  3.8734E+00
9.2090E-03  4.2214E+00  3.8616E+00
9.2097E-03  4.2110E+00  3.8512E+00
9.2103E-03  4.2085E+00  3.8486E+00
9.2110E-03  4.2071E+00  3.8472E+00
9.2116E-03  4.2127E+00  3.8528E+00
9.2123E-03  4.2443E+00  3.8844E+00
9.2129E-03  4.2783E+00  3.9185E+00
9.2136E-03  4.2950E+00  3.9352E+00
9.2142E-03  4.2671E+00  3.9073E+00
9.2149E-03  4.2370E+00  3.8772E+00
9.2155E-03  4.2147E+00  3.8549E+00
9.2162E-03  4.2063E+00  3.8464E+00
9.2168E-03  4.1981E+00  3.8382E+00
9.2175E-03  4.1928E+00  3.8329E+00
9.2181E-03  4.1910E+00  3.8311E+00
9.2188E-03  4.1893E+00  3.8294E+00
9.2194E-03  4.1879E+00  3.8280E+00
9.2201E-03  4.1868E+00  3.8270E+00
9.2207E-03  4.1858E+00  3.8259E+00
9.2214E-03  4.1852E+00  3.8253E+00
9.2220E-03  4.1848E+00  3.8250E+00
9.2227E-03  4.1844E+00  3.8246E+00
9.2233E-03  4.1834E+00  3.8235E+00
9.2240E-03  4.1821E+00  3.8223E+00
9.2246E-03  4.1809E+00  3.8210E+00
9.2253E-03  4.1802E+00  3.8203E+00
9.2259E-03  4.1796E+00  3.8197E+00
9.2266E-03  4.1790E+00  3.8191E+00
9.2272E-03  4.1781E+00  3.8182E+00
9.2279E-03  4.1772E+00  3.8173E+00
9.2285E-03  4.1763E+00  3.8164E+00
9.2291E-03  4.1754E+00  3.8156E+00
9.2298E-03  4.1746E+00  3.8147E+00
9.2304E-03  4.1738E+00  3.8139E+00
9.2311E-03  4.1730E+00  3.8132E+00
9.2317E-03  4.1723E+00  3.8124E+00
9.2324E-03  4.1715E+00  3.8117E+00
9.2330E-03  4.1708E+00  3.8109E+00
9.2337E-03  4.1701E+00  3.8102E+00
9.2343E-03  4.1693E+00  3.8095E+00
9.2350E-03  4.1686E+00  3.8087E+00
9.2356E-03  4.1679E+00  3.8080E+00
9.2363E-03  4.1672E+00  3.8073E+00
9.2369E-03  4.1664E+00  3.8066E+00
9.2376E-03  4.1657E+00  3.8058E+00
9.2382E-03  4.1650E+00  3.8051E+00
9.2389E-03  4.1643E+00  3.8044E+00
9.2395E-03  4.1636E+00  3.8037E+00
9.2402E-03  4.1629E+00  3.8030E+00
9.2408E-03  4.1622E+00  3.8023E+00
9.2415E-03  4.1615E+00  3.8016E+00
9.2421E-03  4.1608E+00  3.8009E+00
9.2428E-03  4.1601E+00  3.8002E+00
9.2434E-03  4.1594E+00  3.7995E+00
9.2441E-03  4.1586E+00  3.7988E+00
9.2447E-03  4.1579E+00  3.7980E+00
9.2454E-03  4.1572E+00  3.7973E+00
9.2460E-03  4.1565E+00  3.7966E+00
9.2467E-03  4.1557E+00  3.7959E+00
9.2473E-03  4.1550E+00  3.7951E+00
9.2480E-03  4.1543E+00  3.7944E+00
9.2486E-03  4.1536E+00  3.7937E+00
9.2493E-03  4.1529E+00  3.7930E+00
9.2499E-03  4.1522E+00  3.7923E+00
9.2506E-03  4.1515E+00  3.7916E+00
9.2513E-03  4.1508E+00  3.7909E+00
9.2519E-03  4.1501E+00  3.7902E+00
9.2526E-03  4.1494E+00  3.7895E+00
9.2532E-03  4.1487E+00  3.7888E+00
9.2539E-03  4.1480E+00  3.7881E+00
9.2545E-03  4.1473E+00  3.7874E+00
9.2552E-03  4.1466E+00  3.7867E+00
9.2558E-03  4.1459E+00  3.7860E+00
9.2565E-03  4.1452E+00  3.7853E+00
9.2571E-03  4.1445E+00  3.7846E+00
9.2578E-03  4.1438E+00  3.7839E+00
9.2584E-03  4.1431E+00  3.7832E+00
9.2591E-03  4.1424E+00  3.7825E+00
9.2597E-03  4.1417E+00  3.7818E+00
9.2604E-03  4.1410E+00  3.7811E+00
9.2610E-03  4.1403E+00  3.7804E+00
9.2617E-03  4.1396E+00  3.7797E+00
9.2623E-03  4.1389E+00  3.7790E+00
9.2630E-03  4.1382E+00  3.7783E+00
9.2636E-03  4.1375E+00  3.7777E+00
9.2643E-03  4.1369E+00  3.7770E+00
9.2649E-03  4.1361E+00  3.7762E+00
9.2656E-03  4.1354E+00  3.7755E+00
9.2662E-03  4.1347E+00  3.7748E+00
9.2669E-03  4.1340E+00  3.7741E+00
9.2675E-03  4.1333E+00  3.7734E+00
9.2682E-03  4.1326E+00  3.7727E+00
9.2688E-03  4.1320E+00  3.7721E+00
9.2695E-03  4.1313E+00  3.7714E+00
9.2701E-03  4.1307E+00  3.7708E+00
9.2708E-03  4.1300E+00  3.7701E+00
9.2714E-03  4.1294E+00  3.7695E+00
9.2721E-03  4.1287E+00  3.7688E+00
9.2728E-03  4.1279E+00  3.7680E+00
9.2734E-03  4.1272E+00  3.7673E+00
9.2741E-03  4.1265E+00  3.7666E+00
9.2747E-03  4.1257E+00  3.7658E+00
9.2754E-03  4.1250E+00  3.7651E+00
9.2760E-03  4.1243E+00  3.7644E+00
9.2767E-03  4.1235E+00  3.7637E+00
9.2773E-03  4.1228E+00  3.7629E+00
9.2780E-03  4.1221E+00  3.7622E+00
9.2786E-03  4.1214E+00  3.7615E+00
9.2793E-03  4.1207E+00  3.7608E+00
9.2799E-03  4.1200E+00  3.7601E+00
9.2806E-03  4.1193E+00  3.7594E+00
9.2812E-03  4.1186E+00  3.7588E+00
9.2819E-03  4.1179E+00  3.7581E+00
9.2825E-03  4.1173E+00  3.7574E+00
9.2832E-03  4.1166E+00  3.7567E+00
9.2839E-03  4.1159E+00  3.7560E+00
9.2845E-03  4.1152E+00  3.7553E+00
9.2852E-03  4.1145E+00  3.7546E+00
9.2858E-03  4.1138E+00  3.7539E+00
9.2865E-03  4.1131E+00  3.7532E+00
9.2871E-03  4.1124E+00  3.7525E+00
9.2878E-03  4.1117E+00  3.7518E+00
9.2884E-03  4.1110E+00  3.7511E+00
9.2891E-03  4.1103E+00  3.7504E+00
9.2897E-03  4.1096E+00  3.7497E+00
9.2904E-03  4.1089E+00  3.7491E+00
9.2910E-03  4.1083E+00  3.7484E+00
9.2917E-03  4.1076E+00  3.7477E+00
9.2923E-03  4.1069E+00  3.7470E+00
9.2930E-03  4.1062E+00  3.7463E+00
9.2937E-03  4.1055E+00  3.7456E+00
9.2943E-03  4.1048E+00  3.7449E+00
9.2950E-03  4.1042E+00  3.7443E+00
9.2956E-03  4.1035E+00  3.7436E+00
9.2963E-03  4.1028E+00  3.7429E+00
9.2969E-03  4.1021E+00  3.7422E+00
9.2976E-03  4.1014E+00  3.7415E+00
9.2982E-03  4.1007E+00  3.7408E+00
9.2989E-03  4.1000E+00  3.7401E+00
9.2995E-03  4.0994E+00  3.7395E+00
9.3002E-03  4.0987E+00  3.7388E+00
9.3008E-03  4.0981E+00  3.7382E+00
9.3015E-03  4.0974E+00  3.7375E+00
9.3022E-03  4.0967E+00  3.7368E+00
9.3028E-03  4.0960E+00  3.7361E+00
9.3035E-03  4.0953E+00  3.7354E+00
9.3041E-03  4.0946E+00  3.7347E+00
9.3048E-03  4.0939E+00  3.7340E+00
9.3054E-03  4.0932E+00  3.7333E+00
9.3061E-03  4.0925E+00  3.7326E+00
9.3067E-03  4.0918E+00  3.7319E+00
9.3074E-03  4.0911E+00  3.7312E+00
9.3080E-03  4.0904E+00  3.7305E+00
9.3087E-03  4.0897E+00  3.7298E+00
9.3094E-03  4.0890E+00  3.7291E+00
9.3100E-03  4.0884E+00  3.7285E+00
9.3107E-03  4.0877E+00  3.7278E+00
9.3113E-03  4.0870E+00  3.7271E+00
9.3120E-03  4.0863E+00  3.7264E+00
9.3126E-03  4.0856E+00  3.7257E+00
9.3133E-03  4.0849E+00  3.7250E+00
9.3139E-03  4.0842E+00  3.7243E+00
9.3146E-03  4.0835E+00  3.7236E+00
9.3153E-03  4.0828E+00  3.7229E+00
9.3159E-03  4.0821E+00  3.7222E+00
9.3166E-03  4.0814E+00  3.7215E+00
9.3172E-03  4.0808E+00  3.7209E+00
9.3179E-03  4.0801E+00  3.7202E+00
9.3185E-03  4.0794E+00  3.7195E+00
9.3192E-03  4.0787E+00  3.7188E+00
9.3198E-03  4.0780E+00  3.7181E+00
9.3205E-03  4.0773E+00  3.7174E+00
9.3212E-03  4.0767E+00  3.7168E+00
9.3218E-03  4.0760E+00  3.7161E+00
9.3225E-03  4.0753E+00  3.7154E+00
9.3231E-03  4.0746E+00  3.7147E+00
9.3238E-03  4.0739E+00  3.7140E+00
9.3244E-03  4.0732E+00  3.7133E+00
9.3251E-03  4.0726E+00  3.7127E+00
9.3257E-03  4.0719E+00  3.7120E+00
9.3264E-03  4.0712E+00  3.7113E+00
9.3271E-03  4.0705E+00  3.7106E+00
9.3277E-03  4.0699E+00  3.7100E+00
9.3284E-03  4.0692E+00  3.7093E+00
9.3290E-03  4.0685E+00  3.7086E+00
9.3297E-03  4.0678E+00  3.7079E+00
9.3303E-03  4.0672E+00  3.7073E+00
9.3310E-03  4.0666E+00  3.7067E+00
9.3317E-03  4.0659E+00  3.7060E+00
9.3323E-03  4.0652E+00  3.7053E+00
9.3330E-03  4.0645E+00  3.7046E+00
9.3336E-03  4.0638E+00  3.7039E+00
9.3343E-03  4.0631E+00  3.7032E+00
9.3349E-03  4.0624E+00  3.7025E+00
9.3356E-03  4.0617E+00  3.7018E+00
9.3362E-03  4.0610E+00  3.7011E+00
9.3369E-03  4.0603E+00  3.7004E+00
9.3376E-03  4.0597E+00  3.6998E+00
9.3382E-03  4.0590E+00  3.6991E+00
9.3389E-03  4.0583E+00  3.6984E+00
9.3395E-03  4.0577E+00  3.6977E+00
9.3402E-03  4.0570E+00  3.6971E+00
9.3408E-03  4.0563E+00  3.6964E+00
9.3415E-03  4.0557E+00  3.6958E+00
9.3422E-03  4.0551E+00  3.6952E+00
9.3428E-03  4.0545E+00  3.6946E+00
9.3435E-03  4.0545E+00  3.6945E+00
9.3441E-03  4.0544E+00  3.6945E+00
9.3448E-03  4.0541E+00  3.6942E+00
9.3454E-03  4.0529E+00  3.6930E+00
9.3461E-03  4.0517E+00  3.6918E+00
9.3468E-03  4.0506E+00  3.6907E+00
9.3474E-03  4.0500E+00  3.6901E+00
9.3481E-03  4.0494E+00  3.6894E+00
9.3487E-03  4.0537E+00  3.6938E+00
9.3494E-03  4.0635E+00  3.7036E+00
9.3501E-03  4.0731E+00  3.7132E+00
9.3507E-03  4.0698E+00  3.7099E+00
9.3514E-03  4.0585E+00  3.6986E+00
9.3520E-03  4.0477E+00  3.6878E+00
9.3527E-03  4.0443E+00  3.6844E+00
9.3533E-03  4.0436E+00  3.6837E+00
9.3540E-03  4.0429E+00  3.6830E+00
9.3547E-03  4.0422E+00  3.6823E+00
9.3553E-03  4.0416E+00  3.6816E+00
9.3560E-03  4.0409E+00  3.6810E+00
9.3566E-03  4.0402E+00  3.6803E+00
9.3573E-03  4.0396E+00  3.6797E+00
9.3580E-03  4.0390E+00  3.6791E+00
9.3586E-03  4.0384E+00  3.6784E+00
9.3593E-03  4.0378E+00  3.6778E+00
9.3599E-03  4.0372E+00  3.6773E+00
9.3606E-03  4.0367E+00  3.6767E+00
9.3612E-03  4.0361E+00  3.6762E+00
9.3619E-03  4.0361E+00  3.6762E+00
9.3626E-03  4.0364E+00  3.6765E+00
9.3632E-03  4.0369E+00  3.6770E+00
9.3639E-03  4.0444E+00  3.6845E+00
9.3645E-03  4.0553E+00  3.6954E+00
9.3652E-03  4.0648E+00  3.7049E+00
9.3659E-03  4.0571E+00  3.6972E+00
9.3665E-03  4.0443E+00  3.6844E+00
9.3672E-03  4.0330E+00  3.6731E+00
9.3678E-03  4.0304E+00  3.6705E+00
9.3685E-03  4.0292E+00  3.6693E+00
9.3691E-03  4.0282E+00  3.6682E+00
9.3698E-03  4.0274E+00  3.6675E+00
9.3705E-03  4.0268E+00  3.6668E+00
9.3711E-03  4.0262E+00  3.6663E+00
9.3718E-03  4.0260E+00  3.6661E+00
9.3724E-03  4.0259E+00  3.6660E+00
9.3731E-03  4.0305E+00  3.6706E+00
9.3738E-03  4.0407E+00  3.6808E+00
9.3744E-03  4.0507E+00  3.6907E+00
9.3751E-03  4.0473E+00  3.6874E+00
9.3757E-03  4.0357E+00  3.6757E+00
9.3764E-03  4.0244E+00  3.6645E+00
9.3771E-03  4.0206E+00  3.6607E+00
9.3777E-03  4.0195E+00  3.6596E+00
9.3784E-03  4.0185E+00  3.6586E+00
9.3790E-03  4.0177E+00  3.6578E+00
9.3797E-03  4.0169E+00  3.6570E+00
9.3804E-03  4.0162E+00  3.6563E+00
9.3810E-03  4.0156E+00  3.6556E+00
9.3817E-03  4.0149E+00  3.6550E+00
9.3823E-03  4.0149E+00  3.6549E+00
9.3830E-03  4.0162E+00  3.6563E+00
9.3837E-03  4.0177E+00  3.6578E+00
9.3843E-03  4.0173E+00  3.6574E+00
9.3850E-03  4.0145E+00  3.6546E+00
9.3856E-03  4.0117E+00  3.6517E+00
9.3863E-03  4.0101E+00  3.6501E+00
9.3870E-03  4.0094E+00  3.6495E+00
9.3876E-03  4.0087E+00  3.6488E+00
9.3883E-03  4.0080E+00  3.6481E+00
9.3889E-03  4.0073E+00  3.6474E+00
9.3896E-03  4.0067E+00  3.6467E+00
9.3903E-03  4.0060E+00  3.6461E+00
9.3909E-03  4.0053E+00  3.6454E+00
9.3916E-03  4.0047E+00  3.6447E+00
9.3922E-03  4.0040E+00  3.6441E+00
9.3929E-03  4.0034E+00  3.6434E+00
9.3936E-03  4.0044E+00  3.6444E+00
9.3942E-03  4.0097E+00  3.6498E+00
9.3949E-03  4.0153E+00  3.6554E+00
9.3956E-03  4.0160E+00  3.6561E+00
9.3962E-03  4.0092E+00  3.6493E+00
9.3969E-03  4.0024E+00  3.6425E+00
9.3975E-03  3.9990E+00  3.6391E+00
9.3982E-03  3.9983E+00  3.6384E+00
9.3989E-03  4.0051E+00  3.6453E+00
9.3995E-03  4.2202E+00  3.8662E+00
9.4002E-03  4.5392E+00  4.1849E+00
9.4008E-03  4.8150E+00  4.4567E+00
9.4015E-03  4.6127E+00  4.2584E+00
9.4022E-03  4.2923E+00  3.9383E+00
9.4028E-03  4.0253E+00  3.6663E+00
9.4035E-03  3.9929E+00  3.6330E+00
9.4041E-03  3.9923E+00  3.6323E+00
9.4048E-03  3.9917E+00  3.6317E+00
9.4055E-03  3.9912E+00  3.6313E+00
9.4061E-03  3.9907E+00  3.6308E+00
9.4068E-03  3.9901E+00  3.6302E+00
9.4075E-03  3.9894E+00  3.6294E+00
9.4081E-03  3.9886E+00  3.6287E+00
9.4088E-03  3.9941E+00  3.6342E+00
9.4094E-03  4.0048E+00  3.6448E+00
9.4101E-03  4.0149E+00  3.6550E+00
9.4108E-03  4.0100E+00  3.6501E+00
9.4114E-03  3.9982E+00  3.6383E+00
9.4121E-03  3.9872E+00  3.6273E+00
9.4128E-03  3.9844E+00  3.6244E+00
9.4134E-03  3.9836E+00  3.6237E+00
9.4141E-03  3.9828E+00  3.6229E+00
9.4147E-03  3.9821E+00  3.6222E+00
9.4154E-03  3.9815E+00  3.6215E+00
9.4161E-03  3.9808E+00  3.6209E+00
9.4167E-03  3.9804E+00  3.6204E+00
9.4174E-03  3.9799E+00  3.6200E+00
9.4181E-03  3.9793E+00  3.6194E+00
9.4187E-03  3.9785E+00  3.6186E+00
9.4194E-03  3.9778E+00  3.6178E+00
9.4200E-03  3.9771E+00  3.6171E+00
9.4207E-03  3.9765E+00  3.6166E+00
9.4214E-03  3.9759E+00  3.6160E+00
9.4220E-03  3.9752E+00  3.6153E+00
9.4227E-03  3.9745E+00  3.6146E+00
9.4234E-03  3.9738E+00  3.6139E+00
9.4240E-03  3.9733E+00  3.6134E+00
9.4247E-03  3.9728E+00  3.6129E+00
9.4253E-03  3.9722E+00  3.6123E+00
9.4260E-03  3.9715E+00  3.6116E+00
9.4267E-03  3.9708E+00  3.6109E+00
9.4273E-03  3.9701E+00  3.6101E+00
9.4280E-03  3.9694E+00  3.6095E+00
9.4287E-03  3.9687E+00  3.6088E+00
9.4293E-03  3.9681E+00  3.6082E+00
9.4300E-03  3.9675E+00  3.6075E+00
9.4307E-03  3.9668E+00  3.6069E+00
9.4313E-03  3.9662E+00  3.6063E+00
9.4320E-03  3.9656E+00  3.6056E+00
9.4326E-03  3.9649E+00  3.6050E+00
9.4333E-03  3.9643E+00  3.6044E+00
9.4340E-03  3.9637E+00  3.6038E+00
9.4346E-03  3.9631E+00  3.6032E+00
9.4353E-03  3.9626E+00  3.6026E+00
9.4360E-03  3.9620E+00  3.6021E+00
9.4366E-03  3.9614E+00  3.6015E+00
9.4373E-03  3.9607E+00  3.6008E+00
9.4380E-03  3.9600E+00  3.6000E+00
9.4386E-03  3.9593E+00  3.5993E+00
9.4393E-03  3.9586E+00  3.5987E+00
9.4399E-03  3.9580E+00  3.5981E+00
9.4406E-03  3.9577E+00  3.5977E+00
9.4413E-03  3.9576E+00  3.5977E+00
9.4419E-03  3.9576E+00  3.5976E+00
9.4426E-03  3.9568E+00  3.5969E+00
9.4433E-03  3.9556E+00  3.5956E+00
9.4439E-03  3.9544E+00  3.5944E+00
9.4446E-03  3.9536E+00  3.5937E+00
9.4453E-03  3.9530E+00  3.5931E+00
9.4459E-03  3.9524E+00  3.5924E+00
9.4466E-03  3.9517E+00  3.5918E+00
9.4473E-03  3.9511E+00  3.5912E+00
9.4479E-03  3.9505E+00  3.5906E+00
9.4486E-03  3.9499E+00  3.5899E+00
9.4492E-03  3.9492E+00  3.5893E+00
9.4499E-03  3.9486E+00  3.5887E+00
9.4506E-03  3.9480E+00  3.5881E+00
9.4512E-03  3.9474E+00  3.5875E+00
9.4519E-03  3.9468E+00  3.5868E+00
9.4526E-03  3.9461E+00  3.5862E+00
9.4532E-03  3.9455E+00  3.5856E+00
9.4539E-03  3.9449E+00  3.5850E+00
9.4546E-03  3.9443E+00  3.5843E+00
9.4552E-03  3.9437E+00  3.5837E+00
9.4559E-03  3.9432E+00  3.5833E+00
9.4566E-03  3.9428E+00  3.5829E+00
9.4572E-03  3.9424E+00  3.5824E+00
9.4579E-03  3.9417E+00  3.5818E+00
9.4586E-03  3.9410E+00  3.5811E+00
9.4592E-03  3.9403E+00  3.5804E+00
9.4599E-03  3.9395E+00  3.5796E+00
9.4606E-03  3.9388E+00  3.5788E+00
9.4612E-03  3.9381E+00  3.5781E+00
9.4619E-03  3.9375E+00  3.5775E+00
9.4626E-03  3.9368E+00  3.5769E+00
9.4632E-03  3.9362E+00  3.5763E+00
9.4639E-03  3.9356E+00  3.5757E+00
9.4645E-03  3.9350E+00  3.5751E+00
9.4652E-03  3.9344E+00  3.5745E+00
9.4659E-03  3.9338E+00  3.5738E+00
9.4665E-03  3.9332E+00  3.5733E+00
9.4672E-03  3.9330E+00  3.5731E+00
9.4679E-03  3.9329E+00  3.5730E+00
9.4685E-03  3.9326E+00  3.5726E+00
9.4692E-03  3.9315E+00  3.5716E+00
9.4699E-03  3.9304E+00  3.5705E+00
9.4705E-03  3.9295E+00  3.5696E+00
9.4712E-03  3.9289E+00  3.5690E+00
9.4719E-03  3.9283E+00  3.5684E+00
9.4725E-03  3.9317E+00  3.5718E+00
9.4732E-03  3.9383E+00  3.5784E+00
9.4739E-03  3.9445E+00  3.5845E+00
9.4745E-03  3.9407E+00  3.5808E+00
9.4752E-03  3.9329E+00  3.5730E+00
9.4759E-03  3.9258E+00  3.5659E+00
9.4765E-03  3.9241E+00  3.5641E+00
9.4772E-03  3.9234E+00  3.5635E+00
9.4779E-03  3.9228E+00  3.5628E+00
9.4785E-03  3.9222E+00  3.5622E+00
9.4792E-03  3.9215E+00  3.5616E+00
9.4799E-03  3.9209E+00  3.5610E+00
9.4805E-03  3.9203E+00  3.5604E+00
9.4812E-03  3.9197E+00  3.5598E+00
9.4819E-03  3.9195E+00  3.5596E+00
9.4825E-03  3.9198E+00  3.5598E+00
9.4832E-03  3.9200E+00  3.5600E+00
9.4839E-03  3.9191E+00  3.5592E+00
9.4845E-03  3.9177E+00  3.5577E+00
9.4852E-03  3.9163E+00  3.5564E+00
9.4859E-03  3.9156E+00  3.5556E+00
9.4865E-03  3.9150E+00  3.5551E+00
9.4872E-03  3.9145E+00  3.5545E+00
9.4879E-03  3.9140E+00  3.5541E+00
9.4885E-03  3.9136E+00  3.5537E+00
9.4892E-03  3.9132E+00  3.5532E+00
9.4899E-03  3.9127E+00  3.5528E+00
9.4906E-03  3.9122E+00  3.5523E+00
9.4912E-03  3.9124E+00  3.5524E+00
9.4919E-03  3.9133E+00  3.5533E+00
9.4926E-03  3.9142E+00  3.5542E+00
9.4932E-03  3.9157E+00  3.5558E+00
9.4939E-03  3.9176E+00  3.5577E+00
9.4946E-03  3.9192E+00  3.5592E+00
9.4952E-03  3.9161E+00  3.5562E+00
9.4959E-03  3.9117E+00  3.5518E+00
9.4966E-03  3.9078E+00  3.5479E+00
9.4972E-03  3.9065E+00  3.5466E+00
9.4979E-03  3.9056E+00  3.5456E+00
9.4986E-03  3.9047E+00  3.5448E+00
9.4992E-03  3.9041E+00  3.5442E+00
9.4999E-03  3.9036E+00  3.5436E+00
9.5006E-03  3.9033E+00  3.5434E+00
9.5012E-03  3.9035E+00  3.5436E+00
9.5019E-03  3.9038E+00  3.5438E+00
9.5026E-03  3.9050E+00  3.5451E+00
9.5032E-03  3.9070E+00  3.5470E+00