Number of T =   1  Number of rho =   1  Number of materials =   9
TOPS results for  phLine1T1       on Sep 19, 2026
Opacities in cm**2/gm, T in keV, density in gm/cc
Normalized composition for requested elements
No. Fraction Mass Fraction  At. No.  Chem. Sym.  Mat ID.
9.7044E-01   8.8941E-01      1         H         4525
2.9297E-02   1.0664E-01      2         He        4675
2.4325E-06   2.6953E-05      6         C         4387
1.1017E-04   1.4030E-03      7         N         4005
8.3156E-05   1.2116E-03      8         O         4105
2.5313E-09   4.3732E-08      9         F         4405
2.2228E-05   4.0413E-04     10         Ne        4145
4.1339E-05   9.0165E-04     12         Mg        4682
2.1699E-07   7.8856E-06     20         Ca        2302
Temperature grid used the following   1 points
2.0000E-03
Density grid used the following   1 points
1.9163E-09
Photon grid used the following 999 points
8.2576E-03  8.2582E-03  8.2588E-03  8.2594E-03  8.2600E-03  8.2605E-03
8.2611E-03  8.2617E-03  8.2623E-03  8.2629E-03  8.2635E-03  8.2640E-03
8.2646E-03  8.2652E-03  8.2658E-03  8.2664E-03  8.2669E-03  8.2675E-03
8.2681E-03  8.2687E-03  8.2693E-03  8.2699E-03  8.2704E-03  8.2710E-03
8.2716E-03  8.2722E-03  8.2728E-03  8.2733E-03  8.2739E-03  8.2745E-03
8.2751E-03  8.2757E-03  8.2763E-03  8.2768E-03  8.2774E-03  8.2780E-03
8.2786E-03  8.2792E-03  8.2797E-03  8.2803E-03  8.2809E-03  8.2815E-03
8.2821E-03  8.2827E-03  8.2832E-03  8.2838E-03  8.2844E-03  8.2850E-03
8.2856E-03  8.2862E-03  8.2867E-03  8.2873E-03  8.2879E-03  8.2885E-03
8.2891E-03  8.2897E-03  8.2902E-03  8.2908E-03  8.2914E-03  8.2920E-03
8.2926E-03  8.2932E-03  8.2937E-03  8.2943E-03  8.2949E-03  8.2955E-03
8.2961E-03  8.2967E-03  8.2972E-03  8.2978E-03  8.2984E-03  8.2990E-03
8.2996E-03  8.3002E-03  8.3007E-03  8.3013E-03  8.3019E-03  8.3025E-03
8.3031E-03  8.3037E-03  8.3042E-03  8.3048E-03  8.3054E-03  8.3060E-03
8.3066E-03  8.3072E-03  8.3078E-03  8.3083E-03  8.3089E-03  8.3095E-03
8.3101E-03  8.3107E-03  8.3113E-03  8.3118E-03  8.3124E-03  8.3130E-03
8.3136E-03  8.3142E-03  8.3148E-03  8.3154E-03  8.3159E-03  8.3165E-03
8.3171E-03  8.3177E-03  8.3183E-03  8.3189E-03  8.3195E-03  8.3200E-03
8.3206E-03  8.3212E-03  8.3218E-03  8.3224E-03  8.3230E-03  8.3236E-03
8.3241E-03  8.3247E-03  8.3253E-03  8.3259E-03  8.3265E-03  8.3271E-03
8.3277E-03  8.3282E-03  8.3288E-03  8.3294E-03  8.3300E-03  8.3306E-03
8.3312E-03  8.3318E-03  8.3323E-03  8.3329E-03  8.3335E-03  8.3341E-03
8.3347E-03  8.3353E-03  8.3359E-03  8.3364E-03  8.3370E-03  8.3376E-03
8.3382E-03  8.3388E-03  8.3394E-03  8.3400E-03  8.3405E-03  8.3411E-03
8.3417E-03  8.3423E-03  8.3429E-03  8.3435E-03  8.3441E-03  8.3447E-03
8.3452E-03  8.3458E-03  8.3464E-03  8.3470E-03  8.3476E-03  8.3482E-03
8.3488E-03  8.3494E-03  8.3499E-03  8.3505E-03  8.3511E-03  8.3517E-03
8.3523E-03  8.3529E-03  8.3535E-03  8.3541E-03  8.3546E-03  8.3552E-03
8.3558E-03  8.3564E-03  8.3570E-03  8.3576E-03  8.3582E-03  8.3588E-03
8.3593E-03  8.3599E-03  8.3605E-03  8.3611E-03  8.3617E-03  8.3623E-03
8.3629E-03  8.3635E-03  8.3641E-03  8.3646E-03  8.3652E-03  8.3658E-03
8.3664E-03  8.3670E-03  8.3676E-03  8.3682E-03  8.3688E-03  8.3694E-03
8.3699E-03  8.3705E-03  8.3711E-03  8.3717E-03  8.3723E-03  8.3729E-03
8.3735E-03  8.3741E-03  8.3747E-03  8.3752E-03  8.3758E-03  8.3764E-03
8.3770E-03  8.3776E-03  8.3782E-03  8.3788E-03  8.3794E-03  8.3800E-03
8.3805E-03  8.3811E-03  8.3817E-03  8.3823E-03  8.3829E-03  8.3835E-03
8.3841E-03  8.3847E-03  8.3853E-03  8.3859E-03  8.3864E-03  8.3870E-03
8.3876E-03  8.3882E-03  8.3888E-03  8.3894E-03  8.3900E-03  8.3906E-03
8.3912E-03  8.3918E-03  8.3923E-03  8.3929E-03  8.3935E-03  8.3941E-03
8.3947E-03  8.3953E-03  8.3959E-03  8.3965E-03  8.3971E-03  8.3977E-03
8.3983E-03  8.3988E-03  8.3994E-03  8.4000E-03  8.4006E-03  8.4012E-03
8.4018E-03  8.4024E-03  8.4030E-03  8.4036E-03  8.4042E-03  8.4048E-03
8.4053E-03  8.4059E-03  8.4065E-03  8.4071E-03  8.4077E-03  8.4083E-03
8.4089E-03  8.4095E-03  8.4101E-03  8.4107E-03  8.4113E-03  8.4119E-03
8.4124E-03  8.4130E-03  8.4136E-03  8.4142E-03  8.4148E-03  8.4154E-03
8.4160E-03  8.4166E-03  8.4172E-03  8.4178E-03  8.4184E-03  8.4190E-03
8.4196E-03  8.4201E-03  8.4207E-03  8.4213E-03  8.4219E-03  8.4225E-03
8.4231E-03  8.4237E-03  8.4243E-03  8.4249E-03  8.4255E-03  8.4261E-03
8.4267E-03  8.4273E-03  8.4278E-03  8.4284E-03  8.4290E-03  8.4296E-03
8.4302E-03  8.4308E-03  8.4314E-03  8.4320E-03  8.4326E-03  8.4332E-03
8.4338E-03  8.4344E-03  8.4350E-03  8.4356E-03  8.4362E-03  8.4367E-03
8.4373E-03  8.4379E-03  8.4385E-03  8.4391E-03  8.4397E-03  8.4403E-03
8.4409E-03  8.4415E-03  8.4421E-03  8.4427E-03  8.4433E-03  8.4439E-03
8.4445E-03  8.4451E-03  8.4457E-03  8.4462E-03  8.4468E-03  8.4474E-03
8.4480E-03  8.4486E-03  8.4492E-03  8.4498E-03  8.4504E-03  8.4510E-03
8.4516E-03  8.4522E-03  8.4528E-03  8.4534E-03  8.4540E-03  8.4546E-03
8.4552E-03  8.4558E-03  8.4564E-03  8.4570E-03  8.4575E-03  8.4581E-03
8.4587E-03  8.4593E-03  8.4599E-03  8.4605E-03  8.4611E-03  8.4617E-03
8.4623E-03  8.4629E-03  8.4635E-03  8.4641E-03  8.4647E-03  8.4653E-03
8.4659E-03  8.4665E-03  8.4671E-03  8.4677E-03  8.4683E-03  8.4689E-03
8.4695E-03  8.4701E-03  8.4706E-03  8.4712E-03  8.4718E-03  8.4724E-03
8.4730E-03  8.4736E-03  8.4742E-03  8.4748E-03  8.4754E-03  8.4760E-03
8.4766E-03  8.4772E-03  8.4778E-03  8.4784E-03  8.4790E-03  8.4796E-03
8.4802E-03  8.4808E-03  8.4814E-03  8.4820E-03  8.4826E-03  8.4832E-03
8.4838E-03  8.4844E-03  8.4850E-03  8.4856E-03  8.4862E-03  8.4868E-03
8.4873E-03  8.4879E-03  8.4885E-03  8.4891E-03  8.4897E-03  8.4903E-03
8.4909E-03  8.4915E-03  8.4921E-03  8.4927E-03  8.4933E-03  8.4939E-03
8.4945E-03  8.4951E-03  8.4957E-03  8.4963E-03  8.4969E-03  8.4975E-03
8.4981E-03  8.4987E-03  8.4993E-03  8.4999E-03  8.5005E-03  8.5011E-03
8.5017E-03  8.5023E-03  8.5029E-03  8.5035E-03  8.5041E-03  8.5047E-03
8.5053E-03  8.5059E-03  8.5065E-03  8.5071E-03  8.5077E-03  8.5083E-03
8.5089E-03  8.5095E-03  8.5101E-03  8.5107E-03  8.5113E-03  8.5119E-03
8.5125E-03  8.5131E-03  8.5137E-03  8.5143E-03  8.5149E-03  8.5155E-03
8.5161E-03  8.5167E-03  8.5173E-03  8.5179E-03  8.5185E-03  8.5191E-03
8.5197E-03  8.5203E-03  8.5209E-03  8.5215E-03  8.5221E-03  8.5227E-03
8.5233E-03  8.5239E-03  8.5245E-03  8.5250E-03  8.5256E-03  8.5262E-03
8.5268E-03  8.5274E-03  8.5280E-03  8.5286E-03  8.5292E-03  8.5298E-03
8.5304E-03  8.5310E-03  8.5316E-03  8.5322E-03  8.5329E-03  8.5335E-03
8.5341E-03  8.5347E-03  8.5353E-03  8.5359E-03  8.5365E-03  8.5371E-03
8.5377E-03  8.5383E-03  8.5389E-03  8.5395E-03  8.5401E-03  8.5407E-03
8.5413E-03  8.5419E-03  8.5425E-03  8.5431E-03  8.5437E-03  8.5443E-03
8.5449E-03  8.5455E-03  8.5461E-03  8.5467E-03  8.5473E-03  8.5479E-03
8.5485E-03  8.5491E-03  8.5497E-03  8.5503E-03  8.5509E-03  8.5515E-03
8.5521E-03  8.5527E-03  8.5533E-03  8.5539E-03  8.5545E-03  8.5551E-03
8.5557E-03  8.5563E-03  8.5569E-03  8.5575E-03  8.5581E-03  8.5587E-03
8.5593E-03  8.5599E-03  8.5605E-03  8.5611E-03  8.5617E-03  8.5623E-03
8.5629E-03  8.5635E-03  8.5641E-03  8.5647E-03  8.5653E-03  8.5659E-03
8.5665E-03  8.5671E-03  8.5677E-03  8.5683E-03  8.5689E-03  8.5695E-03
8.5702E-03  8.5708E-03  8.5714E-03  8.5720E-03  8.5726E-03  8.5732E-03
8.5738E-03  8.5744E-03  8.5750E-03  8.5756E-03  8.5762E-03  8.5768E-03
8.5774E-03  8.5780E-03  8.5786E-03  8.5792E-03  8.5798E-03  8.5804E-03
8.5810E-03  8.5816E-03  8.5822E-03  8.5828E-03  8.5834E-03  8.5840E-03
8.5846E-03  8.5852E-03  8.5858E-03  8.5864E-03  8.5870E-03  8.5877E-03
8.5883E-03  8.5889E-03  8.5895E-03  8.5901E-03  8.5907E-03  8.5913E-03
8.5919E-03  8.5925E-03  8.5931E-03  8.5937E-03  8.5943E-03  8.5949E-03
8.5955E-03  8.5961E-03  8.5967E-03  8.5973E-03  8.5979E-03  8.5985E-03
8.5991E-03  8.5997E-03  8.6004E-03  8.6010E-03  8.6016E-03  8.6022E-03
8.6028E-03  8.6034E-03  8.6040E-03  8.6046E-03  8.6052E-03  8.6058E-03
8.6064E-03  8.6070E-03  8.6076E-03  8.6082E-03  8.6088E-03  8.6094E-03
8.6100E-03  8.6106E-03  8.6112E-03  8.6119E-03  8.6125E-03  8.6131E-03
8.6137E-03  8.6143E-03  8.6149E-03  8.6155E-03  8.6161E-03  8.6167E-03
8.6173E-03  8.6179E-03  8.6185E-03  8.6191E-03  8.6197E-03  8.6203E-03
8.6209E-03  8.6216E-03  8.6222E-03  8.6228E-03  8.6234E-03  8.6240E-03
8.6246E-03  8.6252E-03  8.6258E-03  8.6264E-03  8.6270E-03  8.6276E-03
8.6282E-03  8.6288E-03  8.6294E-03  8.6300E-03  8.6307E-03  8.6313E-03
8.6319E-03  8.6325E-03  8.6331E-03  8.6337E-03  8.6343E-03  8.6349E-03
8.6355E-03  8.6361E-03  8.6367E-03  8.6373E-03  8.6379E-03  8.6386E-03
8.6392E-03  8.6398E-03  8.6404E-03  8.6410E-03  8.6416E-03  8.6422E-03
8.6428E-03  8.6434E-03  8.6440E-03  8.6446E-03  8.6452E-03  8.6458E-03
8.6465E-03  8.6471E-03  8.6477E-03  8.6483E-03  8.6489E-03  8.6495E-03
8.6501E-03  8.6507E-03  8.6513E-03  8.6519E-03  8.6525E-03  8.6532E-03
8.6538E-03  8.6544E-03  8.6550E-03  8.6556E-03  8.6562E-03  8.6568E-03
8.6574E-03  8.6580E-03  8.6586E-03  8.6592E-03  8.6599E-03  8.6605E-03
8.6611E-03  8.6617E-03  8.6623E-03  8.6629E-03  8.6635E-03  8.6641E-03
8.6647E-03  8.6653E-03  8.6659E-03  8.6666E-03  8.6672E-03  8.6678E-03
8.6684E-03  8.6690E-03  8.6696E-03  8.6702E-03  8.6708E-03  8.6714E-03
8.6720E-03  8.6727E-03  8.6733E-03  8.6739E-03  8.6745E-03  8.6751E-03
8.6757E-03  8.6763E-03  8.6769E-03  8.6775E-03  8.6781E-03  8.6788E-03
8.6794E-03  8.6800E-03  8.6806E-03  8.6812E-03  8.6818E-03  8.6824E-03
8.6830E-03  8.6836E-03  8.6843E-03  8.6849E-03  8.6855E-03  8.6861E-03
8.6867E-03  8.6873E-03  8.6879E-03  8.6885E-03  8.6891E-03  8.6898E-03
8.6904E-03  8.6910E-03  8.6916E-03  8.6922E-03  8.6928E-03  8.6934E-03
8.6940E-03  8.6946E-03  8.6953E-03  8.6959E-03  8.6965E-03  8.6971E-03
8.6977E-03  8.6983E-03  8.6989E-03  8.6995E-03  8.7002E-03  8.7008E-03
8.7014E-03  8.7020E-03  8.7026E-03  8.7032E-03  8.7038E-03  8.7044E-03
8.7051E-03  8.7057E-03  8.7063E-03  8.7069E-03  8.7075E-03  8.7081E-03
8.7087E-03  8.7093E-03  8.7100E-03  8.7106E-03  8.7112E-03  8.7118E-03
8.7124E-03  8.7130E-03  8.7136E-03  8.7142E-03  8.7149E-03  8.7155E-03
8.7161E-03  8.7167E-03  8.7173E-03  8.7179E-03  8.7185E-03  8.7191E-03
8.7198E-03  8.7204E-03  8.7210E-03  8.7216E-03  8.7222E-03  8.7228E-03
8.7234E-03  8.7241E-03  8.7247E-03  8.7253E-03  8.7259E-03  8.7265E-03
8.7271E-03  8.7277E-03  8.7284E-03  8.7290E-03  8.7296E-03  8.7302E-03
8.7308E-03  8.7314E-03  8.7320E-03  8.7327E-03  8.7333E-03  8.7339E-03
8.7345E-03  8.7351E-03  8.7357E-03  8.7363E-03  8.7370E-03  8.7376E-03
8.7382E-03  8.7388E-03  8.7394E-03  8.7400E-03  8.7406E-03  8.7413E-03
8.7419E-03  8.7425E-03  8.7431E-03  8.7437E-03  8.7443E-03  8.7450E-03
8.7456E-03  8.7462E-03  8.7468E-03  8.7474E-03  8.7480E-03  8.7486E-03
8.7493E-03  8.7499E-03  8.7505E-03  8.7511E-03  8.7517E-03  8.7523E-03
8.7530E-03  8.7536E-03  8.7542E-03  8.7548E-03  8.7554E-03  8.7560E-03
8.7566E-03  8.7573E-03  8.7579E-03  8.7585E-03  8.7591E-03  8.7597E-03
8.7603E-03  8.7610E-03  8.7616E-03  8.7622E-03  8.7628E-03  8.7634E-03
8.7640E-03  8.7647E-03  8.7653E-03  8.7659E-03  8.7665E-03  8.7671E-03
8.7677E-03  8.7684E-03  8.7690E-03  8.7696E-03  8.7702E-03  8.7708E-03
8.7714E-03  8.7721E-03  8.7727E-03  8.7733E-03  8.7739E-03  8.7745E-03
8.7751E-03  8.7758E-03  8.7764E-03  8.7770E-03  8.7776E-03  8.7782E-03
8.7789E-03  8.7795E-03  8.7801E-03  8.7807E-03  8.7813E-03  8.7819E-03
8.7826E-03  8.7832E-03  8.7838E-03  8.7844E-03  8.7850E-03  8.7857E-03
8.7863E-03  8.7869E-03  8.7875E-03  8.7881E-03  8.7887E-03  8.7894E-03
8.7900E-03  8.7906E-03  8.7912E-03  8.7918E-03  8.7925E-03  8.7931E-03
8.7937E-03  8.7943E-03  8.7949E-03  8.7955E-03  8.7962E-03  8.7968E-03
8.7974E-03  8.7980E-03  8.7986E-03  8.7993E-03  8.7999E-03  8.8005E-03
8.8011E-03  8.8017E-03  8.8024E-03  8.8030E-03  8.8036E-03  8.8042E-03
8.8048E-03  8.8055E-03  8.8061E-03  8.8067E-03  8.8073E-03  8.8079E-03
8.8086E-03  8.8092E-03  8.8098E-03  8.8104E-03  8.8110E-03  8.8116E-03
8.8123E-03  8.8129E-03  8.8135E-03  8.8141E-03  8.8147E-03  8.8154E-03
8.8160E-03  8.8166E-03  8.8172E-03  8.8179E-03  8.8185E-03  8.8191E-03
8.8197E-03  8.8203E-03  8.8210E-03  8.8216E-03  8.8222E-03  8.8228E-03
8.8234E-03  8.8241E-03  8.8247E-03  8.8253E-03  8.8259E-03  8.8265E-03
8.8272E-03  8.8278E-03  8.8284E-03  8.8290E-03  8.8296E-03  8.8303E-03
8.8309E-03  8.8315E-03  8.8321E-03  8.8328E-03  8.8334E-03  8.8340E-03
8.8346E-03  8.8352E-03  8.8359E-03  8.8365E-03  8.8371E-03  8.8377E-03
8.8383E-03  8.8390E-03  8.8396E-03  8.8402E-03  8.8408E-03  8.8415E-03
8.8421E-03  8.8427E-03  8.8433E-03  8.8439E-03  8.8446E-03  8.8452E-03
8.8458E-03  8.8464E-03  8.8471E-03  8.8477E-03  8.8483E-03  8.8489E-03
8.8495E-03  8.8502E-03  8.8508E-03  8.8514E-03  8.8520E-03  8.8527E-03
8.8533E-03  8.8539E-03  8.8545E-03  8.8552E-03  8.8558E-03  8.8564E-03
8.8570E-03  8.8576E-03  8.8583E-03
Rosseland and Planck opacities and free electrons
Density     Ross opa    Planck opa  No. Free    Av Sq Free  T=  2.0000E-03
1.9163E-09  3.5530E+00  4.0076E+02  9.9982E-01  1.0002E+00
Multigroup opacities
Energy      Ross mg     Planck mg    for T, density =   2.0000E-03  1.9163E-09
8.2576E-03  2.5895E+00  2.2261E+00
8.2582E-03  2.5912E+00  2.2278E+00
8.2588E-03  2.5929E+00  2.2295E+00
8.2594E-03  2.5946E+00  2.2312E+00
8.2600E-03  2.5937E+00  2.2302E+00
8.2605E-03  2.5895E+00  2.2260E+00
8.2611E-03  2.5852E+00  2.2218E+00
8.2617E-03  2.5810E+00  2.2176E+00
8.2623E-03  2.5776E+00  2.2142E+00
8.2629E-03  2.5768E+00  2.2134E+00
8.2635E-03  2.5763E+00  2.2129E+00
8.2640E-03  2.5758E+00  2.2124E+00
8.2646E-03  2.5754E+00  2.2119E+00
8.2652E-03  2.5754E+00  2.2120E+00
8.2658E-03  2.5757E+00  2.2122E+00
8.2664E-03  2.5759E+00  2.2125E+00
8.2669E-03  2.5761E+00  2.2127E+00
8.2675E-03  2.5757E+00  2.2122E+00
8.2681E-03  2.5746E+00  2.2112E+00
8.2687E-03  2.5735E+00  2.2101E+00
8.2693E-03  2.5724E+00  2.2090E+00
8.2699E-03  2.5717E+00  2.2083E+00
8.2704E-03  2.5718E+00  2.2084E+00
8.2710E-03  2.5719E+00  2.2085E+00
8.2716E-03  2.5721E+00  2.2086E+00
8.2722E-03  2.5721E+00  2.2087E+00
8.2728E-03  2.5715E+00  2.2081E+00
8.2733E-03  2.5707E+00  2.2073E+00
8.2739E-03  2.5700E+00  2.2065E+00
8.2745E-03  2.5692E+00  2.2058E+00
8.2751E-03  2.5689E+00  2.2055E+00
8.2757E-03  2.5689E+00  2.2055E+00
8.2763E-03  2.5689E+00  2.2055E+00
8.2768E-03  2.5689E+00  2.2055E+00
8.2774E-03  2.5687E+00  2.2053E+00
8.2780E-03  2.5682E+00  2.2048E+00
8.2786E-03  2.5678E+00  2.2043E+00
8.2792E-03  2.5673E+00  2.2039E+00
8.2797E-03  2.5668E+00  2.2033E+00
8.2803E-03  2.5659E+00  2.2025E+00
8.2809E-03  2.5651E+00  2.2016E+00
8.2815E-03  2.5642E+00  2.2008E+00
8.2821E-03  2.5633E+00  2.1999E+00
8.2827E-03  2.5625E+00  2.1991E+00
8.2832E-03  2.5617E+00  2.1983E+00
8.2838E-03  2.5609E+00  2.1975E+00
8.2844E-03  2.5601E+00  2.1967E+00
8.2850E-03  2.5594E+00  2.1960E+00
8.2856E-03  2.5589E+00  2.1954E+00
8.2862E-03  2.5583E+00  2.1949E+00
8.2867E-03  2.5577E+00  2.1943E+00
8.2873E-03  2.5571E+00  2.1937E+00
8.2879E-03  2.5567E+00  2.1933E+00
8.2885E-03  2.5563E+00  2.1928E+00
8.2891E-03  2.5558E+00  2.1924E+00
8.2897E-03  2.5554E+00  2.1919E+00
8.2902E-03  2.5550E+00  2.1916E+00
8.2908E-03  2.5546E+00  2.1912E+00
8.2914E-03  2.5543E+00  2.1909E+00
8.2920E-03  2.5539E+00  2.1905E+00
8.2926E-03  2.5537E+00  2.1903E+00
8.2932E-03  2.5536E+00  2.1901E+00
8.2937E-03  2.5534E+00  2.1900E+00
8.2943E-03  2.5533E+00  2.1898E+00
8.2949E-03  2.5529E+00  2.1895E+00
8.2955E-03  2.5522E+00  2.1887E+00
8.2961E-03  2.5514E+00  2.1880E+00
8.2967E-03  2.5507E+00  2.1872E+00
8.2972E-03  2.5501E+00  2.1867E+00
8.2978E-03  2.5503E+00  2.1869E+00
8.2984E-03  2.5507E+00  2.1872E+00
8.2990E-03  2.5510E+00  2.1876E+00
8.2996E-03  2.5513E+00  2.1879E+00
8.3002E-03  2.5506E+00  2.1872E+00
8.3007E-03  2.5496E+00  2.1862E+00
8.3013E-03  2.5486E+00  2.1851E+00
8.3019E-03  2.5475E+00  2.1841E+00
8.3025E-03  2.5467E+00  2.1832E+00
8.3031E-03  2.5460E+00  2.1826E+00
8.3037E-03  2.5454E+00  2.1819E+00
8.3042E-03  2.5447E+00  2.1813E+00
8.3048E-03  2.5441E+00  2.1807E+00
8.3054E-03  2.5436E+00  2.1801E+00
8.3060E-03  2.5431E+00  2.1796E+00
8.3066E-03  2.5426E+00  2.1791E+00
8.3072E-03  2.5421E+00  2.1786E+00
8.3078E-03  2.5416E+00  2.1782E+00
8.3083E-03  2.5413E+00  2.1778E+00
8.3089E-03  2.5409E+00  2.1774E+00
8.3095E-03  2.5405E+00  2.1770E+00
8.3101E-03  2.5408E+00  2.1774E+00
8.3107E-03  2.5415E+00  2.1780E+00
8.3113E-03  2.5422E+00  2.1787E+00
8.3118E-03  2.5429E+00  2.1794E+00
8.3124E-03  2.5428E+00  2.1794E+00
8.3130E-03  2.5416E+00  2.1782E+00
8.3136E-03  2.5404E+00  2.1770E+00
8.3142E-03  2.5392E+00  2.1757E+00
8.3148E-03  2.5386E+00  2.1751E+00
8.3154E-03  2.5403E+00  2.1769E+00
8.3159E-03  2.5424E+00  2.1789E+00
8.3165E-03  2.5444E+00  2.1810E+00
8.3171E-03  2.5462E+00  2.1827E+00
8.3177E-03  2.5448E+00  2.1814E+00
8.3183E-03  2.5424E+00  2.1790E+00
8.3189E-03  2.5401E+00  2.1767E+00
8.3195E-03  2.5378E+00  2.1744E+00
8.3200E-03  2.5361E+00  2.1726E+00
8.3206E-03  2.5348E+00  2.1714E+00
8.3212E-03  2.5335E+00  2.1701E+00
8.3218E-03  2.5323E+00  2.1688E+00
8.3224E-03  2.5313E+00  2.1678E+00
8.3230E-03  2.5308E+00  2.1674E+00
8.3236E-03  2.5304E+00  2.1670E+00
8.3241E-03  2.5300E+00  2.1665E+00
8.3247E-03  2.5295E+00  2.1661E+00
8.3253E-03  2.5291E+00  2.1657E+00
8.3259E-03  2.5287E+00  2.1653E+00
8.3265E-03  2.5283E+00  2.1649E+00
8.3271E-03  2.5279E+00  2.1644E+00
8.3277E-03  2.5273E+00  2.1639E+00
8.3282E-03  2.5267E+00  2.1632E+00
8.3288E-03  2.5260E+00  2.1626E+00
8.3294E-03  2.5254E+00  2.1620E+00
8.3300E-03  2.5250E+00  2.1615E+00
8.3306E-03  2.5247E+00  2.1613E+00
8.3312E-03  2.5244E+00  2.1610E+00
8.3318E-03  2.5242E+00  2.1608E+00
8.3323E-03  2.5244E+00  2.1609E+00
8.3329E-03  2.5257E+00  2.1623E+00
8.3335E-03  2.5271E+00  2.1636E+00
8.3341E-03  2.5285E+00  2.1650E+00
8.3347E-03  2.5295E+00  2.1660E+00
8.3353E-03  2.5277E+00  2.1642E+00
8.3359E-03  2.5253E+00  2.1619E+00
8.3364E-03  2.5230E+00  2.1595E+00
8.3370E-03  2.5207E+00  2.1573E+00
8.3376E-03  2.5201E+00  2.1567E+00
8.3382E-03  2.5203E+00  2.1569E+00
8.3388E-03  2.5206E+00  2.1571E+00
8.3394E-03  2.5208E+00  2.1574E+00
8.3400E-03  2.5204E+00  2.1570E+00
8.3405E-03  2.5193E+00  2.1558E+00
8.3411E-03  2.5181E+00  2.1547E+00
8.3417E-03  2.5170E+00  2.1535E+00
8.3423E-03  2.5159E+00  2.1525E+00
8.3429E-03  2.5154E+00  2.1520E+00
8.3435E-03  2.5150E+00  2.1515E+00
8.3441E-03  2.5145E+00  2.1511E+00
8.3447E-03  2.5140E+00  2.1506E+00
8.3452E-03  2.5137E+00  2.1503E+00
8.3458E-03  2.5135E+00  2.1500E+00
8.3464E-03  2.5132E+00  2.1497E+00
8.3470E-03  2.5129E+00  2.1495E+00
8.3476E-03  2.5124E+00  2.1489E+00
8.3482E-03  2.5117E+00  2.1483E+00
8.3488E-03  2.5110E+00  2.1476E+00
8.3494E-03  2.5104E+00  2.1469E+00
8.3499E-03  2.5100E+00  2.1466E+00
8.3505E-03  2.5102E+00  2.1468E+00
8.3511E-03  2.5104E+00  2.1469E+00
8.3517E-03  2.5105E+00  2.1471E+00
8.3523E-03  2.5105E+00  2.1470E+00
8.3529E-03  2.5095E+00  2.1460E+00
8.3535E-03  2.5084E+00  2.1449E+00
8.3541E-03  2.5073E+00  2.1439E+00
8.3546E-03  2.5064E+00  2.1430E+00
8.3552E-03  2.5072E+00  2.1438E+00
8.3558E-03  2.5085E+00  2.1451E+00
8.3564E-03  2.5098E+00  2.1463E+00
8.3570E-03  2.5110E+00  2.1476E+00
8.3576E-03  2.5102E+00  2.1468E+00
8.3582E-03  2.5083E+00  2.1448E+00
8.3588E-03  2.5063E+00  2.1428E+00
8.3593E-03  2.5043E+00  2.1409E+00
8.3599E-03  2.5032E+00  2.1397E+00
8.3605E-03  2.5033E+00  2.1399E+00
8.3611E-03  2.5035E+00  2.1400E+00
8.3617E-03  2.5036E+00  2.1402E+00
8.3623E-03  2.5037E+00  2.1403E+00
8.3629E-03  2.5036E+00  2.1402E+00
8.3635E-03  2.5036E+00  2.1401E+00
8.3641E-03  2.5035E+00  2.1401E+00
8.3646E-03  2.5035E+00  2.1400E+00
8.3652E-03  2.5039E+00  2.1404E+00
8.3658E-03  2.5044E+00  2.1410E+00
8.3664E-03  2.5049E+00  2.1415E+00
8.3670E-03  2.5054E+00  2.1420E+00
8.3676E-03  2.5060E+00  2.1425E+00
8.3682E-03  2.5065E+00  2.1431E+00
8.3688E-03  2.5071E+00  2.1436E+00
8.3694E-03  2.5076E+00  2.1442E+00
8.3699E-03  2.5070E+00  2.1436E+00
8.3705E-03  2.5047E+00  2.1413E+00
8.3711E-03  2.5024E+00  2.1389E+00
8.3717E-03  2.5000E+00  2.1366E+00
8.3723E-03  2.4980E+00  2.1345E+00
8.3729E-03  2.4966E+00  2.1332E+00
8.3735E-03  2.4954E+00  2.1320E+00
8.3741E-03  2.4942E+00  2.1307E+00
8.3747E-03  2.4930E+00  2.1295E+00
8.3752E-03  2.4920E+00  2.1286E+00
8.3758E-03  2.4912E+00  2.1278E+00
8.3764E-03  2.4904E+00  2.1269E+00
8.3770E-03  2.4895E+00  2.1261E+00
8.3776E-03  2.4890E+00  2.1255E+00
8.3782E-03  2.4886E+00  2.1251E+00
8.3788E-03  2.4882E+00  2.1248E+00
8.3794E-03  2.4878E+00  2.1244E+00
8.3800E-03  2.4875E+00  2.1240E+00
8.3805E-03  2.4871E+00  2.1237E+00
8.3811E-03  2.4868E+00  2.1233E+00
8.3817E-03  2.4864E+00  2.1230E+00
8.3823E-03  2.4893E+00  2.1259E+00
8.3829E-03  2.5022E+00  2.1387E+00
8.3835E-03  2.5157E+00  2.1523E+00
8.3841E-03  2.5292E+00  2.1658E+00
8.3847E-03  2.5400E+00  2.1765E+00
8.3853E-03  2.5298E+00  2.1664E+00
8.3859E-03  2.5155E+00  2.1521E+00
8.3864E-03  2.5011E+00  2.1377E+00
8.3870E-03  2.4871E+00  2.1237E+00
8.3876E-03  2.4825E+00  2.1191E+00
8.3882E-03  2.4823E+00  2.1188E+00
8.3888E-03  2.4820E+00  2.1186E+00
8.3894E-03  2.4818E+00  2.1183E+00
8.3900E-03  2.4841E+00  2.1206E+00
8.3906E-03  2.4892E+00  2.1257E+00
8.3912E-03  2.4943E+00  2.1308E+00
8.3918E-03  2.4994E+00  2.1359E+00
8.3923E-03  2.5014E+00  2.1380E+00
8.3929E-03  2.4956E+00  2.1322E+00
8.3935E-03  2.4895E+00  2.1260E+00
8.3941E-03  2.4833E+00  2.1199E+00
8.3947E-03  2.4785E+00  2.1150E+00
8.3953E-03  2.4811E+00  2.1176E+00
8.3959E-03  2.4848E+00  2.1214E+00
8.3965E-03  2.4886E+00  2.1252E+00
8.3971E-03  2.4921E+00  2.1286E+00
8.3977E-03  2.4895E+00  2.1261E+00
8.3983E-03  2.4847E+00  2.1212E+00
8.3988E-03  2.4799E+00  2.1164E+00
8.3994E-03  2.4751E+00  2.1116E+00
8.4000E-03  2.4727E+00  2.1093E+00
8.4006E-03  2.4724E+00  2.1089E+00
8.4012E-03  2.4720E+00  2.1086E+00
8.4018E-03  2.4717E+00  2.1083E+00
8.4024E-03  2.4714E+00  2.1079E+00
8.4030E-03  2.4711E+00  2.1076E+00
8.4036E-03  2.4708E+00  2.1073E+00
8.4042E-03  2.4705E+00  2.1070E+00
8.4048E-03  2.4701E+00  2.1066E+00
8.4053E-03  2.4693E+00  2.1058E+00
8.4059E-03  2.4684E+00  2.1050E+00
8.4065E-03  2.4676E+00  2.1042E+00
8.4071E-03  2.4668E+00  2.1033E+00
8.4077E-03  2.4663E+00  2.1028E+00
8.4083E-03  2.4659E+00  2.1024E+00
8.4089E-03  2.4654E+00  2.1020E+00
8.4095E-03  2.4650E+00  2.1016E+00
8.4101E-03  2.4647E+00  2.1012E+00
8.4107E-03  2.4644E+00  2.1009E+00
8.4113E-03  2.4640E+00  2.1006E+00
8.4119E-03  2.4637E+00  2.1003E+00
8.4124E-03  2.4638E+00  2.1003E+00
8.4130E-03  2.4645E+00  2.1010E+00
8.4136E-03  2.4651E+00  2.1017E+00
8.4142E-03  2.4658E+00  2.1023E+00
8.4148E-03  2.4659E+00  2.1025E+00
8.4154E-03  2.4645E+00  2.1011E+00
8.4160E-03  2.4630E+00  2.0995E+00
8.4166E-03  2.4614E+00  2.0980E+00
8.4172E-03  2.4600E+00  2.0966E+00
8.4178E-03  2.4597E+00  2.0962E+00
8.4184E-03  2.4595E+00  2.0960E+00
8.4190E-03  2.4593E+00  2.0958E+00
8.4196E-03  2.4591E+00  2.0957E+00
8.4201E-03  2.4600E+00  2.0965E+00
8.4207E-03  2.4612E+00  2.0978E+00
8.4213E-03  2.4625E+00  2.0990E+00
8.4219E-03  2.4637E+00  2.1003E+00
8.4225E-03  2.4633E+00  2.0999E+00
8.4231E-03  2.4615E+00  2.0980E+00
8.4237E-03  2.4596E+00  2.0961E+00
8.4243E-03  2.4577E+00  2.0942E+00
8.4249E-03  2.4561E+00  2.0926E+00
8.4255E-03  2.4550E+00  2.0916E+00
8.4261E-03  2.4540E+00  2.0906E+00
8.4267E-03  2.4530E+00  2.0896E+00
8.4273E-03  2.4521E+00  2.0886E+00
8.4278E-03  2.4515E+00  2.0881E+00
8.4284E-03  2.4510E+00  2.0875E+00
8.4290E-03  2.4505E+00  2.0870E+00
8.4296E-03  2.4499E+00  2.0865E+00
8.4302E-03  2.4495E+00  2.0861E+00
8.4308E-03  2.4491E+00  2.0857E+00
8.4314E-03  2.4487E+00  2.0853E+00
8.4320E-03  2.4484E+00  2.0849E+00
8.4326E-03  2.4480E+00  2.0846E+00
8.4332E-03  2.4477E+00  2.0843E+00
8.4338E-03  2.4474E+00  2.0840E+00
8.4344E-03  2.4471E+00  2.0837E+00
8.4350E-03  2.4467E+00  2.0832E+00
8.4356E-03  2.4462E+00  2.0827E+00
8.4362E-03  2.4456E+00  2.0822E+00
8.4367E-03  2.4451E+00  2.0816E+00
8.4373E-03  2.4446E+00  2.0811E+00
8.4379E-03  2.4440E+00  2.0806E+00
8.4385E-03  2.4435E+00  2.0801E+00
8.4391E-03  2.4430E+00  2.0795E+00
8.4397E-03  2.4425E+00  2.0790E+00
8.4403E-03  2.4420E+00  2.0785E+00
8.4409E-03  2.4415E+00  2.0780E+00
8.4415E-03  2.4410E+00  2.0775E+00
8.4421E-03  2.4405E+00  2.0771E+00
8.4427E-03  2.4407E+00  2.0773E+00
8.4433E-03  2.4411E+00  2.0777E+00
8.4439E-03  2.4415E+00  2.0781E+00
8.4445E-03  2.4419E+00  2.0785E+00
8.4451E-03  2.4413E+00  2.0779E+00
8.4457E-03  2.4401E+00  2.0766E+00
8.4462E-03  2.4388E+00  2.0753E+00
8.4468E-03  2.4375E+00  2.0740E+00
8.4474E-03  2.4365E+00  2.0731E+00
8.4480E-03  2.4361E+00  2.0726E+00
8.4486E-03  2.4356E+00  2.0721E+00
8.4492E-03  2.4351E+00  2.0717E+00
8.4498E-03  2.4346E+00  2.0712E+00
8.4504E-03  2.4342E+00  2.0707E+00
8.4510E-03  2.4338E+00  2.0703E+00
8.4516E-03  2.4333E+00  2.0698E+00
8.4522E-03  2.4329E+00  2.0694E+00
8.4528E-03  2.4324E+00  2.0690E+00
8.4534E-03  2.4320E+00  2.0685E+00
8.4540E-03  2.4316E+00  2.0681E+00
8.4546E-03  2.4311E+00  2.0677E+00
8.4552E-03  2.4307E+00  2.0672E+00
8.4558E-03  2.4303E+00  2.0668E+00
8.4564E-03  2.4299E+00  2.0664E+00
8.4570E-03  2.4295E+00  2.0660E+00
8.4575E-03  2.4290E+00  2.0656E+00
8.4581E-03  2.4286E+00  2.0651E+00
8.4587E-03  2.4281E+00  2.0646E+00
8.4593E-03  2.4276E+00  2.0642E+00
8.4599E-03  2.4272E+00  2.0637E+00
8.4605E-03  2.4267E+00  2.0633E+00
8.4611E-03  2.4263E+00  2.0628E+00
8.4617E-03  2.4258E+00  2.0624E+00
8.4623E-03  2.4254E+00  2.0619E+00
8.4629E-03  2.4250E+00  2.0616E+00
8.4635E-03  2.4246E+00  2.0612E+00
8.4641E-03  2.4243E+00  2.0608E+00
8.4647E-03  2.4239E+00  2.0604E+00
8.4653E-03  2.4234E+00  2.0599E+00
8.4659E-03  2.4229E+00  2.0595E+00
8.4665E-03  2.4224E+00  2.0590E+00
8.4671E-03  2.4220E+00  2.0586E+00
8.4677E-03  2.4227E+00  2.0592E+00
8.4683E-03  2.4237E+00  2.0602E+00
8.4689E-03  2.4247E+00  2.0613E+00
8.4695E-03  2.4258E+00  2.0623E+00
8.4701E-03  2.4251E+00  2.0616E+00
8.4706E-03  2.4232E+00  2.0598E+00
8.4712E-03  2.4214E+00  2.0579E+00
8.4718E-03  2.4195E+00  2.0561E+00
8.4724E-03  2.4200E+00  2.0566E+00
8.4730E-03  2.4241E+00  2.0607E+00
8.4736E-03  2.4283E+00  2.0648E+00
8.4742E-03  2.4324E+00  2.0689E+00
8.4748E-03  2.4343E+00  2.0709E+00
8.4754E-03  2.4298E+00  2.0663E+00
8.4760E-03  2.4248E+00  2.0613E+00
8.4766E-03  2.4198E+00  2.0563E+00
8.4772E-03  2.4154E+00  2.0519E+00
8.4778E-03  2.4144E+00  2.0510E+00
8.4784E-03  2.4141E+00  2.0506E+00
8.4790E-03  2.4137E+00  2.0503E+00
8.4796E-03  2.4134E+00  2.0499E+00
8.4802E-03  2.4132E+00  2.0498E+00
8.4808E-03  2.4131E+00  2.0497E+00
8.4814E-03  2.4130E+00  2.0496E+00
8.4820E-03  2.4129E+00  2.0495E+00
8.4826E-03  2.4125E+00  2.0490E+00
8.4832E-03  2.4119E+00  2.0484E+00
8.4838E-03  2.4112E+00  2.0477E+00
8.4844E-03  2.4106E+00  2.0471E+00
8.4850E-03  2.4103E+00  2.0468E+00
8.4856E-03  2.4104E+00  2.0470E+00
8.4862E-03  2.4106E+00  2.0471E+00
8.4868E-03  2.4107E+00  2.0473E+00
8.4873E-03  2.4112E+00  2.0477E+00
8.4879E-03  2.4124E+00  2.0490E+00
8.4885E-03  2.4137E+00  2.0502E+00
8.4891E-03  2.4149E+00  2.0515E+00
8.4897E-03  2.4156E+00  2.0521E+00
8.4903E-03  2.4132E+00  2.0497E+00
8.4909E-03  2.4104E+00  2.0470E+00
8.4915E-03  2.4077E+00  2.0442E+00
8.4921E-03  2.4052E+00  2.0417E+00
8.4927E-03  2.4056E+00  2.0421E+00
8.4933E-03  2.4067E+00  2.0432E+00
8.4939E-03  2.4078E+00  2.0443E+00
8.4945E-03  2.4089E+00  2.0454E+00
8.4951E-03  2.4085E+00  2.0450E+00
8.4957E-03  2.4073E+00  2.0438E+00
8.4963E-03  2.4061E+00  2.0427E+00
8.4969E-03  2.4049E+00  2.0415E+00
8.4975E-03  2.4046E+00  2.0412E+00
8.4981E-03  2.4052E+00  2.0417E+00
8.4987E-03  2.4057E+00  2.0422E+00
8.4993E-03  2.4063E+00  2.0428E+00
8.4999E-03  2.4080E+00  2.0445E+00
8.5005E-03  2.4119E+00  2.0485E+00
8.5011E-03  2.4160E+00  2.0525E+00
8.5017E-03  2.4200E+00  2.0565E+00
8.5023E-03  2.4294E+00  2.0659E+00
8.5029E-03  2.4576E+00  2.0942E+00
8.5035E-03  2.4874E+00  2.1240E+00
8.5041E-03  2.5173E+00  2.1539E+00
8.5047E-03  2.5399E+00  2.1764E+00
8.5053E-03  2.5128E+00  2.1494E+00
8.5059E-03  2.4765E+00  2.1131E+00
8.5065E-03  2.4402E+00  2.0768E+00
8.5071E-03  2.4055E+00  2.0421E+00
8.5077E-03  2.3966E+00  2.0332E+00
8.5083E-03  2.3968E+00  2.0334E+00
8.5089E-03  2.3971E+00  2.0336E+00
8.5095E-03  2.3976E+00  2.0341E+00
8.5101E-03  2.4264E+00  2.0632E+00
8.5107E-03  2.4740E+00  2.1107E+00
8.5113E-03  2.5216E+00  2.1583E+00
8.5119E-03  2.5691E+00  2.2059E+00
8.5125E-03  2.5841E+00  2.2207E+00
8.5131E-03  2.5576E+00  2.1942E+00
8.5137E-03  2.5310E+00  2.1676E+00
8.5143E-03  2.5045E+00  2.1411E+00
8.5149E-03  2.4792E+00  2.1157E+00
8.5155E-03  2.4566E+00  2.0932E+00
8.5161E-03  2.4342E+00  2.0707E+00
8.5167E-03  2.4117E+00  2.0483E+00
8.5173E-03  2.3940E+00  2.0305E+00
8.5179E-03  2.3957E+00  2.0322E+00
8.5185E-03  2.3996E+00  2.0361E+00
8.5191E-03  2.4035E+00  2.0400E+00
8.5197E-03  2.4066E+00  2.0432E+00
8.5203E-03  2.4039E+00  2.0404E+00
8.5209E-03  2.3999E+00  2.0364E+00
8.5215E-03  2.3958E+00  2.0323E+00
8.5221E-03  2.3918E+00  2.0284E+00
8.5227E-03  2.3897E+00  2.0262E+00
8.5233E-03  2.3882E+00  2.0247E+00
8.5239E-03  2.3868E+00  2.0233E+00
8.5245E-03  2.3853E+00  2.0218E+00
8.5250E-03  2.3845E+00  2.0210E+00
8.5256E-03  2.3842E+00  2.0207E+00
8.5262E-03  2.3838E+00  2.0203E+00
8.5268E-03  2.3835E+00  2.0200E+00
8.5274E-03  2.3833E+00  2.0198E+00
8.5280E-03  2.3833E+00  2.0198E+00
8.5286E-03  2.3833E+00  2.0198E+00
8.5292E-03  2.3833E+00  2.0198E+00
8.5298E-03  2.3830E+00  2.0195E+00
8.5304E-03  2.3821E+00  2.0186E+00
8.5310E-03  2.3812E+00  2.0177E+00
8.5316E-03  2.3802E+00  2.0167E+00
8.5322E-03  2.3792E+00  2.0157E+00
8.5329E-03  2.3777E+00  2.0143E+00
8.5335E-03  2.3763E+00  2.0128E+00
8.5341E-03  2.3748E+00  2.0113E+00
8.5347E-03  2.3734E+00  2.0100E+00
8.5353E-03  2.3729E+00  2.0094E+00
8.5359E-03  2.3725E+00  2.0090E+00
8.5365E-03  2.3721E+00  2.0087E+00
8.5371E-03  2.3718E+00  2.0083E+00
8.5377E-03  2.3720E+00  2.0085E+00
8.5383E-03  2.3724E+00  2.0089E+00
8.5389E-03  2.3728E+00  2.0093E+00
8.5395E-03  2.3732E+00  2.0097E+00
8.5401E-03  2.3725E+00  2.0090E+00
8.5407E-03  2.3710E+00  2.0075E+00
8.5413E-03  2.3695E+00  2.0060E+00
8.5419E-03  2.3679E+00  2.0045E+00
8.5425E-03  2.3670E+00  2.0036E+00
8.5431E-03  2.3670E+00  2.0035E+00
8.5437E-03  2.3669E+00  2.0034E+00
8.5443E-03  2.3668E+00  2.0033E+00
8.5449E-03  2.3665E+00  2.0030E+00
8.5455E-03  2.3657E+00  2.0022E+00
8.5461E-03  2.3649E+00  2.0014E+00
8.5467E-03  2.3640E+00  2.0005E+00
8.5473E-03  2.3633E+00  1.9998E+00
8.5479E-03  2.3629E+00  1.9994E+00
8.5485E-03  2.3625E+00  1.9991E+00
8.5491E-03  2.3622E+00  1.9987E+00
8.5497E-03  2.3619E+00  1.9984E+00
8.5503E-03  2.3619E+00  1.9985E+00
8.5509E-03  2.3621E+00  1.9986E+00
8.5515E-03  2.3622E+00  1.9987E+00
8.5521E-03  2.3624E+00  1.9989E+00
8.5527E-03  2.3626E+00  1.9991E+00
8.5533E-03  2.3629E+00  1.9994E+00
8.5539E-03  2.3632E+00  1.9997E+00
8.5545E-03  2.3635E+00  2.0000E+00
8.5551E-03  2.3626E+00  1.9991E+00
8.5557E-03  2.3611E+00  1.9977E+00
8.5563E-03  2.3597E+00  1.9962E+00
8.5569E-03  2.3582E+00  1.9947E+00
8.5575E-03  2.3571E+00  1.9936E+00
8.5581E-03  2.3564E+00  1.9929E+00
8.5587E-03  2.3557E+00  1.9922E+00
8.5593E-03  2.3550E+00  1.9915E+00
8.5599E-03  2.3544E+00  1.9909E+00
8.5605E-03  2.3540E+00  1.9905E+00
8.5611E-03  2.3536E+00  1.9901E+00
8.5617E-03  2.3531E+00  1.9896E+00
8.5623E-03  2.3528E+00  1.9893E+00
8.5629E-03  2.3525E+00  1.9890E+00
8.5635E-03  2.3523E+00  1.9888E+00
8.5641E-03  2.3521E+00  1.9886E+00
8.5647E-03  2.3518E+00  1.9883E+00
8.5653E-03  2.3512E+00  1.9877E+00
8.5659E-03  2.3506E+00  1.9871E+00
8.5665E-03  2.3499E+00  1.9864E+00
8.5671E-03  2.3494E+00  1.9859E+00
8.5677E-03  2.3495E+00  1.9860E+00
8.5683E-03  2.3498E+00  1.9863E+00
8.5689E-03  2.3500E+00  1.9865E+00
8.5695E-03  2.3503E+00  1.9868E+00
8.5702E-03  2.3497E+00  1.9862E+00
8.5708E-03  2.3488E+00  1.9853E+00
8.5714E-03  2.3479E+00  1.9844E+00
8.5720E-03  2.3470E+00  1.9835E+00
8.5726E-03  2.3461E+00  1.9826E+00
8.5732E-03  2.3454E+00  1.9819E+00
8.5738E-03  2.3446E+00  1.9811E+00
8.5744E-03  2.3439E+00  1.9804E+00
8.5750E-03  2.3435E+00  1.9800E+00
8.5756E-03  2.3436E+00  1.9801E+00
8.5762E-03  2.3437E+00  1.9802E+00
8.5768E-03  2.3438E+00  1.9803E+00
8.5774E-03  2.3438E+00  1.9803E+00
8.5780E-03  2.3436E+00  1.9801E+00
8.5786E-03  2.3434E+00  1.9799E+00
8.5792E-03  2.3432E+00  1.9797E+00
8.5798E-03  2.3428E+00  1.9793E+00
8.5804E-03  2.3417E+00  1.9782E+00
8.5810E-03  2.3405E+00  1.9770E+00
8.5816E-03  2.3393E+00  1.9759E+00
8.5822E-03  2.3383E+00  1.9748E+00
8.5828E-03  2.3377E+00  1.9742E+00
8.5834E-03  2.3372E+00  1.9737E+00
8.5840E-03  2.3367E+00  1.9732E+00
8.5846E-03  2.3362E+00  1.9727E+00
8.5852E-03  2.3358E+00  1.9723E+00
8.5858E-03  2.3353E+00  1.9718E+00
8.5864E-03  2.3349E+00  1.9714E+00
8.5870E-03  2.3344E+00  1.9710E+00
8.5877E-03  2.3345E+00  1.9710E+00
8.5883E-03  2.3347E+00  1.9712E+00
8.5889E-03  2.3348E+00  1.9714E+00
8.5895E-03  2.3350E+00  1.9715E+00
8.5901E-03  2.3346E+00  1.9711E+00
8.5907E-03  2.3337E+00  1.9702E+00
8.5913E-03  2.3329E+00  1.9694E+00
8.5919E-03  2.3320E+00  1.9685E+00
8.5925E-03  2.3313E+00  1.9678E+00
8.5931E-03  2.3307E+00  1.9672E+00
8.5937E-03  2.3302E+00  1.9667E+00
8.5943E-03  2.3296E+00  1.9661E+00
8.5949E-03  2.3291E+00  1.9656E+00
8.5955E-03  2.3286E+00  1.9651E+00
8.5961E-03  2.3281E+00  1.9646E+00
8.5967E-03  2.3275E+00  1.9641E+00
8.5973E-03  2.3270E+00  1.9636E+00
8.5979E-03  2.3266E+00  1.9631E+00
8.5985E-03  2.3261E+00  1.9626E+00
8.5991E-03  2.3256E+00  1.9621E+00
8.5997E-03  2.3252E+00  1.9617E+00
8.6004E-03  2.3248E+00  1.9614E+00
8.6010E-03  2.3245E+00  1.9610E+00
8.6016E-03  2.3242E+00  1.9607E+00
8.6022E-03  2.3239E+00  1.9604E+00
8.6028E-03  2.3234E+00  1.9599E+00
8.6034E-03  2.3229E+00  1.9594E+00
8.6040E-03  2.3223E+00  1.9588E+00
8.6046E-03  2.3218E+00  1.9583E+00
8.6052E-03  2.3214E+00  1.9579E+00
8.6058E-03  2.3210E+00  1.9575E+00
8.6064E-03  2.3206E+00  1.9571E+00
8.6070E-03  2.3202E+00  1.9567E+00
8.6076E-03  2.3198E+00  1.9563E+00
8.6082E-03  2.3193E+00  1.9558E+00
8.6088E-03  2.3188E+00  1.9553E+00
8.6094E-03  2.3183E+00  1.9548E+00
8.6100E-03  2.3180E+00  1.9545E+00
8.6106E-03  2.3178E+00  1.9543E+00
8.6112E-03  2.3176E+00  1.9541E+00
8.6119E-03  2.3174E+00  1.9539E+00
8.6125E-03  2.3170E+00  1.9535E+00
8.6131E-03  2.3164E+00  1.9529E+00
8.6137E-03  2.3158E+00  1.9523E+00
8.6143E-03  2.3153E+00  1.9518E+00
8.6149E-03  2.3148E+00  1.9513E+00
8.6155E-03  2.3146E+00  1.9511E+00
8.6161E-03  2.3145E+00  1.9510E+00
8.6167E-03  2.3143E+00  1.9508E+00
8.6173E-03  2.3140E+00  1.9505E+00
8.6179E-03  2.3132E+00  1.9497E+00
8.6185E-03  2.3125E+00  1.9490E+00
8.6191E-03  2.3117E+00  1.9482E+00
8.6197E-03  2.3110E+00  1.9475E+00
8.6203E-03  2.3105E+00  1.9470E+00
8.6209E-03  2.3101E+00  1.9466E+00
8.6216E-03  2.3097E+00  1.9462E+00
8.6222E-03  2.3092E+00  1.9457E+00
8.6228E-03  2.3088E+00  1.9453E+00
8.6234E-03  2.3084E+00  1.9449E+00
8.6240E-03  2.3080E+00  1.9445E+00
8.6246E-03  2.3075E+00  1.9440E+00
8.6252E-03  2.3072E+00  1.9437E+00
8.6258E-03  2.3068E+00  1.9433E+00
8.6264E-03  2.3064E+00  1.9429E+00
8.6270E-03  2.3061E+00  1.9426E+00
8.6276E-03  2.3059E+00  1.9424E+00
8.6282E-03  2.3057E+00  1.9422E+00
8.6288E-03  2.3056E+00  1.9421E+00
8.6294E-03  2.3055E+00  1.9420E+00
8.6300E-03  2.3054E+00  1.9419E+00
8.6307E-03  2.3053E+00  1.9418E+00
8.6313E-03  2.3052E+00  1.9417E+00
8.6319E-03  2.3051E+00  1.9416E+00
8.6325E-03  2.3046E+00  1.9411E+00
8.6331E-03  2.3038E+00  1.9403E+00
8.6337E-03  2.3029E+00  1.9394E+00
8.6343E-03  2.3020E+00  1.9385E+00
8.6349E-03  2.3015E+00  1.9380E+00
8.6355E-03  2.3013E+00  1.9378E+00
8.6361E-03  2.3012E+00  1.9377E+00
8.6367E-03  2.3010E+00  1.9375E+00
8.6373E-03  2.3008E+00  1.9373E+00
8.6379E-03  2.3005E+00  1.9370E+00
8.6386E-03  2.3002E+00  1.9367E+00
8.6392E-03  2.2999E+00  1.9364E+00
8.6398E-03  2.2994E+00  1.9359E+00
8.6404E-03  2.2985E+00  1.9350E+00
8.6410E-03  2.2975E+00  1.9340E+00
8.6416E-03  2.2965E+00  1.9330E+00
8.6422E-03  2.2957E+00  1.9322E+00
8.6428E-03  2.2953E+00  1.9318E+00
8.6434E-03  2.2950E+00  1.9315E+00
8.6440E-03  2.2947E+00  1.9312E+00
8.6446E-03  2.2944E+00  1.9309E+00
8.6452E-03  2.2939E+00  1.9304E+00
8.6458E-03  2.2935E+00  1.9299E+00
8.6465E-03  2.2930E+00  1.9295E+00
8.6471E-03  2.2925E+00  1.9290E+00
8.6477E-03  2.2922E+00  1.9287E+00
8.6483E-03  2.2919E+00  1.9284E+00
8.6489E-03  2.2917E+00  1.9282E+00
8.6495E-03  2.2915E+00  1.9280E+00
8.6501E-03  2.2971E+00  1.9337E+00
8.6507E-03  2.3058E+00  1.9423E+00
8.6513E-03  2.3144E+00  1.9509E+00
8.6519E-03  2.3229E+00  1.9594E+00
8.6525E-03  2.3212E+00  1.9577E+00
8.6532E-03  2.3118E+00  1.9483E+00
8.6538E-03  2.3023E+00  1.9388E+00
8.6544E-03  2.2928E+00  1.9293E+00
8.6550E-03  2.2875E+00  1.9240E+00
8.6556E-03  2.2870E+00  1.9235E+00
8.6562E-03  2.2865E+00  1.9230E+00
8.6568E-03  2.2860E+00  1.9225E+00
8.6574E-03  2.2855E+00  1.9220E+00
8.6580E-03  2.2852E+00  1.9216E+00
8.6586E-03  2.2848E+00  1.9213E+00
8.6592E-03  2.2844E+00  1.9209E+00
8.6599E-03  2.2840E+00  1.9205E+00
8.6605E-03  2.2839E+00  1.9204E+00
8.6611E-03  2.2837E+00  1.9202E+00
8.6617E-03  2.2836E+00  1.9201E+00
8.6623E-03  2.2836E+00  1.9201E+00
8.6629E-03  2.2841E+00  1.9206E+00
8.6635E-03  2.2846E+00  1.9211E+00
8.6641E-03  2.2851E+00  1.9216E+00
8.6647E-03  2.2854E+00  1.9218E+00
8.6653E-03  2.2840E+00  1.9205E+00
8.6659E-03  2.2824E+00  1.9189E+00
8.6666E-03  2.2808E+00  1.9173E+00
8.6672E-03  2.2798E+00  1.9163E+00
8.6678E-03  2.2832E+00  1.9197E+00
8.6684E-03  2.2876E+00  1.9241E+00
8.6690E-03  2.2919E+00  1.9284E+00
8.6696E-03  2.2957E+00  1.9322E+00
8.6702E-03  2.2925E+00  1.9290E+00
8.6708E-03  2.2874E+00  1.9239E+00
8.6714E-03  2.2823E+00  1.9188E+00
8.6720E-03  2.2774E+00  1.9139E+00
8.6727E-03  2.2766E+00  1.9131E+00
8.6733E-03  2.2775E+00  1.9140E+00
8.6739E-03  2.2784E+00  1.9148E+00
8.6745E-03  2.2792E+00  1.9157E+00
8.6751E-03  2.2783E+00  1.9148E+00
8.6757E-03  2.2765E+00  1.9130E+00
8.6763E-03  2.2747E+00  1.9112E+00
8.6769E-03  2.2729E+00  1.9094E+00
8.6775E-03  2.2718E+00  1.9083E+00
8.6781E-03  2.2714E+00  1.9079E+00
8.6788E-03  2.2710E+00  1.9075E+00
8.6794E-03  2.2706E+00  1.9071E+00
8.6800E-03  2.2702E+00  1.9067E+00
8.6806E-03  2.2699E+00  1.9064E+00
8.6812E-03  2.2695E+00  1.9060E+00
8.6818E-03  2.2692E+00  1.9057E+00
8.6824E-03  2.2688E+00  1.9053E+00
8.6830E-03  2.2683E+00  1.9048E+00
8.6836E-03  2.2679E+00  1.9043E+00
8.6843E-03  2.2674E+00  1.9039E+00
8.6849E-03  2.2669E+00  1.9034E+00
8.6855E-03  2.2665E+00  1.9030E+00
8.6861E-03  2.2661E+00  1.9026E+00
8.6867E-03  2.2656E+00  1.9021E+00
8.6873E-03  2.2652E+00  1.9017E+00
8.6879E-03  2.2649E+00  1.9013E+00
8.6885E-03  2.2645E+00  1.9010E+00
8.6891E-03  2.2641E+00  1.9006E+00
8.6898E-03  2.2638E+00  1.9003E+00
8.6904E-03  2.2636E+00  1.9001E+00
8.6910E-03  2.2635E+00  1.9000E+00
8.6916E-03  2.2633E+00  1.8998E+00
8.6922E-03  2.2631E+00  1.8996E+00
8.6928E-03  2.2628E+00  1.8993E+00
8.6934E-03  2.2625E+00  1.8990E+00
8.6940E-03  2.2621E+00  1.8986E+00
8.6946E-03  2.2618E+00  1.8982E+00
8.6953E-03  2.2613E+00  1.8978E+00
8.6959E-03  2.2608E+00  1.8973E+00
8.6965E-03  2.2603E+00  1.8968E+00
8.6971E-03  2.2598E+00  1.8963E+00
8.6977E-03  2.2596E+00  1.8961E+00
8.6983E-03  2.2595E+00  1.8960E+00
8.6989E-03  2.2594E+00  1.8958E+00
8.6995E-03  2.2592E+00  1.8957E+00
8.7002E-03  2.2585E+00  1.8950E+00
8.7008E-03  2.2577E+00  1.8942E+00
8.7014E-03  2.2568E+00  1.8933E+00
8.7020E-03  2.2559E+00  1.8924E+00
8.7026E-03  2.2553E+00  1.8918E+00
8.7032E-03  2.2549E+00  1.8914E+00
8.7038E-03  2.2545E+00  1.8910E+00
8.7044E-03  2.2541E+00  1.8905E+00
8.7051E-03  2.2537E+00  1.8901E+00
8.7057E-03  2.2533E+00  1.8898E+00
8.7063E-03  2.2529E+00  1.8894E+00
8.7069E-03  2.2526E+00  1.8891E+00
8.7075E-03  2.2522E+00  1.8887E+00
8.7081E-03  2.2518E+00  1.8882E+00
8.7087E-03  2.2513E+00  1.8878E+00
8.7093E-03  2.2509E+00  1.8874E+00
8.7100E-03  2.2506E+00  1.8871E+00
8.7106E-03  2.2504E+00  1.8869E+00
8.7112E-03  2.2502E+00  1.8867E+00
8.7118E-03  2.2500E+00  1.8865E+00
8.7124E-03  2.2498E+00  1.8862E+00
8.7130E-03  2.2496E+00  1.8860E+00
8.7136E-03  2.2493E+00  1.8858E+00
8.7142E-03  2.2491E+00  1.8856E+00
8.7149E-03  2.2488E+00  1.8853E+00
8.7155E-03  2.2482E+00  1.8847E+00
8.7161E-03  2.2476E+00  1.8840E+00
8.7167E-03  2.2469E+00  1.8834E+00
8.7173E-03  2.2464E+00  1.8829E+00
8.7179E-03  2.2461E+00  1.8825E+00
8.7185E-03  2.2458E+00  1.8823E+00
8.7191E-03  2.2455E+00  1.8820E+00
8.7198E-03  2.2454E+00  1.8819E+00
8.7204E-03  2.2461E+00  1.8826E+00
8.7210E-03  2.2470E+00  1.8834E+00
8.7216E-03  2.2478E+00  1.8843E+00
8.7222E-03  2.2482E+00  1.8847E+00
8.7228E-03  2.2469E+00  1.8834E+00
8.7234E-03  2.2453E+00  1.8818E+00
8.7241E-03  2.2437E+00  1.8802E+00
8.7247E-03  2.2424E+00  1.8788E+00
8.7253E-03  2.2429E+00  1.8794E+00
8.7259E-03  2.2438E+00  1.8803E+00
8.7265E-03  2.2447E+00  1.8812E+00
8.7271E-03  2.2454E+00  1.8819E+00
8.7277E-03  2.2441E+00  1.8806E+00
8.7284E-03  2.2423E+00  1.8788E+00
8.7290E-03  2.2405E+00  1.8769E+00
8.7296E-03  2.2387E+00  1.8752E+00
8.7302E-03  2.2381E+00  1.8746E+00
8.7308E-03  2.2378E+00  1.8743E+00
8.7314E-03  2.2375E+00  1.8740E+00
8.7320E-03  2.2373E+00  1.8738E+00
8.7327E-03  2.2372E+00  1.8737E+00
8.7333E-03  2.2373E+00  1.8738E+00
8.7339E-03  2.2373E+00  1.8738E+00
8.7345E-03  2.2374E+00  1.8738E+00
8.7351E-03  2.2368E+00  1.8733E+00
8.7357E-03  2.2359E+00  1.8723E+00
8.7363E-03  2.2349E+00  1.8714E+00
8.7370E-03  2.2340E+00  1.8705E+00
8.7376E-03  2.2334E+00  1.8699E+00
8.7382E-03  2.2329E+00  1.8694E+00
8.7388E-03  2.2324E+00  1.8689E+00
8.7394E-03  2.2320E+00  1.8684E+00
8.7400E-03  2.2315E+00  1.8680E+00
8.7406E-03  2.2310E+00  1.8675E+00
8.7413E-03  2.2306E+00  1.8671E+00
8.7419E-03  2.2302E+00  1.8666E+00
8.7425E-03  2.2299E+00  1.8664E+00
8.7431E-03  2.2298E+00  1.8663E+00
8.7437E-03  2.2298E+00  1.8662E+00
8.7443E-03  2.2297E+00  1.8662E+00
8.7450E-03  2.2294E+00  1.8659E+00
8.7456E-03  2.2287E+00  1.8652E+00
8.7462E-03  2.2280E+00  1.8645E+00
8.7468E-03  2.2274E+00  1.8638E+00
8.7474E-03  2.2268E+00  1.8633E+00
8.7480E-03  2.2265E+00  1.8630E+00
8.7486E-03  2.2262E+00  1.8627E+00
8.7493E-03  2.2259E+00  1.8623E+00
8.7499E-03  2.2256E+00  1.8621E+00
8.7505E-03  2.2254E+00  1.8619E+00
8.7511E-03  2.2253E+00  1.8618E+00
8.7517E-03  2.2251E+00  1.8616E+00
8.7523E-03  2.2248E+00  1.8613E+00
8.7530E-03  2.2241E+00  1.8605E+00
8.7536E-03  2.2233E+00  1.8598E+00
8.7542E-03  2.2226E+00  1.8590E+00
8.7548E-03  2.2222E+00  1.8587E+00
8.7554E-03  2.2233E+00  1.8597E+00
8.7560E-03  2.2244E+00  1.8609E+00
8.7566E-03  2.2255E+00  1.8620E+00
8.7573E-03  2.2261E+00  1.8626E+00
8.7579E-03  2.2245E+00  1.8610E+00
8.7585E-03  2.2228E+00  1.8593E+00
8.7591E-03  2.2211E+00  1.8575E+00
8.7597E-03  2.2196E+00  1.8560E+00
8.7603E-03  2.2192E+00  1.8557E+00
8.7610E-03  2.2190E+00  1.8554E+00
8.7616E-03  2.2187E+00  1.8552E+00
8.7622E-03  2.2185E+00  1.8550E+00
8.7628E-03  2.2181E+00  1.8546E+00
8.7634E-03  2.2178E+00  1.8542E+00
8.7640E-03  2.2174E+00  1.8538E+00
8.7647E-03  2.2170E+00  1.8534E+00
8.7653E-03  2.2163E+00  1.8528E+00
8.7659E-03  2.2156E+00  1.8521E+00
8.7665E-03  2.2150E+00  1.8514E+00
8.7671E-03  2.2144E+00  1.8509E+00
8.7677E-03  2.2150E+00  1.8515E+00
8.7684E-03  2.2158E+00  1.8523E+00
8.7690E-03  2.2167E+00  1.8531E+00
8.7696E-03  2.2173E+00  1.8538E+00
8.7702E-03  2.2163E+00  1.8527E+00
8.7708E-03  2.2147E+00  1.8511E+00
8.7714E-03  2.2130E+00  1.8495E+00
8.7721E-03  2.2115E+00  1.8480E+00
8.7727E-03  2.2108E+00  1.8473E+00
8.7733E-03  2.2105E+00  1.8470E+00
8.7739E-03  2.2101E+00  1.8466E+00
8.7745E-03  2.2098E+00  1.8463E+00
8.7751E-03  2.2094E+00  1.8458E+00
8.7758E-03  2.2089E+00  1.8454E+00
8.7764E-03  2.2085E+00  1.8450E+00
8.7770E-03  2.2081E+00  1.8446E+00
8.7776E-03  2.2077E+00  1.8442E+00
8.7782E-03  2.2073E+00  1.8438E+00
8.7789E-03  2.2070E+00  1.8434E+00
8.7795E-03  2.2066E+00  1.8431E+00
8.7801E-03  2.2062E+00  1.8427E+00
8.7807E-03  2.2058E+00  1.8422E+00
8.7813E-03  2.2054E+00  1.8418E+00
8.7819E-03  2.2049E+00  1.8414E+00
8.7826E-03  2.2045E+00  1.8410E+00
8.7832E-03  2.2042E+00  1.8406E+00
8.7838E-03  2.2038E+00  1.8403E+00
8.7844E-03  2.2034E+00  1.8399E+00
8.7850E-03  2.2031E+00  1.8395E+00
8.7857E-03  2.2027E+00  1.8392E+00
8.7863E-03  2.2024E+00  1.8388E+00
8.7869E-03  2.2020E+00  1.8385E+00
8.7875E-03  2.2016E+00  1.8381E+00
8.7881E-03  2.2012E+00  1.8377E+00
8.7887E-03  2.2008E+00  1.8373E+00
8.7894E-03  2.2004E+00  1.8368E+00
8.7900E-03  2.2000E+00  1.8364E+00
8.7906E-03  2.1996E+00  1.8360E+00
8.7912E-03  2.1992E+00  1.8357E+00
8.7918E-03  2.1988E+00  1.8353E+00
8.7925E-03  2.1986E+00  1.8350E+00
8.7931E-03  2.1985E+00  1.8350E+00
8.7937E-03  2.1984E+00  1.8349E+00
8.7943E-03  2.1984E+00  1.8348E+00
8.7949E-03  2.1981E+00  1.8345E+00
8.7955E-03  2.1974E+00  1.8338E+00
8.7962E-03  2.1967E+00  1.8332E+00
8.7968E-03  2.1960E+00  1.8325E+00
8.7974E-03  2.1954E+00  1.8319E+00
8.7980E-03  2.1950E+00  1.8315E+00
8.7986E-03  2.1947E+00  1.8311E+00
8.7993E-03  2.1943E+00  1.8308E+00
8.7999E-03  2.1939E+00  1.8304E+00
8.8005E-03  2.1936E+00  1.8301E+00
8.8011E-03  2.1933E+00  1.8297E+00
8.8017E-03  2.1929E+00  1.8294E+00
8.8024E-03  2.1926E+00  1.8290E+00
8.8030E-03  2.1922E+00  1.8286E+00
8.8036E-03  2.1918E+00  1.8283E+00
8.8042E-03  2.1914E+00  1.8279E+00
8.8048E-03  2.1910E+00  1.8275E+00
8.8055E-03  2.1906E+00  1.8271E+00
8.8061E-03  2.1902E+00  1.8267E+00
8.8067E-03  2.1898E+00  1.8263E+00
8.8073E-03  2.1894E+00  1.8259E+00
8.8079E-03  2.1891E+00  1.8255E+00
8.8086E-03  2.1887E+00  1.8252E+00
8.8092E-03  2.1883E+00  1.8248E+00
8.8098E-03  2.1879E+00  1.8244E+00
8.8104E-03  2.1876E+00  1.8240E+00
8.8110E-03  2.1872E+00  1.8237E+00
8.8116E-03  2.1868E+00  1.8233E+00
8.8123E-03  2.1865E+00  1.8229E+00
8.8129E-03  2.1861E+00  1.8226E+00
8.8135E-03  2.1858E+00  1.8222E+00
8.8141E-03  2.1854E+00  1.8219E+00
8.8147E-03  2.1851E+00  1.8215E+00
8.8154E-03  2.1847E+00  1.8211E+00
8.8160E-03  2.1843E+00  1.8207E+00
8.8166E-03  2.1839E+00  1.8203E+00
8.8172E-03  2.1835E+00  1.8200E+00
8.8179E-03  2.1831E+00  1.8196E+00
8.8185E-03  2.1828E+00  1.8192E+00
8.8191E-03  2.1824E+00  1.8188E+00
8.8197E-03  2.1820E+00  1.8185E+00
8.8203E-03  2.1817E+00  1.8181E+00
8.8210E-03  2.1813E+00  1.8178E+00
8.8216E-03  2.1810E+00  1.8174E+00
8.8222E-03  2.1806E+00  1.8171E+00
8.8228E-03  2.1804E+00  1.8168E+00
8.8234E-03  2.1801E+00  1.8166E+00
8.8241E-03  2.1799E+00  1.8164E+00
8.8247E-03  2.1797E+00  1.8161E+00
8.8253E-03  2.1796E+00  1.8161E+00
8.8259E-03  2.1796E+00  1.8160E+00
8.8265E-03  2.1795E+00  1.8160E+00
8.8272E-03  2.1794E+00  1.8159E+00
8.8278E-03  2.1789E+00  1.8154E+00
8.8284E-03  2.1783E+00  1.8148E+00
8.8290E-03  2.1777E+00  1.8142E+00
8.8296E-03  2.1771E+00  1.8136E+00
8.8303E-03  2.1766E+00  1.8130E+00
8.8309E-03  2.1760E+00  1.8124E+00
8.8315E-03  2.1754E+00  1.8118E+00
8.8321E-03  2.1748E+00  1.8112E+00
8.8328E-03  2.1744E+00  1.8108E+00
8.8334E-03  2.1740E+00  1.8104E+00
8.8340E-03  2.1736E+00  1.8100E+00
8.8346E-03  2.1732E+00  1.8097E+00
8.8352E-03  2.1728E+00  1.8093E+00
8.8359E-03  2.1725E+00  1.8089E+00
8.8365E-03  2.1721E+00  1.8086E+00
8.8371E-03  2.1718E+00  1.8082E+00
8.8377E-03  2.1715E+00  1.8079E+00
8.8383E-03  2.1712E+00  1.8076E+00
8.8390E-03  2.1709E+00  1.8074E+00
8.8396E-03  2.1706E+00  1.8071E+00
8.8402E-03  2.1702E+00  1.8067E+00
8.8408E-03  2.1698E+00  1.8062E+00
8.8415E-03  2.1694E+00  1.8058E+00
8.8421E-03  2.1689E+00  1.8054E+00
8.8427E-03  2.1686E+00  1.8051E+00
8.8433E-03  2.1683E+00  1.8047E+00
8.8439E-03  2.1680E+00  1.8044E+00
8.8446E-03  2.1676E+00  1.8041E+00
8.8452E-03  2.1675E+00  1.8039E+00
8.8458E-03  2.1673E+00  1.8038E+00
8.8464E-03  2.1672E+00  1.8036E+00
8.8471E-03  2.1670E+00  1.8035E+00
8.8477E-03  2.1668E+00  1.8032E+00
8.8483E-03  2.1664E+00  1.8029E+00
8.8489E-03  2.1661E+00  1.8026E+00
8.8495E-03  2.1658E+00  1.8022E+00
8.8502E-03  2.1653E+00  1.8018E+00
8.8508E-03  2.1648E+00  1.8012E+00
8.8514E-03  2.1642E+00  1.8007E+00
8.8520E-03  2.1637E+00  1.8001E+00
8.8527E-03  2.1636E+00  1.8001E+00
8.8533E-03  2.1637E+00  1.8002E+00
8.8539E-03  2.1638E+00  1.8003E+00
8.8545E-03  2.1639E+00  1.8004E+00
8.8552E-03  2.1635E+00  1.7999E+00
8.8558E-03  2.1628E+00  1.7993E+00
8.8564E-03  2.1621E+00  1.7986E+00
8.8570E-03  2.1615E+00  1.7979E+00
8.8576E-03  2.1610E+00  1.7975E+00
8.8583E-03  2.1607E+00  1.7971E+00