Number of T =   1  Number of rho =   1  Number of materials =   9
TOPS results for  phLine1T0       on Sep 19, 2026
Opacities in cm**2/gm, T in keV, density in gm/cc
Normalized composition for requested elements
No. Fraction Mass Fraction  At. No.  Chem. Sym.  Mat ID.
9.7044E-01   8.8941E-01      1         H         4525
2.9297E-02   1.0664E-01      2         He        4675
2.4325E-06   2.6953E-05      6         C         4387
1.1017E-04   1.4030E-03      7         N         4005
8.3156E-05   1.2116E-03      8         O         4105
2.5313E-09   4.3732E-08      9         F         4405
2.2228E-05   4.0413E-04     10         Ne        4145
4.1339E-05   9.0165E-04     12         Mg        4682
2.1699E-07   7.8856E-06     20         Ca        2302
Temperature grid used the following   1 points
1.5000E-03
Density grid used the following   1 points
1.9163E-09
Photon grid used the following 999 points
8.2576E-03  8.2582E-03  8.2588E-03  8.2594E-03  8.2600E-03  8.2605E-03
8.2611E-03  8.2617E-03  8.2623E-03  8.2629E-03  8.2635E-03  8.2640E-03
8.2646E-03  8.2652E-03  8.2658E-03  8.2664E-03  8.2669E-03  8.2675E-03
8.2681E-03  8.2687E-03  8.2693E-03  8.2699E-03  8.2704E-03  8.2710E-03
8.2716E-03  8.2722E-03  8.2728E-03  8.2733E-03  8.2739E-03  8.2745E-03
8.2751E-03  8.2757E-03  8.2763E-03  8.2768E-03  8.2774E-03  8.2780E-03
8.2786E-03  8.2792E-03  8.2797E-03  8.2803E-03  8.2809E-03  8.2815E-03
8.2821E-03  8.2827E-03  8.2832E-03  8.2838E-03  8.2844E-03  8.2850E-03
8.2856E-03  8.2862E-03  8.2867E-03  8.2873E-03  8.2879E-03  8.2885E-03
8.2891E-03  8.2897E-03  8.2902E-03  8.2908E-03  8.2914E-03  8.2920E-03
8.2926E-03  8.2932E-03  8.2937E-03  8.2943E-03  8.2949E-03  8.2955E-03
8.2961E-03  8.2967E-03  8.2972E-03  8.2978E-03  8.2984E-03  8.2990E-03
8.2996E-03  8.3002E-03  8.3007E-03  8.3013E-03  8.3019E-03  8.3025E-03
8.3031E-03  8.3037E-03  8.3042E-03  8.3048E-03  8.3054E-03  8.3060E-03
8.3066E-03  8.3072E-03  8.3078E-03  8.3083E-03  8.3089E-03  8.3095E-03
8.3101E-03  8.3107E-03  8.3113E-03  8.3118E-03  8.3124E-03  8.3130E-03
8.3136E-03  8.3142E-03  8.3148E-03  8.3154E-03  8.3159E-03  8.3165E-03
8.3171E-03  8.3177E-03  8.3183E-03  8.3189E-03  8.3195E-03  8.3200E-03
8.3206E-03  8.3212E-03  8.3218E-03  8.3224E-03  8.3230E-03  8.3236E-03
8.3241E-03  8.3247E-03  8.3253E-03  8.3259E-03  8.3265E-03  8.3271E-03
8.3277E-03  8.3282E-03  8.3288E-03  8.3294E-03  8.3300E-03  8.3306E-03
8.3312E-03  8.3318E-03  8.3323E-03  8.3329E-03  8.3335E-03  8.3341E-03
8.3347E-03  8.3353E-03  8.3359E-03  8.3364E-03  8.3370E-03  8.3376E-03
8.3382E-03  8.3388E-03  8.3394E-03  8.3400E-03  8.3405E-03  8.3411E-03
8.3417E-03  8.3423E-03  8.3429E-03  8.3435E-03  8.3441E-03  8.3447E-03
8.3452E-03  8.3458E-03  8.3464E-03  8.3470E-03  8.3476E-03  8.3482E-03
8.3488E-03  8.3494E-03  8.3499E-03  8.3505E-03  8.3511E-03  8.3517E-03
8.3523E-03  8.3529E-03  8.3535E-03  8.3541E-03  8.3546E-03  8.3552E-03
8.3558E-03  8.3564E-03  8.3570E-03  8.3576E-03  8.3582E-03  8.3588E-03
8.3593E-03  8.3599E-03  8.3605E-03  8.3611E-03  8.3617E-03  8.3623E-03
8.3629E-03  8.3635E-03  8.3641E-03  8.3646E-03  8.3652E-03  8.3658E-03
8.3664E-03  8.3670E-03  8.3676E-03  8.3682E-03  8.3688E-03  8.3694E-03
8.3699E-03  8.3705E-03  8.3711E-03  8.3717E-03  8.3723E-03  8.3729E-03
8.3735E-03  8.3741E-03  8.3747E-03  8.3752E-03  8.3758E-03  8.3764E-03
8.3770E-03  8.3776E-03  8.3782E-03  8.3788E-03  8.3794E-03  8.3800E-03
8.3805E-03  8.3811E-03  8.3817E-03  8.3823E-03  8.3829E-03  8.3835E-03
8.3841E-03  8.3847E-03  8.3853E-03  8.3859E-03  8.3864E-03  8.3870E-03
8.3876E-03  8.3882E-03  8.3888E-03  8.3894E-03  8.3900E-03  8.3906E-03
8.3912E-03  8.3918E-03  8.3923E-03  8.3929E-03  8.3935E-03  8.3941E-03
8.3947E-03  8.3953E-03  8.3959E-03  8.3965E-03  8.3971E-03  8.3977E-03
8.3983E-03  8.3988E-03  8.3994E-03  8.4000E-03  8.4006E-03  8.4012E-03
8.4018E-03  8.4024E-03  8.4030E-03  8.4036E-03  8.4042E-03  8.4048E-03
8.4053E-03  8.4059E-03  8.4065E-03  8.4071E-03  8.4077E-03  8.4083E-03
8.4089E-03  8.4095E-03  8.4101E-03  8.4107E-03  8.4113E-03  8.4119E-03
8.4124E-03  8.4130E-03  8.4136E-03  8.4142E-03  8.4148E-03  8.4154E-03
8.4160E-03  8.4166E-03  8.4172E-03  8.4178E-03  8.4184E-03  8.4190E-03
8.4196E-03  8.4201E-03  8.4207E-03  8.4213E-03  8.4219E-03  8.4225E-03
8.4231E-03  8.4237E-03  8.4243E-03  8.4249E-03  8.4255E-03  8.4261E-03
8.4267E-03  8.4273E-03  8.4278E-03  8.4284E-03  8.4290E-03  8.4296E-03
8.4302E-03  8.4308E-03  8.4314E-03  8.4320E-03  8.4326E-03  8.4332E-03
8.4338E-03  8.4344E-03  8.4350E-03  8.4356E-03  8.4362E-03  8.4367E-03
8.4373E-03  8.4379E-03  8.4385E-03  8.4391E-03  8.4397E-03  8.4403E-03
8.4409E-03  8.4415E-03  8.4421E-03  8.4427E-03  8.4433E-03  8.4439E-03
8.4445E-03  8.4451E-03  8.4457E-03  8.4462E-03  8.4468E-03  8.4474E-03
8.4480E-03  8.4486E-03  8.4492E-03  8.4498E-03  8.4504E-03  8.4510E-03
8.4516E-03  8.4522E-03  8.4528E-03  8.4534E-03  8.4540E-03  8.4546E-03
8.4552E-03  8.4558E-03  8.4564E-03  8.4570E-03  8.4575E-03  8.4581E-03
8.4587E-03  8.4593E-03  8.4599E-03  8.4605E-03  8.4611E-03  8.4617E-03
8.4623E-03  8.4629E-03  8.4635E-03  8.4641E-03  8.4647E-03  8.4653E-03
8.4659E-03  8.4665E-03  8.4671E-03  8.4677E-03  8.4683E-03  8.4689E-03
8.4695E-03  8.4701E-03  8.4706E-03  8.4712E-03  8.4718E-03  8.4724E-03
8.4730E-03  8.4736E-03  8.4742E-03  8.4748E-03  8.4754E-03  8.4760E-03
8.4766E-03  8.4772E-03  8.4778E-03  8.4784E-03  8.4790E-03  8.4796E-03
8.4802E-03  8.4808E-03  8.4814E-03  8.4820E-03  8.4826E-03  8.4832E-03
8.4838E-03  8.4844E-03  8.4850E-03  8.4856E-03  8.4862E-03  8.4868E-03
8.4873E-03  8.4879E-03  8.4885E-03  8.4891E-03  8.4897E-03  8.4903E-03
8.4909E-03  8.4915E-03  8.4921E-03  8.4927E-03  8.4933E-03  8.4939E-03
8.4945E-03  8.4951E-03  8.4957E-03  8.4963E-03  8.4969E-03  8.4975E-03
8.4981E-03  8.4987E-03  8.4993E-03  8.4999E-03  8.5005E-03  8.5011E-03
8.5017E-03  8.5023E-03  8.5029E-03  8.5035E-03  8.5041E-03  8.5047E-03
8.5053E-03  8.5059E-03  8.5065E-03  8.5071E-03  8.5077E-03  8.5083E-03
8.5089E-03  8.5095E-03  8.5101E-03  8.5107E-03  8.5113E-03  8.5119E-03
8.5125E-03  8.5131E-03  8.5137E-03  8.5143E-03  8.5149E-03  8.5155E-03
8.5161E-03  8.5167E-03  8.5173E-03  8.5179E-03  8.5185E-03  8.5191E-03
8.5197E-03  8.5203E-03  8.5209E-03  8.5215E-03  8.5221E-03  8.5227E-03
8.5233E-03  8.5239E-03  8.5245E-03  8.5250E-03  8.5256E-03  8.5262E-03
8.5268E-03  8.5274E-03  8.5280E-03  8.5286E-03  8.5292E-03  8.5298E-03
8.5304E-03  8.5310E-03  8.5316E-03  8.5322E-03  8.5329E-03  8.5335E-03
8.5341E-03  8.5347E-03  8.5353E-03  8.5359E-03  8.5365E-03  8.5371E-03
8.5377E-03  8.5383E-03  8.5389E-03  8.5395E-03  8.5401E-03  8.5407E-03
8.5413E-03  8.5419E-03  8.5425E-03  8.5431E-03  8.5437E-03  8.5443E-03
8.5449E-03  8.5455E-03  8.5461E-03  8.5467E-03  8.5473E-03  8.5479E-03
8.5485E-03  8.5491E-03  8.5497E-03  8.5503E-03  8.5509E-03  8.5515E-03
8.5521E-03  8.5527E-03  8.5533E-03  8.5539E-03  8.5545E-03  8.5551E-03
8.5557E-03  8.5563E-03  8.5569E-03  8.5575E-03  8.5581E-03  8.5587E-03
8.5593E-03  8.5599E-03  8.5605E-03  8.5611E-03  8.5617E-03  8.5623E-03
8.5629E-03  8.5635E-03  8.5641E-03  8.5647E-03  8.5653E-03  8.5659E-03
8.5665E-03  8.5671E-03  8.5677E-03  8.5683E-03  8.5689E-03  8.5695E-03
8.5702E-03  8.5708E-03  8.5714E-03  8.5720E-03  8.5726E-03  8.5732E-03
8.5738E-03  8.5744E-03  8.5750E-03  8.5756E-03  8.5762E-03  8.5768E-03
8.5774E-03  8.5780E-03  8.5786E-03  8.5792E-03  8.5798E-03  8.5804E-03
8.5810E-03  8.5816E-03  8.5822E-03  8.5828E-03  8.5834E-03  8.5840E-03
8.5846E-03  8.5852E-03  8.5858E-03  8.5864E-03  8.5870E-03  8.5877E-03
8.5883E-03  8.5889E-03  8.5895E-03  8.5901E-03  8.5907E-03  8.5913E-03
8.5919E-03  8.5925E-03  8.5931E-03  8.5937E-03  8.5943E-03  8.5949E-03
8.5955E-03  8.5961E-03  8.5967E-03  8.5973E-03  8.5979E-03  8.5985E-03
8.5991E-03  8.5997E-03  8.6004E-03  8.6010E-03  8.6016E-03  8.6022E-03
8.6028E-03  8.6034E-03  8.6040E-03  8.6046E-03  8.6052E-03  8.6058E-03
8.6064E-03  8.6070E-03  8.6076E-03  8.6082E-03  8.6088E-03  8.6094E-03
8.6100E-03  8.6106E-03  8.6112E-03  8.6119E-03  8.6125E-03  8.6131E-03
8.6137E-03  8.6143E-03  8.6149E-03  8.6155E-03  8.6161E-03  8.6167E-03
8.6173E-03  8.6179E-03  8.6185E-03  8.6191E-03  8.6197E-03  8.6203E-03
8.6209E-03  8.6216E-03  8.6222E-03  8.6228E-03  8.6234E-03  8.6240E-03
8.6246E-03  8.6252E-03  8.6258E-03  8.6264E-03  8.6270E-03  8.6276E-03
8.6282E-03  8.6288E-03  8.6294E-03  8.6300E-03  8.6307E-03  8.6313E-03
8.6319E-03  8.6325E-03  8.6331E-03  8.6337E-03  8.6343E-03  8.6349E-03
8.6355E-03  8.6361E-03  8.6367E-03  8.6373E-03  8.6379E-03  8.6386E-03
8.6392E-03  8.6398E-03  8.6404E-03  8.6410E-03  8.6416E-03  8.6422E-03
8.6428E-03  8.6434E-03  8.6440E-03  8.6446E-03  8.6452E-03  8.6458E-03
8.6465E-03  8.6471E-03  8.6477E-03  8.6483E-03  8.6489E-03  8.6495E-03
8.6501E-03  8.6507E-03  8.6513E-03  8.6519E-03  8.6525E-03  8.6532E-03
8.6538E-03  8.6544E-03  8.6550E-03  8.6556E-03  8.6562E-03  8.6568E-03
8.6574E-03  8.6580E-03  8.6586E-03  8.6592E-03  8.6599E-03  8.6605E-03
8.6611E-03  8.6617E-03  8.6623E-03  8.6629E-03  8.6635E-03  8.6641E-03
8.6647E-03  8.6653E-03  8.6659E-03  8.6666E-03  8.6672E-03  8.6678E-03
8.6684E-03  8.6690E-03  8.6696E-03  8.6702E-03  8.6708E-03  8.6714E-03
8.6720E-03  8.6727E-03  8.6733E-03  8.6739E-03  8.6745E-03  8.6751E-03
8.6757E-03  8.6763E-03  8.6769E-03  8.6775E-03  8.6781E-03  8.6788E-03
8.6794E-03  8.6800E-03  8.6806E-03  8.6812E-03  8.6818E-03  8.6824E-03
8.6830E-03  8.6836E-03  8.6843E-03  8.6849E-03  8.6855E-03  8.6861E-03
8.6867E-03  8.6873E-03  8.6879E-03  8.6885E-03  8.6891E-03  8.6898E-03
8.6904E-03  8.6910E-03  8.6916E-03  8.6922E-03  8.6928E-03  8.6934E-03
8.6940E-03  8.6946E-03  8.6953E-03  8.6959E-03  8.6965E-03  8.6971E-03
8.6977E-03  8.6983E-03  8.6989E-03  8.6995E-03  8.7002E-03  8.7008E-03
8.7014E-03  8.7020E-03  8.7026E-03  8.7032E-03  8.7038E-03  8.7044E-03
8.7051E-03  8.7057E-03  8.7063E-03  8.7069E-03  8.7075E-03  8.7081E-03
8.7087E-03  8.7093E-03  8.7100E-03  8.7106E-03  8.7112E-03  8.7118E-03
8.7124E-03  8.7130E-03  8.7136E-03  8.7142E-03  8.7149E-03  8.7155E-03
8.7161E-03  8.7167E-03  8.7173E-03  8.7179E-03  8.7185E-03  8.7191E-03
8.7198E-03  8.7204E-03  8.7210E-03  8.7216E-03  8.7222E-03  8.7228E-03
8.7234E-03  8.7241E-03  8.7247E-03  8.7253E-03  8.7259E-03  8.7265E-03
8.7271E-03  8.7277E-03  8.7284E-03  8.7290E-03  8.7296E-03  8.7302E-03
8.7308E-03  8.7314E-03  8.7320E-03  8.7327E-03  8.7333E-03  8.7339E-03
8.7345E-03  8.7351E-03  8.7357E-03  8.7363E-03  8.7370E-03  8.7376E-03
8.7382E-03  8.7388E-03  8.7394E-03  8.7400E-03  8.7406E-03  8.7413E-03
8.7419E-03  8.7425E-03  8.7431E-03  8.7437E-03  8.7443E-03  8.7450E-03
8.7456E-03  8.7462E-03  8.7468E-03  8.7474E-03  8.7480E-03  8.7486E-03
8.7493E-03  8.7499E-03  8.7505E-03  8.7511E-03  8.7517E-03  8.7523E-03
8.7530E-03  8.7536E-03  8.7542E-03  8.7548E-03  8.7554E-03  8.7560E-03
8.7566E-03  8.7573E-03  8.7579E-03  8.7585E-03  8.7591E-03  8.7597E-03
8.7603E-03  8.7610E-03  8.7616E-03  8.7622E-03  8.7628E-03  8.7634E-03
8.7640E-03  8.7647E-03  8.7653E-03  8.7659E-03  8.7665E-03  8.7671E-03
8.7677E-03  8.7684E-03  8.7690E-03  8.7696E-03  8.7702E-03  8.7708E-03
8.7714E-03  8.7721E-03  8.7727E-03  8.7733E-03  8.7739E-03  8.7745E-03
8.7751E-03  8.7758E-03  8.7764E-03  8.7770E-03  8.7776E-03  8.7782E-03
8.7789E-03  8.7795E-03  8.7801E-03  8.7807E-03  8.7813E-03  8.7819E-03
8.7826E-03  8.7832E-03  8.7838E-03  8.7844E-03  8.7850E-03  8.7857E-03
8.7863E-03  8.7869E-03  8.7875E-03  8.7881E-03  8.7887E-03  8.7894E-03
8.7900E-03  8.7906E-03  8.7912E-03  8.7918E-03  8.7925E-03  8.7931E-03
8.7937E-03  8.7943E-03  8.7949E-03  8.7955E-03  8.7962E-03  8.7968E-03
8.7974E-03  8.7980E-03  8.7986E-03  8.7993E-03  8.7999E-03  8.8005E-03
8.8011E-03  8.8017E-03  8.8024E-03  8.8030E-03  8.8036E-03  8.8042E-03
8.8048E-03  8.8055E-03  8.8061E-03  8.8067E-03  8.8073E-03  8.8079E-03
8.8086E-03  8.8092E-03  8.8098E-03  8.8104E-03  8.8110E-03  8.8116E-03
8.8123E-03  8.8129E-03  8.8135E-03  8.8141E-03  8.8147E-03  8.8154E-03
8.8160E-03  8.8166E-03  8.8172E-03  8.8179E-03  8.8185E-03  8.8191E-03
8.8197E-03  8.8203E-03  8.8210E-03  8.8216E-03  8.8222E-03  8.8228E-03
8.8234E-03  8.8241E-03  8.8247E-03  8.8253E-03  8.8259E-03  8.8265E-03
8.8272E-03  8.8278E-03  8.8284E-03  8.8290E-03  8.8296E-03  8.8303E-03
8.8309E-03  8.8315E-03  8.8321E-03  8.8328E-03  8.8334E-03  8.8340E-03
8.8346E-03  8.8352E-03  8.8359E-03  8.8365E-03  8.8371E-03  8.8377E-03
8.8383E-03  8.8390E-03  8.8396E-03  8.8402E-03  8.8408E-03  8.8415E-03
8.8421E-03  8.8427E-03  8.8433E-03  8.8439E-03  8.8446E-03  8.8452E-03
8.8458E-03  8.8464E-03  8.8471E-03  8.8477E-03  8.8483E-03  8.8489E-03
8.8495E-03  8.8502E-03  8.8508E-03  8.8514E-03  8.8520E-03  8.8527E-03
8.8533E-03  8.8539E-03  8.8545E-03  8.8552E-03  8.8558E-03  8.8564E-03
8.8570E-03  8.8576E-03  8.8583E-03
Rosseland and Planck opacities and free electrons
Density     Ross opa    Planck opa  No. Free    Av Sq Free  T=  1.5000E-03
1.9163E-09  9.1378E+00  1.1273E+03  9.8847E-01  9.8856E-01
Multigroup opacities
Energy      Ross mg     Planck mg    for T, density =   1.5000E-03  1.9163E-09
8.2576E-03  5.6586E+00  5.2993E+00
8.2582E-03  5.6578E+00  5.2985E+00
8.2588E-03  5.6570E+00  5.2977E+00
8.2594E-03  5.6556E+00  5.2963E+00
8.2600E-03  5.6537E+00  5.2944E+00
8.2605E-03  5.6518E+00  5.2925E+00
8.2611E-03  5.6502E+00  5.2908E+00
8.2617E-03  5.6490E+00  5.2896E+00
8.2623E-03  5.6478E+00  5.2885E+00
8.2629E-03  5.6466E+00  5.2873E+00
8.2635E-03  5.6455E+00  5.2862E+00
8.2640E-03  5.6444E+00  5.2851E+00
8.2646E-03  5.6433E+00  5.2840E+00
8.2652E-03  5.6422E+00  5.2829E+00
8.2658E-03  5.6411E+00  5.2817E+00
8.2664E-03  5.6400E+00  5.2806E+00
8.2669E-03  5.6389E+00  5.2795E+00
8.2675E-03  5.6378E+00  5.2785E+00
8.2681E-03  5.6368E+00  5.2775E+00
8.2687E-03  5.6357E+00  5.2764E+00
8.2693E-03  5.6346E+00  5.2753E+00
8.2699E-03  5.6335E+00  5.2741E+00
8.2704E-03  5.6324E+00  5.2730E+00
8.2710E-03  5.6312E+00  5.2719E+00
8.2716E-03  5.6301E+00  5.2708E+00
8.2722E-03  5.6290E+00  5.2697E+00
8.2728E-03  5.6279E+00  5.2686E+00
8.2733E-03  5.6268E+00  5.2675E+00
8.2739E-03  5.6257E+00  5.2664E+00
8.2745E-03  5.6247E+00  5.2653E+00
8.2751E-03  5.6236E+00  5.2643E+00
8.2757E-03  5.6226E+00  5.2632E+00
8.2763E-03  5.6215E+00  5.2621E+00
8.2768E-03  5.6203E+00  5.2610E+00
8.2774E-03  5.6192E+00  5.2598E+00
8.2780E-03  5.6181E+00  5.2587E+00
8.2786E-03  5.6169E+00  5.2576E+00
8.2792E-03  5.6158E+00  5.2565E+00
8.2797E-03  5.6147E+00  5.2554E+00
8.2803E-03  5.6136E+00  5.2543E+00
8.2809E-03  5.6125E+00  5.2532E+00
8.2815E-03  5.6114E+00  5.2521E+00
8.2821E-03  5.6104E+00  5.2511E+00
8.2827E-03  5.6095E+00  5.2501E+00
8.2832E-03  5.6085E+00  5.2492E+00
8.2838E-03  5.6074E+00  5.2480E+00
8.2844E-03  5.6062E+00  5.2468E+00
8.2850E-03  5.6049E+00  5.2456E+00
8.2856E-03  5.6038E+00  5.2444E+00
8.2862E-03  5.6027E+00  5.2433E+00
8.2867E-03  5.6016E+00  5.2422E+00
8.2873E-03  5.6005E+00  5.2411E+00
8.2879E-03  5.5994E+00  5.2400E+00
8.2885E-03  5.5983E+00  5.2389E+00
8.2891E-03  5.5972E+00  5.2378E+00
8.2897E-03  5.5961E+00  5.2368E+00
8.2902E-03  5.5950E+00  5.2357E+00
8.2908E-03  5.5940E+00  5.2346E+00
8.2914E-03  5.5929E+00  5.2335E+00
8.2920E-03  5.5918E+00  5.2324E+00
8.2926E-03  5.5907E+00  5.2314E+00
8.2932E-03  5.5896E+00  5.2303E+00
8.2937E-03  5.5885E+00  5.2292E+00
8.2943E-03  5.5874E+00  5.2281E+00
8.2949E-03  5.5863E+00  5.2270E+00
8.2955E-03  5.5853E+00  5.2259E+00
8.2961E-03  5.5842E+00  5.2249E+00
8.2967E-03  5.5832E+00  5.2238E+00
8.2972E-03  5.5821E+00  5.2228E+00
8.2978E-03  5.5810E+00  5.2217E+00
8.2984E-03  5.5800E+00  5.2206E+00
8.2990E-03  5.5789E+00  5.2196E+00
8.2996E-03  5.5779E+00  5.2186E+00
8.3002E-03  5.5769E+00  5.2176E+00
8.3007E-03  5.5758E+00  5.2165E+00
8.3013E-03  5.5746E+00  5.2153E+00
8.3019E-03  5.5735E+00  5.2141E+00
8.3025E-03  5.5723E+00  5.2130E+00
8.3031E-03  5.5712E+00  5.2118E+00
8.3037E-03  5.5701E+00  5.2107E+00
8.3042E-03  5.5689E+00  5.2096E+00
8.3048E-03  5.5679E+00  5.2085E+00
8.3054E-03  5.5668E+00  5.2074E+00
8.3060E-03  5.5657E+00  5.2063E+00
8.3066E-03  5.5646E+00  5.2052E+00
8.3072E-03  5.5635E+00  5.2042E+00
8.3078E-03  5.5624E+00  5.2031E+00
8.3083E-03  5.5614E+00  5.2021E+00
8.3089E-03  5.5604E+00  5.2011E+00
8.3095E-03  5.5594E+00  5.2001E+00
8.3101E-03  5.5585E+00  5.1991E+00
8.3107E-03  5.5576E+00  5.1982E+00
8.3113E-03  5.5567E+00  5.1973E+00
8.3118E-03  5.5556E+00  5.1962E+00
8.3124E-03  5.5543E+00  5.1949E+00
8.3130E-03  5.5530E+00  5.1936E+00
8.3136E-03  5.5520E+00  5.1926E+00
8.3142E-03  5.5518E+00  5.1924E+00
8.3148E-03  5.5515E+00  5.1922E+00
8.3154E-03  5.5511E+00  5.1917E+00
8.3159E-03  5.5493E+00  5.1900E+00
8.3165E-03  5.5474E+00  5.1881E+00
8.3171E-03  5.5456E+00  5.1862E+00
8.3177E-03  5.5442E+00  5.1849E+00
8.3183E-03  5.5431E+00  5.1837E+00
8.3189E-03  5.5420E+00  5.1826E+00
8.3195E-03  5.5409E+00  5.1816E+00
8.3200E-03  5.5400E+00  5.1806E+00
8.3206E-03  5.5390E+00  5.1797E+00
8.3212E-03  5.5380E+00  5.1786E+00
8.3218E-03  5.5369E+00  5.1775E+00
8.3224E-03  5.5358E+00  5.1764E+00
8.3230E-03  5.5347E+00  5.1753E+00
8.3236E-03  5.5335E+00  5.1741E+00
8.3241E-03  5.5323E+00  5.1729E+00
8.3247E-03  5.5311E+00  5.1718E+00
8.3253E-03  5.5300E+00  5.1706E+00
8.3259E-03  5.5288E+00  5.1695E+00
8.3265E-03  5.5277E+00  5.1683E+00
8.3271E-03  5.5266E+00  5.1673E+00
8.3277E-03  5.5256E+00  5.1662E+00
8.3282E-03  5.5245E+00  5.1652E+00
8.3288E-03  5.5234E+00  5.1641E+00
8.3294E-03  5.5223E+00  5.1629E+00
8.3300E-03  5.5212E+00  5.1618E+00
8.3306E-03  5.5201E+00  5.1607E+00
8.3312E-03  5.5190E+00  5.1596E+00
8.3318E-03  5.5179E+00  5.1586E+00
8.3323E-03  5.5170E+00  5.1576E+00
8.3329E-03  5.5163E+00  5.1569E+00
8.3335E-03  5.5156E+00  5.1562E+00
8.3341E-03  5.5148E+00  5.1554E+00
8.3347E-03  5.5134E+00  5.1540E+00
8.3353E-03  5.5119E+00  5.1525E+00
8.3359E-03  5.5104E+00  5.1511E+00
8.3364E-03  5.5093E+00  5.1499E+00
8.3370E-03  5.5082E+00  5.1488E+00
8.3376E-03  5.5071E+00  5.1477E+00
8.3382E-03  5.5060E+00  5.1466E+00
8.3388E-03  5.5049E+00  5.1455E+00
8.3394E-03  5.5038E+00  5.1444E+00
8.3400E-03  5.5027E+00  5.1434E+00
8.3405E-03  5.5016E+00  5.1423E+00
8.3411E-03  5.5006E+00  5.1412E+00
8.3417E-03  5.4995E+00  5.1401E+00
8.3423E-03  5.4984E+00  5.1391E+00
8.3429E-03  5.4974E+00  5.1380E+00
8.3435E-03  5.4963E+00  5.1370E+00
8.3441E-03  5.4953E+00  5.1359E+00
8.3447E-03  5.4942E+00  5.1348E+00
8.3452E-03  5.4931E+00  5.1337E+00
8.3458E-03  5.4920E+00  5.1326E+00
8.3464E-03  5.4909E+00  5.1315E+00
8.3470E-03  5.4898E+00  5.1304E+00
8.3476E-03  5.4887E+00  5.1293E+00
8.3482E-03  5.4876E+00  5.1282E+00
8.3488E-03  5.4865E+00  5.1271E+00
8.3494E-03  5.4857E+00  5.1263E+00
8.3499E-03  5.4851E+00  5.1258E+00
8.3505E-03  5.4846E+00  5.1252E+00
8.3511E-03  5.4837E+00  5.1244E+00
8.3517E-03  5.4822E+00  5.1228E+00
8.3523E-03  5.4806E+00  5.1212E+00
8.3529E-03  5.4792E+00  5.1198E+00
8.3535E-03  5.4790E+00  5.1196E+00
8.3541E-03  5.4789E+00  5.1195E+00
8.3546E-03  5.4786E+00  5.1192E+00
8.3552E-03  5.4770E+00  5.1176E+00
8.3558E-03  5.4750E+00  5.1156E+00
8.3564E-03  5.4731E+00  5.1137E+00
8.3570E-03  5.4717E+00  5.1123E+00
8.3576E-03  5.4706E+00  5.1112E+00
8.3582E-03  5.4695E+00  5.1101E+00
8.3588E-03  5.4684E+00  5.1091E+00
8.3593E-03  5.4674E+00  5.1080E+00
8.3599E-03  5.4663E+00  5.1069E+00
8.3605E-03  5.4653E+00  5.1059E+00
8.3611E-03  5.4644E+00  5.1050E+00
8.3617E-03  5.4635E+00  5.1041E+00
8.3623E-03  5.4625E+00  5.1031E+00
8.3629E-03  5.4614E+00  5.1020E+00
8.3635E-03  5.4602E+00  5.1008E+00
8.3641E-03  5.4591E+00  5.0997E+00
8.3646E-03  5.4580E+00  5.0986E+00
8.3652E-03  5.4569E+00  5.0975E+00
8.3658E-03  5.4558E+00  5.0964E+00
8.3664E-03  5.4548E+00  5.0954E+00
8.3670E-03  5.4539E+00  5.0945E+00
8.3676E-03  5.4530E+00  5.0936E+00
8.3682E-03  5.4532E+00  5.0938E+00
8.3688E-03  5.4542E+00  5.0948E+00
8.3694E-03  5.4551E+00  5.0957E+00
8.3699E-03  5.4544E+00  5.0950E+00
8.3705E-03  5.4512E+00  5.0919E+00
8.3711E-03  5.4481E+00  5.0887E+00
8.3717E-03  5.4454E+00  5.0860E+00
8.3723E-03  5.4442E+00  5.0848E+00
8.3729E-03  5.4430E+00  5.0836E+00
8.3735E-03  5.4419E+00  5.0825E+00
8.3741E-03  5.4406E+00  5.0812E+00
8.3747E-03  5.4393E+00  5.0799E+00
8.3752E-03  5.4380E+00  5.0786E+00
8.3758E-03  5.4369E+00  5.0775E+00
8.3764E-03  5.4358E+00  5.0764E+00
8.3770E-03  5.4347E+00  5.0753E+00
8.3776E-03  5.4336E+00  5.0742E+00
8.3782E-03  5.4325E+00  5.0731E+00
8.3788E-03  5.4314E+00  5.0720E+00
8.3794E-03  5.4304E+00  5.0710E+00
8.3800E-03  5.4293E+00  5.0699E+00
8.3805E-03  5.4283E+00  5.0689E+00
8.3811E-03  5.4273E+00  5.0679E+00
8.3817E-03  5.4262E+00  5.0668E+00
8.3823E-03  5.4251E+00  5.0657E+00
8.3829E-03  5.4240E+00  5.0646E+00
8.3835E-03  5.4231E+00  5.0637E+00
8.3841E-03  5.4221E+00  5.0627E+00
8.3847E-03  5.4212E+00  5.0618E+00
8.3853E-03  5.4201E+00  5.0607E+00
8.3859E-03  5.4189E+00  5.0595E+00
8.3864E-03  5.4178E+00  5.0584E+00
8.3870E-03  5.4167E+00  5.0573E+00
8.3876E-03  5.4157E+00  5.0563E+00
8.3882E-03  5.4146E+00  5.0552E+00
8.3888E-03  5.4135E+00  5.0541E+00
8.3894E-03  5.4124E+00  5.0530E+00
8.3900E-03  5.4112E+00  5.0518E+00
8.3906E-03  5.4101E+00  5.0507E+00
8.3912E-03  5.4092E+00  5.0498E+00
8.3918E-03  5.4082E+00  5.0488E+00
8.3923E-03  5.4072E+00  5.0478E+00
8.3929E-03  5.4060E+00  5.0466E+00
8.3935E-03  5.4047E+00  5.0453E+00
8.3941E-03  5.4035E+00  5.0441E+00
8.3947E-03  5.4024E+00  5.0430E+00
8.3953E-03  5.4013E+00  5.0419E+00
8.3959E-03  5.4003E+00  5.0409E+00
8.3965E-03  5.3992E+00  5.0398E+00
8.3971E-03  5.3981E+00  5.0387E+00
8.3977E-03  5.3970E+00  5.0376E+00
8.3983E-03  5.3959E+00  5.0365E+00
8.3988E-03  5.3949E+00  5.0355E+00
8.3994E-03  5.3938E+00  5.0344E+00
8.4000E-03  5.3927E+00  5.0333E+00
8.4006E-03  5.3916E+00  5.0322E+00
8.4012E-03  5.3906E+00  5.0312E+00
8.4018E-03  5.3895E+00  5.0301E+00
8.4024E-03  5.3884E+00  5.0290E+00
8.4030E-03  5.3873E+00  5.0279E+00
8.4036E-03  5.3862E+00  5.0268E+00
8.4042E-03  5.3851E+00  5.0257E+00
8.4048E-03  5.3840E+00  5.0246E+00
8.4053E-03  5.3829E+00  5.0235E+00
8.4059E-03  5.3819E+00  5.0225E+00
8.4065E-03  5.3808E+00  5.0214E+00
8.4071E-03  5.3797E+00  5.0203E+00
8.4077E-03  5.3786E+00  5.0192E+00
8.4083E-03  5.3775E+00  5.0181E+00
8.4089E-03  5.3765E+00  5.0170E+00
8.4095E-03  5.3754E+00  5.0160E+00
8.4101E-03  5.3743E+00  5.0149E+00
8.4107E-03  5.3733E+00  5.0138E+00
8.4113E-03  5.3722E+00  5.0128E+00
8.4119E-03  5.3711E+00  5.0117E+00
8.4124E-03  5.3701E+00  5.0107E+00
8.4130E-03  5.3692E+00  5.0098E+00
8.4136E-03  5.3687E+00  5.0092E+00
8.4142E-03  5.3681E+00  5.0087E+00
8.4148E-03  5.3674E+00  5.0079E+00
8.4154E-03  5.3658E+00  5.0064E+00
8.4160E-03  5.3642E+00  5.0048E+00
8.4166E-03  5.3627E+00  5.0033E+00
8.4172E-03  5.3615E+00  5.0021E+00
8.4178E-03  5.3604E+00  5.0010E+00
8.4184E-03  5.3593E+00  4.9999E+00
8.4190E-03  5.3583E+00  4.9989E+00
8.4196E-03  5.3573E+00  4.9979E+00
8.4201E-03  5.3563E+00  4.9969E+00
8.4207E-03  5.3553E+00  4.9959E+00
8.4213E-03  5.3543E+00  4.9948E+00
8.4219E-03  5.3532E+00  4.9938E+00
8.4225E-03  5.3524E+00  4.9930E+00
8.4231E-03  5.3518E+00  4.9923E+00
8.4237E-03  5.3511E+00  4.9917E+00
8.4243E-03  5.3501E+00  4.9907E+00
8.4249E-03  5.3485E+00  4.9891E+00
8.4255E-03  5.3469E+00  4.9875E+00
8.4261E-03  5.3455E+00  4.9860E+00
8.4267E-03  5.3443E+00  4.9849E+00
8.4273E-03  5.3432E+00  4.9838E+00
8.4278E-03  5.3421E+00  4.9827E+00
8.4284E-03  5.3410E+00  4.9816E+00
8.4290E-03  5.3399E+00  4.9805E+00
8.4296E-03  5.3388E+00  4.9794E+00
8.4302E-03  5.3378E+00  4.9783E+00
8.4308E-03  5.3367E+00  4.9773E+00
8.4314E-03  5.3356E+00  4.9762E+00
8.4320E-03  5.3345E+00  4.9751E+00
8.4326E-03  5.3335E+00  4.9741E+00
8.4332E-03  5.3324E+00  4.9730E+00
8.4338E-03  5.3314E+00  4.9719E+00
8.4344E-03  5.3303E+00  4.9709E+00
8.4350E-03  5.3293E+00  4.9698E+00
8.4356E-03  5.3282E+00  4.9688E+00
8.4362E-03  5.3271E+00  4.9677E+00
8.4367E-03  5.3260E+00  4.9666E+00
8.4373E-03  5.3250E+00  4.9655E+00
8.4379E-03  5.3239E+00  4.9645E+00
8.4385E-03  5.3229E+00  4.9635E+00
8.4391E-03  5.3218E+00  4.9624E+00
8.4397E-03  5.3207E+00  4.9613E+00
8.4403E-03  5.3196E+00  4.9602E+00
8.4409E-03  5.3185E+00  4.9590E+00
8.4415E-03  5.3174E+00  4.9580E+00
8.4421E-03  5.3164E+00  4.9569E+00
8.4427E-03  5.3153E+00  4.9559E+00
8.4433E-03  5.3146E+00  4.9552E+00
8.4439E-03  5.3141E+00  4.9547E+00
8.4445E-03  5.3136E+00  4.9541E+00
8.4451E-03  5.3124E+00  4.9530E+00
8.4457E-03  5.3108E+00  4.9513E+00
8.4462E-03  5.3092E+00  4.9497E+00
8.4468E-03  5.3078E+00  4.9484E+00
8.4474E-03  5.3067E+00  4.9473E+00
8.4480E-03  5.3056E+00  4.9462E+00
8.4486E-03  5.3045E+00  4.9451E+00
8.4492E-03  5.3034E+00  4.9440E+00
8.4498E-03  5.3024E+00  4.9429E+00
8.4504E-03  5.3013E+00  4.9419E+00
8.4510E-03  5.3002E+00  4.9408E+00
8.4516E-03  5.2992E+00  4.9397E+00
8.4522E-03  5.2981E+00  4.9386E+00
8.4528E-03  5.2970E+00  4.9376E+00
8.4534E-03  5.2959E+00  4.9365E+00
8.4540E-03  5.2949E+00  4.9354E+00
8.4546E-03  5.2938E+00  4.9344E+00
8.4552E-03  5.2927E+00  4.9333E+00
8.4558E-03  5.2917E+00  4.9322E+00
8.4564E-03  5.2906E+00  4.9312E+00
8.4570E-03  5.2895E+00  4.9301E+00
8.4575E-03  5.2885E+00  4.9290E+00
8.4581E-03  5.2874E+00  4.9280E+00
8.4587E-03  5.2863E+00  4.9269E+00
8.4593E-03  5.2853E+00  4.9258E+00
8.4599E-03  5.2842E+00  4.9248E+00
8.4605E-03  5.2831E+00  4.9237E+00
8.4611E-03  5.2821E+00  4.9226E+00
8.4617E-03  5.2810E+00  4.9215E+00
8.4623E-03  5.2799E+00  4.9205E+00
8.4629E-03  5.2789E+00  4.9194E+00
8.4635E-03  5.2778E+00  4.9184E+00
8.4641E-03  5.2767E+00  4.9173E+00
8.4647E-03  5.2757E+00  4.9162E+00
8.4653E-03  5.2746E+00  4.9152E+00
8.4659E-03  5.2736E+00  4.9141E+00
8.4665E-03  5.2725E+00  4.9131E+00
8.4671E-03  5.2715E+00  4.9120E+00
8.4677E-03  5.2704E+00  4.9110E+00
8.4683E-03  5.2693E+00  4.9099E+00
8.4689E-03  5.2682E+00  4.9088E+00
8.4695E-03  5.2673E+00  4.9079E+00
8.4701E-03  5.2664E+00  4.9070E+00
8.4706E-03  5.2656E+00  4.9061E+00
8.4712E-03  5.2645E+00  4.9051E+00
8.4718E-03  5.2633E+00  4.9038E+00
8.4724E-03  5.2620E+00  4.9026E+00
8.4730E-03  5.2608E+00  4.9014E+00
8.4736E-03  5.2598E+00  4.9004E+00
8.4742E-03  5.2588E+00  4.8993E+00
8.4748E-03  5.2577E+00  4.8983E+00
8.4754E-03  5.2567E+00  4.8972E+00
8.4760E-03  5.2556E+00  4.8962E+00
8.4766E-03  5.2546E+00  4.8951E+00
8.4772E-03  5.2535E+00  4.8941E+00
8.4778E-03  5.2525E+00  4.8930E+00
8.4784E-03  5.2515E+00  4.8920E+00
8.4790E-03  5.2505E+00  4.8910E+00
8.4796E-03  5.2495E+00  4.8900E+00
8.4802E-03  5.2485E+00  4.8891E+00
8.4808E-03  5.2480E+00  4.8885E+00
8.4814E-03  5.2475E+00  4.8881E+00
8.4820E-03  5.2471E+00  4.8877E+00
8.4826E-03  5.2481E+00  4.8886E+00
8.4832E-03  5.2499E+00  4.8905E+00
8.4838E-03  5.2518E+00  4.8923E+00
8.4844E-03  5.2508E+00  4.8913E+00
8.4850E-03  5.2467E+00  4.8872E+00
8.4856E-03  5.2426E+00  4.8831E+00
8.4862E-03  5.2406E+00  4.8811E+00
8.4868E-03  5.2423E+00  4.8828E+00
8.4873E-03  5.2440E+00  4.8846E+00
8.4879E-03  5.2447E+00  4.8852E+00
8.4885E-03  5.2421E+00  4.8826E+00
8.4891E-03  5.2393E+00  4.8798E+00
8.4897E-03  5.2366E+00  4.8771E+00
8.4903E-03  5.2342E+00  4.8747E+00
8.4909E-03  5.2318E+00  4.8724E+00
8.4915E-03  5.2296E+00  4.8702E+00
8.4921E-03  5.2285E+00  4.8690E+00
8.4927E-03  5.2276E+00  4.8681E+00
8.4933E-03  5.2267E+00  4.8672E+00
8.4939E-03  5.2259E+00  4.8665E+00
8.4945E-03  5.2252E+00  4.8658E+00
8.4951E-03  5.2245E+00  4.8651E+00
8.4957E-03  5.2240E+00  4.8646E+00
8.4963E-03  5.2236E+00  4.8642E+00
8.4969E-03  5.2232E+00  4.8638E+00
8.4975E-03  5.2230E+00  4.8636E+00
8.4981E-03  5.2230E+00  4.8636E+00
8.4987E-03  5.2231E+00  4.8636E+00
8.4993E-03  5.2244E+00  4.8650E+00
8.4999E-03  5.2280E+00  4.8686E+00
8.5005E-03  5.2317E+00  4.8722E+00
8.5011E-03  5.2515E+00  4.8921E+00
8.5017E-03  5.3128E+00  4.9535E+00
8.5023E-03  5.3762E+00  5.0170E+00
8.5029E-03  5.4246E+00  5.0652E+00
8.5035E-03  5.4111E+00  5.0516E+00
8.5041E-03  5.3910E+00  5.0315E+00
8.5047E-03  5.3679E+00  5.0085E+00
8.5053E-03  5.3250E+00  4.9656E+00
8.5059E-03  5.2784E+00  4.9191E+00
8.5065E-03  5.2344E+00  4.8750E+00
8.5071E-03  5.2219E+00  4.8625E+00
8.5077E-03  5.2191E+00  4.8596E+00
8.5083E-03  5.2165E+00  4.8570E+00
8.5089E-03  5.2203E+00  4.8608E+00
8.5095E-03  5.2271E+00  4.8676E+00
8.5101E-03  5.2344E+00  4.8749E+00
8.5107E-03  5.3341E+00  4.9760E+00
8.5113E-03  5.5067E+00  5.1486E+00
8.5119E-03  5.6792E+00  5.3210E+00
8.5125E-03  5.6974E+00  5.3391E+00
8.5131E-03  5.5209E+00  5.1628E+00
8.5137E-03  5.3440E+00  4.9860E+00
8.5143E-03  5.2250E+00  4.8656E+00
8.5149E-03  5.2172E+00  4.8578E+00
8.5155E-03  5.2125E+00  4.8531E+00
8.5161E-03  5.2092E+00  4.8497E+00
8.5167E-03  5.2101E+00  4.8507E+00
8.5173E-03  5.2113E+00  4.8519E+00
8.5179E-03  5.3517E+00  5.0028E+00
8.5185E-03  6.2119E+00  5.8915E+00
8.5191E-03  7.2054E+00  6.8796E+00
8.5197E-03  8.0427E+00  7.6916E+00
8.5203E-03  7.3618E+00  7.0352E+00
8.5209E-03  6.3713E+00  6.0497E+00
8.5215E-03  5.4467E+00  5.1067E+00
8.5221E-03  5.2136E+00  4.8541E+00
8.5227E-03  5.2037E+00  4.8442E+00
8.5233E-03  5.1940E+00  4.8345E+00
8.5239E-03  5.1892E+00  4.8297E+00
8.5245E-03  5.1872E+00  4.8277E+00
8.5250E-03  5.1851E+00  4.8257E+00
8.5256E-03  5.1958E+00  4.8363E+00
8.5262E-03  5.2172E+00  4.8578E+00
8.5268E-03  5.2387E+00  4.8792E+00
8.5274E-03  5.2469E+00  4.8874E+00
8.5280E-03  5.2368E+00  4.8774E+00
8.5286E-03  5.2267E+00  4.8672E+00
8.5292E-03  5.2143E+00  4.8549E+00
8.5298E-03  5.1973E+00  4.8378E+00
8.5304E-03  5.1801E+00  4.8206E+00
8.5310E-03  5.1661E+00  4.8066E+00
8.5316E-03  5.1627E+00  4.8032E+00
8.5322E-03  5.1600E+00  4.8006E+00
8.5329E-03  5.1576E+00  4.7981E+00
8.5335E-03  5.1559E+00  4.7964E+00
8.5341E-03  5.1543E+00  4.7948E+00
8.5347E-03  5.1527E+00  4.7933E+00
8.5353E-03  5.1514E+00  4.7919E+00
8.5359E-03  5.1501E+00  4.7906E+00
8.5365E-03  5.1488E+00  4.7893E+00
8.5371E-03  5.1476E+00  4.7881E+00
8.5377E-03  5.1464E+00  4.7869E+00
8.5383E-03  5.1452E+00  4.7858E+00
8.5389E-03  5.1441E+00  4.7847E+00
8.5395E-03  5.1431E+00  4.7836E+00
8.5401E-03  5.1420E+00  4.7825E+00
8.5407E-03  5.1409E+00  4.7814E+00
8.5413E-03  5.1398E+00  4.7803E+00
8.5419E-03  5.1386E+00  4.7791E+00
8.5425E-03  5.1375E+00  4.7780E+00
8.5431E-03  5.1363E+00  4.7768E+00
8.5437E-03  5.1352E+00  4.7757E+00
8.5443E-03  5.1340E+00  4.7745E+00
8.5449E-03  5.1329E+00  4.7734E+00
8.5455E-03  5.1318E+00  4.7723E+00
8.5461E-03  5.1307E+00  4.7712E+00
8.5467E-03  5.1299E+00  4.7704E+00
8.5473E-03  5.1291E+00  4.7696E+00
8.5479E-03  5.1282E+00  4.7687E+00
8.5485E-03  5.1269E+00  4.7674E+00
8.5491E-03  5.1255E+00  4.7660E+00
8.5497E-03  5.1242E+00  4.7647E+00
8.5503E-03  5.1231E+00  4.7636E+00
8.5509E-03  5.1220E+00  4.7626E+00
8.5515E-03  5.1210E+00  4.7615E+00
8.5521E-03  5.1199E+00  4.7605E+00
8.5527E-03  5.1189E+00  4.7594E+00
8.5533E-03  5.1178E+00  4.7583E+00
8.5539E-03  5.1168E+00  4.7573E+00
8.5545E-03  5.1158E+00  4.7563E+00
8.5551E-03  5.1148E+00  4.7554E+00
8.5557E-03  5.1137E+00  4.7542E+00
8.5563E-03  5.1125E+00  4.7530E+00
8.5569E-03  5.1113E+00  4.7518E+00
8.5575E-03  5.1102E+00  4.7507E+00
8.5581E-03  5.1091E+00  4.7496E+00
8.5587E-03  5.1080E+00  4.7485E+00
8.5593E-03  5.1069E+00  4.7474E+00
8.5599E-03  5.1059E+00  4.7464E+00
8.5605E-03  5.1048E+00  4.7453E+00
8.5611E-03  5.1037E+00  4.7442E+00
8.5617E-03  5.1027E+00  4.7432E+00
8.5623E-03  5.1016E+00  4.7421E+00
8.5629E-03  5.1006E+00  4.7411E+00
8.5635E-03  5.0995E+00  4.7400E+00
8.5641E-03  5.0984E+00  4.7389E+00
8.5647E-03  5.0973E+00  4.7378E+00
8.5653E-03  5.0962E+00  4.7367E+00
8.5659E-03  5.0952E+00  4.7357E+00
8.5665E-03  5.0941E+00  4.7346E+00
8.5671E-03  5.0930E+00  4.7335E+00
8.5677E-03  5.0920E+00  4.7325E+00
8.5683E-03  5.0909E+00  4.7314E+00
8.5689E-03  5.0899E+00  4.7304E+00
8.5695E-03  5.0889E+00  4.7294E+00
8.5702E-03  5.0879E+00  4.7284E+00
8.5708E-03  5.0869E+00  4.7274E+00
8.5714E-03  5.0858E+00  4.7263E+00
8.5720E-03  5.0848E+00  4.7253E+00
8.5726E-03  5.0837E+00  4.7242E+00
8.5732E-03  5.0825E+00  4.7230E+00
8.5738E-03  5.0814E+00  4.7219E+00
8.5744E-03  5.0804E+00  4.7209E+00
8.5750E-03  5.0796E+00  4.7201E+00
8.5756E-03  5.0788E+00  4.7193E+00
8.5762E-03  5.0779E+00  4.7184E+00
8.5768E-03  5.0767E+00  4.7172E+00
8.5774E-03  5.0756E+00  4.7161E+00
8.5780E-03  5.0751E+00  4.7156E+00
8.5786E-03  5.0762E+00  4.7167E+00
8.5792E-03  5.0774E+00  4.7178E+00
8.5798E-03  5.0774E+00  4.7179E+00
8.5804E-03  5.0742E+00  4.7147E+00
8.5810E-03  5.0707E+00  4.7112E+00
8.5816E-03  5.0677E+00  4.7082E+00
8.5822E-03  5.0664E+00  4.7069E+00
8.5828E-03  5.0653E+00  4.7058E+00
8.5834E-03  5.0643E+00  4.7048E+00
8.5840E-03  5.0632E+00  4.7037E+00
8.5846E-03  5.0621E+00  4.7026E+00
8.5852E-03  5.0610E+00  4.7015E+00
8.5858E-03  5.0599E+00  4.7004E+00
8.5864E-03  5.0589E+00  4.6994E+00
8.5870E-03  5.0578E+00  4.6983E+00
8.5877E-03  5.0567E+00  4.6972E+00
8.5883E-03  5.0557E+00  4.6962E+00
8.5889E-03  5.0546E+00  4.6951E+00
8.5895E-03  5.0535E+00  4.6940E+00
8.5901E-03  5.0525E+00  4.6930E+00
8.5907E-03  5.0514E+00  4.6919E+00
8.5913E-03  5.0504E+00  4.6909E+00
8.5919E-03  5.0495E+00  4.6900E+00
8.5925E-03  5.0486E+00  4.6891E+00
8.5931E-03  5.0475E+00  4.6880E+00
8.5937E-03  5.0463E+00  4.6868E+00
8.5943E-03  5.0451E+00  4.6856E+00
8.5949E-03  5.0440E+00  4.6845E+00
8.5955E-03  5.0429E+00  4.6834E+00
8.5961E-03  5.0418E+00  4.6823E+00
8.5967E-03  5.0408E+00  4.6813E+00
8.5973E-03  5.0397E+00  4.6802E+00
8.5979E-03  5.0387E+00  4.6792E+00
8.5985E-03  5.0376E+00  4.6781E+00
8.5991E-03  5.0365E+00  4.6770E+00
8.5997E-03  5.0355E+00  4.6760E+00
8.6004E-03  5.0344E+00  4.6749E+00
8.6010E-03  5.0333E+00  4.6738E+00
8.6016E-03  5.0323E+00  4.6728E+00
8.6022E-03  5.0312E+00  4.6717E+00
8.6028E-03  5.0302E+00  4.6707E+00
8.6034E-03  5.0291E+00  4.6696E+00
8.6040E-03  5.0281E+00  4.6686E+00
8.6046E-03  5.0271E+00  4.6675E+00
8.6052E-03  5.0260E+00  4.6665E+00
8.6058E-03  5.0249E+00  4.6654E+00
8.6064E-03  5.0238E+00  4.6643E+00
8.6070E-03  5.0227E+00  4.6632E+00
8.6076E-03  5.0217E+00  4.6621E+00
8.6082E-03  5.0206E+00  4.6611E+00
8.6088E-03  5.0195E+00  4.6600E+00
8.6094E-03  5.0185E+00  4.6589E+00
8.6100E-03  5.0174E+00  4.6579E+00
8.6106E-03  5.0164E+00  4.6569E+00
8.6112E-03  5.0153E+00  4.6558E+00
8.6119E-03  5.0148E+00  4.6552E+00
8.6125E-03  5.0147E+00  4.6552E+00
8.6131E-03  5.0147E+00  4.6552E+00
8.6137E-03  5.0139E+00  4.6544E+00
8.6143E-03  5.0118E+00  4.6523E+00
8.6149E-03  5.0098E+00  4.6503E+00
8.6155E-03  5.0082E+00  4.6486E+00
8.6161E-03  5.0075E+00  4.6480E+00
8.6167E-03  5.0068E+00  4.6473E+00
8.6173E-03  5.0060E+00  4.6465E+00
8.6179E-03  5.0045E+00  4.6450E+00
8.6185E-03  5.0030E+00  4.6435E+00
8.6191E-03  5.0016E+00  4.6420E+00
8.6197E-03  5.0005E+00  4.6409E+00
8.6203E-03  4.9994E+00  4.6399E+00
8.6209E-03  4.9984E+00  4.6388E+00
8.6216E-03  4.9973E+00  4.6378E+00
8.6222E-03  4.9963E+00  4.6367E+00
8.6228E-03  4.9952E+00  4.6357E+00
8.6234E-03  4.9942E+00  4.6346E+00
8.6240E-03  4.9931E+00  4.6336E+00
8.6246E-03  4.9921E+00  4.6325E+00
8.6252E-03  4.9910E+00  4.6315E+00
8.6258E-03  4.9900E+00  4.6305E+00
8.6264E-03  4.9889E+00  4.6294E+00
8.6270E-03  4.9879E+00  4.6284E+00
8.6276E-03  4.9869E+00  4.6273E+00
8.6282E-03  4.9859E+00  4.6263E+00
8.6288E-03  4.9859E+00  4.6264E+00
8.6294E-03  4.9866E+00  4.6270E+00
8.6300E-03  4.9872E+00  4.6277E+00
8.6307E-03  4.9860E+00  4.6265E+00
8.6313E-03  4.9833E+00  4.6237E+00
8.6319E-03  4.9805E+00  4.6210E+00
8.6325E-03  4.9786E+00  4.6191E+00
8.6331E-03  4.9777E+00  4.6182E+00
8.6337E-03  4.9768E+00  4.6172E+00
8.6343E-03  4.9758E+00  4.6162E+00
8.6349E-03  4.9747E+00  4.6152E+00
8.6355E-03  4.9737E+00  4.6141E+00
8.6361E-03  4.9726E+00  4.6131E+00
8.6367E-03  4.9715E+00  4.6120E+00
8.6373E-03  4.9704E+00  4.6109E+00
8.6379E-03  4.9695E+00  4.6099E+00
8.6386E-03  4.9688E+00  4.6092E+00
8.6392E-03  4.9681E+00  4.6086E+00
8.6398E-03  4.9673E+00  4.6077E+00
8.6404E-03  4.9659E+00  4.6063E+00
8.6410E-03  4.9644E+00  4.6049E+00
8.6416E-03  4.9630E+00  4.6035E+00
8.6422E-03  4.9620E+00  4.6024E+00
8.6428E-03  4.9610E+00  4.6014E+00
8.6434E-03  4.9599E+00  4.6004E+00
8.6440E-03  4.9589E+00  4.5994E+00
8.6446E-03  4.9579E+00  4.5984E+00
8.6452E-03  4.9569E+00  4.5974E+00
8.6458E-03  4.9559E+00  4.5964E+00
8.6465E-03  4.9550E+00  4.5954E+00
8.6471E-03  4.9540E+00  4.5945E+00
8.6477E-03  4.9529E+00  4.5934E+00
8.6483E-03  4.9518E+00  4.5923E+00
8.6489E-03  4.9507E+00  4.5912E+00
8.6495E-03  4.9497E+00  4.5902E+00
8.6501E-03  4.9488E+00  4.5892E+00
8.6507E-03  4.9479E+00  4.5883E+00
8.6513E-03  4.9484E+00  4.5888E+00
8.6519E-03  4.9497E+00  4.5902E+00
8.6525E-03  4.9511E+00  4.5916E+00
8.6532E-03  4.9498E+00  4.5903E+00
8.6538E-03  4.9463E+00  4.5868E+00
8.6544E-03  4.9428E+00  4.5833E+00
8.6550E-03  4.9405E+00  4.5809E+00
8.6556E-03  4.9395E+00  4.5799E+00
8.6562E-03  4.9384E+00  4.5789E+00
8.6568E-03  4.9374E+00  4.5779E+00
8.6574E-03  4.9364E+00  4.5769E+00
8.6580E-03  4.9354E+00  4.5758E+00
8.6586E-03  4.9344E+00  4.5748E+00
8.6592E-03  4.9333E+00  4.5738E+00
8.6599E-03  4.9323E+00  4.5728E+00
8.6605E-03  4.9314E+00  4.5718E+00
8.6611E-03  4.9305E+00  4.5710E+00
8.6617E-03  4.9297E+00  4.5701E+00
8.6623E-03  4.9288E+00  4.5692E+00
8.6629E-03  4.9277E+00  4.5681E+00
8.6635E-03  4.9265E+00  4.5670E+00
8.6641E-03  4.9254E+00  4.5659E+00
8.6647E-03  4.9243E+00  4.5648E+00
8.6653E-03  4.9233E+00  4.5637E+00
8.6659E-03  4.9222E+00  4.5627E+00
8.6666E-03  4.9212E+00  4.5616E+00
8.6672E-03  4.9202E+00  4.5606E+00
8.6678E-03  4.9192E+00  4.5596E+00
8.6684E-03  4.9182E+00  4.5586E+00
8.6690E-03  4.9172E+00  4.5576E+00
8.6696E-03  4.9162E+00  4.5566E+00
8.6702E-03  4.9152E+00  4.5556E+00
8.6708E-03  4.9142E+00  4.5546E+00
8.6714E-03  4.9132E+00  4.5536E+00
8.6720E-03  4.9122E+00  4.5526E+00
8.6727E-03  4.9111E+00  4.5516E+00
8.6733E-03  4.9101E+00  4.5506E+00
8.6739E-03  4.9093E+00  4.5497E+00
8.6745E-03  4.9085E+00  4.5489E+00
8.6751E-03  4.9077E+00  4.5481E+00
8.6757E-03  4.9066E+00  4.5471E+00
8.6763E-03  4.9054E+00  4.5459E+00
8.6769E-03  4.9042E+00  4.5446E+00
8.6775E-03  4.9031E+00  4.5436E+00
8.6781E-03  4.9021E+00  4.5426E+00
8.6788E-03  4.9011E+00  4.5416E+00
8.6794E-03  4.9001E+00  4.5405E+00
8.6800E-03  4.8991E+00  4.5396E+00
8.6806E-03  4.8981E+00  4.5386E+00
8.6812E-03  4.8971E+00  4.5376E+00
8.6818E-03  4.8961E+00  4.5366E+00
8.6824E-03  4.8951E+00  4.5356E+00
8.6830E-03  4.8942E+00  4.5346E+00
8.6836E-03  4.8932E+00  4.5336E+00
8.6843E-03  4.8922E+00  4.5326E+00
8.6849E-03  4.8912E+00  4.5316E+00
8.6855E-03  4.8902E+00  4.5306E+00
8.6861E-03  4.8892E+00  4.5296E+00
8.6867E-03  4.8882E+00  4.5286E+00
8.6873E-03  4.8872E+00  4.5276E+00
8.6879E-03  4.8862E+00  4.5266E+00
8.6885E-03  4.8852E+00  4.5257E+00
8.6891E-03  4.8843E+00  4.5247E+00
8.6898E-03  4.8834E+00  4.5238E+00
8.6904E-03  4.8824E+00  4.5228E+00
8.6910E-03  4.8814E+00  4.5219E+00
8.6916E-03  4.8804E+00  4.5209E+00
8.6922E-03  4.8794E+00  4.5199E+00
8.6928E-03  4.8784E+00  4.5189E+00
8.6934E-03  4.8774E+00  4.5179E+00
8.6940E-03  4.8764E+00  4.5169E+00
8.6946E-03  4.8754E+00  4.5159E+00
8.6953E-03  4.8744E+00  4.5149E+00
8.6959E-03  4.8734E+00  4.5139E+00
8.6965E-03  4.8725E+00  4.5129E+00
8.6971E-03  4.8715E+00  4.5120E+00
8.6977E-03  4.8706E+00  4.5110E+00
8.6983E-03  4.8700E+00  4.5105E+00
8.6989E-03  4.8695E+00  4.5100E+00
8.6995E-03  4.8690E+00  4.5095E+00
8.7002E-03  4.8678E+00  4.5082E+00
8.7008E-03  4.8663E+00  4.5067E+00
8.7014E-03  4.8648E+00  4.5052E+00
8.7020E-03  4.8636E+00  4.5040E+00
8.7026E-03  4.8626E+00  4.5030E+00
8.7032E-03  4.8616E+00  4.5021E+00
8.7038E-03  4.8607E+00  4.5011E+00
8.7044E-03  4.8597E+00  4.5001E+00
8.7051E-03  4.8587E+00  4.4992E+00
8.7057E-03  4.8578E+00  4.4982E+00
8.7063E-03  4.8568E+00  4.4972E+00
8.7069E-03  4.8558E+00  4.4962E+00
8.7075E-03  4.8548E+00  4.4953E+00
8.7081E-03  4.8539E+00  4.4943E+00
8.7087E-03  4.8529E+00  4.4933E+00
8.7093E-03  4.8519E+00  4.4923E+00
8.7100E-03  4.8509E+00  4.4914E+00
8.7106E-03  4.8500E+00  4.4904E+00
8.7112E-03  4.8490E+00  4.4894E+00
8.7118E-03  4.8480E+00  4.4885E+00
8.7124E-03  4.8471E+00  4.4875E+00
8.7130E-03  4.8461E+00  4.4865E+00
8.7136E-03  4.8452E+00  4.4856E+00
8.7142E-03  4.8442E+00  4.4846E+00
8.7149E-03  4.8432E+00  4.4836E+00
8.7155E-03  4.8422E+00  4.4827E+00
8.7161E-03  4.8413E+00  4.4817E+00
8.7167E-03  4.8403E+00  4.4807E+00
8.7173E-03  4.8394E+00  4.4798E+00
8.7179E-03  4.8385E+00  4.4789E+00
8.7185E-03  4.8375E+00  4.4780E+00
8.7191E-03  4.8366E+00  4.4770E+00
8.7198E-03  4.8356E+00  4.4760E+00
8.7204E-03  4.8346E+00  4.4750E+00
8.7210E-03  4.8339E+00  4.4743E+00
8.7216E-03  4.8332E+00  4.4736E+00
8.7222E-03  4.8324E+00  4.4729E+00
8.7228E-03  4.8317E+00  4.4721E+00
8.7234E-03  4.8309E+00  4.4713E+00
8.7241E-03  4.8300E+00  4.4704E+00
8.7247E-03  4.8287E+00  4.4691E+00
8.7253E-03  4.8273E+00  4.4677E+00
8.7259E-03  4.8260E+00  4.4664E+00
8.7265E-03  4.8249E+00  4.4654E+00
8.7271E-03  4.8240E+00  4.4644E+00
8.7277E-03  4.8252E+00  4.4656E+00
8.7284E-03  4.8483E+00  4.4888E+00
8.7290E-03  4.8773E+00  4.5178E+00
8.7296E-03  4.9033E+00  4.5437E+00
8.7302E-03  4.8865E+00  4.5269E+00
8.7308E-03  4.8561E+00  4.4966E+00
8.7314E-03  4.8269E+00  4.4673E+00
8.7320E-03  4.8177E+00  4.4581E+00
8.7327E-03  4.8162E+00  4.4566E+00
8.7333E-03  4.8148E+00  4.4553E+00
8.7339E-03  4.8196E+00  4.4600E+00
8.7345E-03  4.8271E+00  4.4675E+00
8.7351E-03  4.8344E+00  4.4748E+00
8.7357E-03  4.8310E+00  4.4714E+00
8.7363E-03  4.8218E+00  4.4622E+00
8.7370E-03  4.8126E+00  4.4530E+00
8.7376E-03  4.8090E+00  4.4494E+00
8.7382E-03  4.8089E+00  4.4493E+00
8.7388E-03  4.8088E+00  4.4492E+00
8.7394E-03  4.8076E+00  4.4480E+00
8.7400E-03  4.8057E+00  4.4461E+00
8.7406E-03  4.8038E+00  4.4442E+00
8.7413E-03  4.8023E+00  4.4427E+00
8.7419E-03  4.8013E+00  4.4417E+00
8.7425E-03  4.8004E+00  4.4408E+00
8.7431E-03  4.7994E+00  4.4398E+00
8.7437E-03  4.7984E+00  4.4388E+00
8.7443E-03  4.7974E+00  4.4378E+00
8.7450E-03  4.7965E+00  4.4369E+00
8.7456E-03  4.7955E+00  4.4359E+00
8.7462E-03  4.7946E+00  4.4350E+00
8.7468E-03  4.7937E+00  4.4341E+00
8.7474E-03  4.7927E+00  4.4331E+00
8.7480E-03  4.7918E+00  4.4322E+00
8.7486E-03  4.7908E+00  4.4312E+00
8.7493E-03  4.7899E+00  4.4303E+00
8.7499E-03  4.7890E+00  4.4293E+00
8.7505E-03  4.7880E+00  4.4284E+00
8.7511E-03  4.7871E+00  4.4275E+00
8.7517E-03  4.7862E+00  4.4266E+00
8.7523E-03  4.7852E+00  4.4256E+00
8.7530E-03  4.7844E+00  4.4248E+00
8.7536E-03  4.7835E+00  4.4239E+00
8.7542E-03  4.7826E+00  4.4230E+00
8.7548E-03  4.7818E+00  4.4222E+00
8.7554E-03  4.7810E+00  4.4214E+00
8.7560E-03  4.7806E+00  4.4210E+00
8.7566E-03  4.7818E+00  4.4222E+00
8.7573E-03  4.7832E+00  4.4236E+00
8.7579E-03  4.8109E+00  4.4516E+00
8.7585E-03  4.9463E+00  4.5878E+00
8.7591E-03  5.0939E+00  4.7354E+00
8.7597E-03  5.1971E+00  4.8377E+00
8.7603E-03  5.0846E+00  4.7260E+00
8.7610E-03  4.9453E+00  4.5867E+00
8.7616E-03  4.8257E+00  4.4663E+00
8.7622E-03  4.8107E+00  4.4511E+00
8.7628E-03  4.8118E+00  4.4522E+00
8.7634E-03  4.8143E+00  4.4547E+00
8.7640E-03  4.8266E+00  4.4670E+00
8.7647E-03  4.8407E+00  4.4811E+00
8.7653E-03  4.8807E+00  4.5217E+00
8.7659E-03  5.1258E+00  4.7703E+00
8.7665E-03  5.4187E+00  5.0631E+00
8.7671E-03  5.6670E+00  5.3085E+00
8.7677E-03  5.4667E+00  5.1114E+00
8.7684E-03  5.1604E+00  4.8053E+00
8.7690E-03  4.8762E+00  4.5183E+00
8.7696E-03  4.8071E+00  4.4475E+00
8.7702E-03  4.7974E+00  4.4378E+00
8.7708E-03  4.7877E+00  4.4281E+00
8.7714E-03  4.7778E+00  4.4182E+00
8.7721E-03  4.7679E+00  4.4083E+00
8.7727E-03  4.7583E+00  4.3987E+00
8.7733E-03  4.7557E+00  4.3961E+00
8.7739E-03  4.7557E+00  4.3961E+00
8.7745E-03  4.7556E+00  4.3959E+00
8.7751E-03  4.7543E+00  4.3946E+00
8.7758E-03  4.7524E+00  4.3928E+00
8.7764E-03  4.7507E+00  4.3910E+00
8.7770E-03  4.7492E+00  4.3895E+00
8.7776E-03  4.7478E+00  4.3882E+00
8.7782E-03  4.7465E+00  4.3869E+00
8.7789E-03  4.7457E+00  4.3861E+00
8.7795E-03  4.7451E+00  4.3855E+00
8.7801E-03  4.7446E+00  4.3850E+00
8.7807E-03  4.7436E+00  4.3840E+00
8.7813E-03  4.7422E+00  4.3826E+00
8.7819E-03  4.7409E+00  4.3813E+00
8.7826E-03  4.7398E+00  4.3802E+00
8.7832E-03  4.7389E+00  4.3793E+00
8.7838E-03  4.7380E+00  4.3784E+00
8.7844E-03  4.7371E+00  4.3775E+00
8.7850E-03  4.7362E+00  4.3766E+00
8.7857E-03  4.7353E+00  4.3756E+00
8.7863E-03  4.7344E+00  4.3747E+00
8.7869E-03  4.7335E+00  4.3738E+00
8.7875E-03  4.7326E+00  4.3729E+00
8.7881E-03  4.7317E+00  4.3721E+00
8.7887E-03  4.7308E+00  4.3712E+00
8.7894E-03  4.7299E+00  4.3703E+00
8.7900E-03  4.7290E+00  4.3694E+00
8.7906E-03  4.7281E+00  4.3684E+00
8.7912E-03  4.7271E+00  4.3675E+00
8.7918E-03  4.7262E+00  4.3665E+00
8.7925E-03  4.7252E+00  4.3656E+00
8.7931E-03  4.7243E+00  4.3647E+00
8.7937E-03  4.7237E+00  4.3641E+00
8.7943E-03  4.7235E+00  4.3639E+00
8.7949E-03  4.7233E+00  4.3637E+00
8.7955E-03  4.7231E+00  4.3634E+00
8.7962E-03  4.7227E+00  4.3631E+00
8.7968E-03  4.7224E+00  4.3628E+00
8.7974E-03  4.7214E+00  4.3618E+00
8.7980E-03  4.7194E+00  4.3597E+00
8.7986E-03  4.7173E+00  4.3577E+00
8.7993E-03  4.7156E+00  4.3559E+00
8.7999E-03  4.7145E+00  4.3549E+00
8.8005E-03  4.7135E+00  4.3539E+00
8.8011E-03  4.7128E+00  4.3532E+00
8.8017E-03  4.7127E+00  4.3531E+00
8.8024E-03  4.7126E+00  4.3530E+00
8.8030E-03  4.7122E+00  4.3525E+00
8.8036E-03  4.7109E+00  4.3513E+00
8.8042E-03  4.7096E+00  4.3499E+00
8.8048E-03  4.7083E+00  4.3486E+00
8.8055E-03  4.7071E+00  4.3474E+00
8.8061E-03  4.7059E+00  4.3462E+00
8.8067E-03  4.7047E+00  4.3451E+00
8.8073E-03  4.7037E+00  4.3441E+00
8.8079E-03  4.7027E+00  4.3431E+00
8.8086E-03  4.7018E+00  4.3421E+00
8.8092E-03  4.7008E+00  4.3412E+00
8.8098E-03  4.7000E+00  4.3403E+00
8.8104E-03  4.6991E+00  4.3394E+00
8.8110E-03  4.6982E+00  4.3386E+00
8.8116E-03  4.6973E+00  4.3377E+00
8.8123E-03  4.6965E+00  4.3368E+00
8.8129E-03  4.6955E+00  4.3359E+00
8.8135E-03  4.6946E+00  4.3350E+00
8.8141E-03  4.6937E+00  4.3341E+00
8.8147E-03  4.6928E+00  4.3332E+00
8.8154E-03  4.6919E+00  4.3323E+00
8.8160E-03  4.6910E+00  4.3314E+00
8.8166E-03  4.6901E+00  4.3305E+00
8.8172E-03  4.6892E+00  4.3296E+00
8.8179E-03  4.6883E+00  4.3287E+00
8.8185E-03  4.6874E+00  4.3278E+00
8.8191E-03  4.6865E+00  4.3269E+00
8.8197E-03  4.6857E+00  4.3260E+00
8.8203E-03  4.6848E+00  4.3252E+00
8.8210E-03  4.6840E+00  4.3244E+00
8.8216E-03  4.6832E+00  4.3236E+00
8.8222E-03  4.6823E+00  4.3226E+00
8.8228E-03  4.6813E+00  4.3217E+00
8.8234E-03  4.6803E+00  4.3207E+00
8.8241E-03  4.6794E+00  4.3198E+00
8.8247E-03  4.6786E+00  4.3189E+00
8.8253E-03  4.6777E+00  4.3180E+00
8.8259E-03  4.6768E+00  4.3172E+00
8.8265E-03  4.6759E+00  4.3163E+00
8.8272E-03  4.6751E+00  4.3154E+00
8.8278E-03  4.6742E+00  4.3145E+00
8.8284E-03  4.6732E+00  4.3136E+00
8.8290E-03  4.6723E+00  4.3127E+00
8.8296E-03  4.6715E+00  4.3118E+00
8.8303E-03  4.6706E+00  4.3109E+00
8.8309E-03  4.6697E+00  4.3100E+00
8.8315E-03  4.6688E+00  4.3092E+00
8.8321E-03  4.6679E+00  4.3083E+00
8.8328E-03  4.6670E+00  4.3074E+00
8.8334E-03  4.6662E+00  4.3065E+00
8.8340E-03  4.6653E+00  4.3056E+00
8.8346E-03  4.6644E+00  4.3047E+00
8.8352E-03  4.6635E+00  4.3039E+00
8.8359E-03  4.6626E+00  4.3030E+00
8.8365E-03  4.6618E+00  4.3021E+00
8.8371E-03  4.6609E+00  4.3012E+00
8.8377E-03  4.6600E+00  4.3003E+00
8.8383E-03  4.6591E+00  4.2995E+00
8.8390E-03  4.6582E+00  4.2986E+00
8.8396E-03  4.6573E+00  4.2977E+00
8.8402E-03  4.6565E+00  4.2968E+00
8.8408E-03  4.6556E+00  4.2959E+00
8.8415E-03  4.6547E+00  4.2951E+00
8.8421E-03  4.6538E+00  4.2942E+00
8.8427E-03  4.6530E+00  4.2933E+00
8.8433E-03  4.6521E+00  4.2924E+00
8.8439E-03  4.6512E+00  4.2916E+00
8.8446E-03  4.6503E+00  4.2907E+00
8.8452E-03  4.6495E+00  4.2898E+00
8.8458E-03  4.6486E+00  4.2889E+00
8.8464E-03  4.6477E+00  4.2881E+00
8.8471E-03  4.6469E+00  4.2872E+00
8.8477E-03  4.6460E+00  4.2863E+00
8.8483E-03  4.6452E+00  4.2855E+00
8.8489E-03  4.6444E+00  4.2847E+00
8.8495E-03  4.6436E+00  4.2839E+00
8.8502E-03  4.6427E+00  4.2830E+00
8.8508E-03  4.6417E+00  4.2821E+00
8.8514E-03  4.6408E+00  4.2811E+00
8.8520E-03  4.6399E+00  4.2802E+00
8.8527E-03  4.6390E+00  4.2794E+00
8.8533E-03  4.6382E+00  4.2785E+00
8.8539E-03  4.6373E+00  4.2777E+00
8.8545E-03  4.6365E+00  4.2768E+00
8.8552E-03  4.6356E+00  4.2760E+00
8.8558E-03  4.6348E+00  4.2751E+00
8.8564E-03  4.6340E+00  4.2743E+00
8.8570E-03  4.6332E+00  4.2735E+00
8.8576E-03  4.6330E+00  4.2734E+00
8.8583E-03  4.6332E+00  4.2736E+00